0 25 2601 237 99 91 83 248 103 245 216 238 184 246 145 242 131 173 149 134 118 247 217 52 146 250 46 249 126 240 168 192 50 159 91 208 176 232 9 188 67 239 164 219 45 241 152 162 92 244 59 226 133
1 25 2274 237 151 242 110 223 211 249 203 244 152 161 17 196 212 21 40 243 42 241 210 182 234 181 10 235 141 45 175 125 58 202 98 227 172 173 235 38 195 248 147 57 79 229 15 154 248 222 219 174 3
2 25 2303 249 37 168 163 239 110 223 133 226 243 243 138 244 62 174 139 31 125 247 62 108 131 186 42 245 93 242 88 241 102 228 134 246 158 138 131 7 24 216 77 66 211 152 51 50 205 240 211 197 88
3 25 2390 168 19 227 93 242 69 244 174 243 109 239 173 224 244 167 6 249 84 204 220 248 137 164 21 240 99 217 49 196 116 234 41 126 204 198 178 33 106 162 147 117 147 85 102 179 68 245 231 130 107
4 25 2345 232 62 235 201 249 109 209 223 116 34 150 133 240 233 218 107 244 102 16 125 247 202 190 242 242 108 248 203 243 171 215 95 144 232 92 148 61 31 197 51 169 94 239 60 58 68 233 103 203 144
5 25 2450 246 171 233 186 61 172 152 20 247 211 248 190 249 193 156 178 209 49 212 184 244 62 214 60 220 8 240 178 193 180 34 154 234 240 245 154 219 144 203 236 111 166 235 5 30 120 224 237 241 225
6 25 2215 249 112 81 81 130 27 189 98 248 220 146 37 62 207 155 28 241 134 247 90 243 224 246 61 22 13 90 201 131 139 245 175 86 44 229 85 177 37 242 55 235 180 127 111 202 220 163 138 244 117
7 25 2482 249 190 238 37 229 44 235 73 241 54 243 230 208 145 17 74 226 187 200 156 194 57 248 170 246 147 207 183 146 115 164 224 145 213 219 128 177 29 206 150 247 1 239 161 24 90 184 116 232 62
8 25 2295 236 68 195 21 243 4 245 146 241 106 248 197 216 24 115 120 178 164 189 197 242 227 249 173 8 237 30 56 181 203 233 142 52 207 235 76 59 36 246 12 103 197 229 233 244 248 149 121 225 109
9 25 2459 197 213 134 168 24 112 248 108 246 92 242 94 233 144 243 192 239 76 249 34 152 202 238 34 244 70 214 172 185 225 245 7 195 203 80 16 187 215 33 128 211 143 234 196 247 12 170 197 228 152
10 25 2326 105 238 247 42 230 17 248 233 240 86 80 1 117 109 214 127 236 12 199 241 1 246 12 105 229 196 231 137 226 21 246 4 249 219 244 33 228 225 233 18 144 124 84 78 209 139 161 92 239 232
11 25 2329 247 11 152 177 234 62 232 179 193 68 215 209 207 104 2 151 126 213 13 157 176 178 151 102 239 195 248 155 237 197 244 216 173 112 200 245 231 183 133 17 196 224 241 128 246 241 228 77 94 181
12 25 2482 139 224 247 222 57 176 239 12 226 26 227 233 230 181 242 107 244 135 225 39 171 184 149 71 243 230 204 99 241 64 217 25 249 74 138 121 202 94 232 211 60 77 172 174 221 12 203 138 186 121
13 25 2547 249 57 167 182 245 56 164 213 247 143 230 172 226 77 171 27 240 103 231 125 227 109 241 237 239 90 220 19 196 49 244 109 246 240 212 163 242 194 45 116 204 60 155 82 194 195 103 232 157 79
14 25 2392 248 158 249 35 202 214 192 21 242 74 199 131 245 190 240 17 234 71 224 242 241 232 7 213 236 21 219 188 44 199 237 171 247 211 9 12 217 114 230 126 246 106 193 16 119 143 62 157 203 14
15 25 2352 246 60 194 25 229 111 239 151 162 139 244 198 179 65 249 137 106 10 242 247 247 73 157 181 164 24 222 159 230 15 140 146 167 68 204 44 237 241 221 58 54 120 124 20 156 234 126 5 165 135
16 25 2388 219 145 247 43 175 109 249 18 163 166 246 77 244 217 227 105 215 238 56 65 194 223 15 119 208 43 248 156 218 243 172 233 162 94 193 90 239 71 245 177 185 87 3 110 205 47 216 92 233 218
17 25 2380 245 21 247 239 246 207 155 246 130 31 88 109 243 46 220 219 110 155 213 148 147 205 158 216 160 73 227 55 224 209 249 183 241 215 18 202 204 92 248 94 242 107 215 180 219 225 111 186 200 15
18 25 2476 249 216 234 59 173 43 247 202 245 65 242 85 167 158 47 171 88 30 188 198 192 92 237 159 163 58 246 106 117 85 248 88 152 227 86 200 238 68 239 137 231 135 241 48 219 129 233 202 230 75
19 25 2395 12 150 226 237 249 124 240 233 227 97 248 123 233 230 243 10 176 89 236 130 232 201 210 40 241 152 207 91 197 121 181 210 246 43 6 98 177 215 219 57 148 17 245 95 139 74 237 9 16 71
20 25 2509 242 64 230 31 245 226 66 128 216 189 249 91 235 55 206 226 92 117 247 7 224 124 246 175 159 45 243 121 248 233 169 75 200 157 234 210 228 86 233 212 239 72 136 108 7 70 220 189 205 57
21 25 2482 210 203 245 201 58 160 27 14 197 239 247 234 156 154 240 34 246 8 236 207 243 168 238 223 173 205 109 35 226 228 249 83 229 97 212 137 216 209 225 4 123 6 235 48 150 130 248 31 227 96
22 25 2442 247 106 237 238 161 100 248 127 171 86 190 213 240 36 244 237 242 128 30 119 241 181 179 106 120 210 151 62 249 109 245 99 36 168 227 79 195 153 124 147 205 196 229 191 235 209 200 84 238 207
23 25 2412 248 151 240 43 228 160 134 201 49 151 249 231 233 136 221 75 32 138 239 123 244 89 122 127 243 11 224 142 237 52 214 55 173 112 205 107 231 153 219 60 189 203 169 214 227 177 241 121 14 113
24 25 2626 219 225 170 74 242 27 230 242 249 18 199 73 225 40 245 46 221 201 213 86 190 218 235 134 187 116 183 207 200 182 142 73 186 4 248 134 164 248 246 107 234 169 247 59 237 149 126 249 215 85
25 25 2730 243 197 244 208 247 202 234 61 240 146 222 110 248 184 246 222 157 162 249 163 177 69 164 140 238 58 172 55 218 224 199 234 208 136 196 87 242 28 239 167 150 37 237 38 245 27 235 25 210 204
26 25 2343 208 51 166 145 235 121 180 233 244 131 245 71 240 231 107 77 112 222 24 70 229 75 173 161 161 41 247 170 241 126 210 73 85 120 118 93 93 249 206 105 248 109 211 129 234 79 249 24 220 169
27 25 2569 247 30 217 76 102 165 249 230 234 200 248 130 242 160 16 178 236 109 74 148 233 249 243 164 223 244 244 31 139 175 154 89 215 99 220 29 245 147 207 229 225 55 246 190 230 21 241 61 208 127
28 25 2227 242 227 190 166 127 129 205 158 249 112 192 208 241 20 247 221 223 108 148 27 248 215 184 35 245 121 234 158 106 137 72 65 49 29 161 187 226 8 138 226 238 97 119 221 246 113 113 95 12 236
29 25 2413 249 246 235 198 191 66 241 229 146 211 246 14 240 226 72 52 153 154 248 236 207 8 196 51 136 177 225 8 138 69 229 157 212 229 178 87 244 59 234 136 90 149 226 230 174 40 243 239 74 246
30 25 2179 249 112 218 5 193 218 224 247 226 41 245 152 70 11 244 168 238 127 247 141 176 172 137 85 63 240 241 151 219 140 123 228 170 117 126 202 15 24 139 118 135 168 216 40 236 211 133 130 75 108
31 25 2306 207 237 218 25 245 201 247 124 248 208 241 232 122 57 239 171 229 77 242 23 235 84 246 23 188 201 136 178 223 97 149 211 209 7 119 46 75 11 249 221 225 124 54 28 80 224 91 39 95 190
32 25 2321 196 200 203 99 10 82 163 25 248 62 189 195 249 133 245 192 234 27 188 40 152 4 240 47 217 220 235 62 247 108 171 103 199 238 231 247 246 145 108 15 90 245 226 23 1 149 126 14 228 37
33 25 2331 241 51 216 119 87 128 142 25 240 169 121 56 237 48 200 42 245 94 246 61 248 26 175 112 226 243 196 198 247 217 230 27 168 52 78 40 219 249 228 84 249 34 42 90 86 238 73 142 223 177
34 25 2459 135 81 228 173 248 133 246 249 233 190 198 46 106 237 245 58 249 86 226 119 243 229 247 221 130 243 124 44 210 73 140 3 218 134 224 193 234 191 236 227 223 1 156 51 92 143 131 141 196 12
35 25 2230 245 25 247 128 85 137 191 36 249 35 238 46 54 139 164 55 219 40 148 205 123 120 34 169 172 137 232 14 69 115 244 176 201 139 109 27 212 113 174 243 181 82 246 176 133 93 248 188 243 52
36 25 2444 218 92 231 179 90 94 243 111 228 148 249 31 226 198 247 231 42 205 180 110 241 38 67 61 237 143 130 249 191 125 220 42 216 111 248 202 229 168 244 162 225 211 193 33 92 21 246 215 155 159
37 25 2545 201 143 248 5 217 72 213 219 226 25 233 226 125 13 192 202 245 111 241 48 225 22 196 172 198 107 236 117 220 250 247 106 177 177 176 222 106 151 249 69 188 95 207 83 215 151 159 87 150 86
38 25 2362 249 30 203 86 247 202 244 162 131 189 201 172 248 178 75 88 119 128 97 192 162 101 233 105 221 237 224 89 62 163 208 211 96 103 81 176 240 15 237 147 234 83 246 79 243 35 196 86 227 164
39 25 2439 247 87 78 178 235 93 216 183 241 122 193 7 236 101 215 72 232 70 243 207 159 58 249 239 135 183 240 4 77 5 242 25 74 152 207 157 139 22 230 222 92 92 248 35 237 228 231 104 182 165
40 25 2298 239 15 199 113 244 9 108 55 205 226 209 118 243 153 201 6 88 204 52 18 73 174 248 156 249 114 238 155 246 177 6 75 130 13 247 9 245 137 227 224 128 53 62 212 233 89 236 40 240 227
41 25 2597 246 173 37 74 249 116 238 74 247 135 209 209 248 79 231 20 182 32 133 154 218 69 203 74 244 107 223 43 204 53 245 55 183 124 237 241 242 206 166 85 150 212 235 175 201 10 239 185 185 169
42 25 2498 156 98 200 135 244 110 217 179 232 142 212 216 191 59 165 243 236 37 220 226 249 142 86 196 239 86 221 173 248 155 171 59 234 39 209 174 70 152 231 138 195 77 240 92 178 122 167 11 185 167
43 25 2297 241 207 249 98 246 96 242 86 130 82 236 115 227 216 133 122 247 65 164 177 143 129 214 248 228 42 248 190 175 182 217 16 243 226 39 70 172 167 196 50 71 59 94 14 91 211 139 202 210 182
44 25 2475 249 223 244 37 229 216 213 208 121 152 240 195 231 117 245 88 248 185 203 183 51 124 237 225 238 2 176 101 210 209 125 1 208 91 105 47 242 77 233 234 182 187 214 4 157 48 102 51 247 28
45 25 2173 155 195 207 39 240 75 249 234 248 179 109 58 134 249 229 221 62 225 164 57 139 122 245 119 244 165 246 213 228 69 188 201 131 226 20 16 243 166 63 88 26 70 171 222 231 175 209 12 166 235
46 25 2555 228 140 237 192 241 242 244 116 245 62 223 227 247 223 47 131 249 228 226 184 239 215 248 20 50 184 204 132 151 161 229 71 230 224 219 93 215 107 242 104 212 146 225 129 66 96 155 6 238 192
47 25 2417 236 206 228 245 152 172 129 70 223 91 244 195 224 213 218 165 248 92 249 248 211 51 22 156 134 20 231 45 243 110 222 69 226 68 106 243 194 180 214 240 239 153 164 165 241 221 153 166 83 16
48 25 2331 249 52 240 247 245 40 99 201 210 78 242 29 247 92 4 187 209 111 222 63 248 95 122 236 181 92 145 58 227 202 150 131 241 31 146 38 93 166 176 219 231 128 139 101 147 82 220 193 229 230
49 25 2322 217 4 128 234 224 141 59 113 246 212 249 126 119 117 218 1 130 101 248 83 180 34 238 112 95 126 230 176 82 163 214 51 129 29 247 193 186 248 243 95 206 32 181 83 158 21 198 210 220 71
50 25 2660 249 219 241 144 242 58 222 24 244 117 178 125 246 232 64 99 189 247 247 36 180 15 208 222 220 126 236 51 248 18 228 69 204 73 133 198 240 220 225 84 219 153 238 20 193 49 217 64 209 185
51 25 2484 249 220 246 246 76 146 238 221 57 209 244 138 233 13 245 55 217 79 169 59 228 109 79 39 166 187 248 14 107 148 240 222 242 68 243 59 147 20 230 125 143 250 231 92 203 189 247 28 241 122
52 25 2616 246 76 115 164 11 74 240 56 249 49 226 134 243 109 237 22 242 81 214 161 233 67 248 132 225 79 210 58 238 199 230 103 245 199 227 161 241 179 216 181 244 235 142 64 204 129 174 11 132 163
53 25 2426 246 51 244 187 247 149 245 142 236 228 199 84 196 101 108 137 209 123 248 147 215 200 238 226 241 192 177 124 121 195 243 107 198 74 200 50 109 81 242 235 179 28 25 157 187 237 125 93 174 142
54 25 2400 242 236 75 122 105 90 93 62 249 120 246 100 201 206 233 232 74 62 188 111 243 232 125 54 137 170 238 28 224 226 218 121 222 44 240 31 248 2 227 3 247 84 230 96 16 46 241 31 239 176
55 25 2506 241 148 245 125 186 216 244 133 228 79 249 87 235 138 200 109 207 146 171 243 109 30 68 61 246 84 161 74 165 13 167 114 238 186 154 58 247 78 230 86 126 238 227 248 206 36 221 76 242 237
56 25 2475 139 70 246 247 249 65 247 68 231 127 244 245 73 10 248 70 243 212 193 111 229 57 215 105 241 87 210 193 72 83 242 96 176 189 163 238 189 124 214 240 178 46 98 97 224 132 199 231 188 80
57 25 2558 249 180 228 101 232 140 190 15 179 220 237 239 137 60 212 215 234 240 248 230 240 121 58 159 247 53 244 98 229 64 239 159 143 244 246 175 231 71 200 239 115 127 215 246 236 223 119 169 209 15
58 25 2235 231 35 237 147 234 142 81 94 208 24 199 187 249 92 248 27 147 177 77 212 156 8 130 2 230 217 47 94 16 176 226 105 247 128 244 53 239 219 238 228 246 160 83 109 155 115 135 158 167 225
59 25 2493 113 65 203 104 209 84 248 80 133 227 179 214 223 108 119 222 241 130 236 144 104 224 229 142 227 19 171 246 246 77 211 84 111 167 243 106 238 12 217 157 242 173 222 42 244 108 176 6 202 177
60 25 2326 239 65 215 157 121 53 249 93 167 122 242 173 33 32 248 219 157 27 204 149 113 234 210 60 247 135 74 196 106 107 202 240 240 238 246 28 243 97 92 196 183 221 140 67 233 241 234 94 214 56
61 25 2177 247 204 244 144 237 200 242 123 78 249 130 158 249 81 223 79 205 120 210 164 213 11 59 144 224 120 248 225 54 123 243 90 26 236 17 232 217 1 219 95 226 81 67 164 47 48 241 37 188 248
62 25 2450 181 69 202 144 246 126 249 24 204 42 5 154 247 43 158 243 229 158 245 120 248 192 135 174 180 166 191 220 212 22 111 57 242 168 211 110 128 176 238 68 219 135 233 49 139 218 225 87 223 199
63 25 2580 249 185 225 75 248 142 246 28 174 6 171 37 236 106 128 22 234 59 243 71 163 132 235 168 241 68 238 27 228 90 209 94 133 95 239 21 101 224 247 120 233 48 192 183 242 103 76 162 230 102
64 25 2457 180 173 178 71 229 205 91 39 84 143 219 247 165 220 244 6 242 55 226 131 248 236 159 55 249 3 240 4 189 102 209 86 247 167 142 134 182 129 223 238 243 227 206 74 246 215 66 50 208 240
65 25 2450 226 17 243 127 247 213 248 244 69 211 244 120 242 183 126 197 240 180 246 110 170 52 178 101 148 210 221 140 40 241 219 71 225 76 236 246 249 39 233 178 196 33 239 207 47 35 169 89 199 192
66 25 2614 119 112 249 237 237 109 246 210 208 166 216 131 242 67 204 40 103 1 248 54 172 21 245 35 240 235 209 148 219 131 234 78 84 59 221 1 231 184 239 154 238 25 227 16 152 97 230 215 215 86
67 25 2438 249 14 244 97 246 166 247 52 156 21 238 203 181 191 248 56 224 53 191 76 207 157 212 143 219 156 163 152 245 39 243 112 167 125 2 242 206 76 74 145 195 73 60 159 218 180 237 61 205 67
68 25 2227 249 184 127 217 115 238 242 185 74 31 199 17 140 249 229 32 240 214 133 7 160 119 241 125 135 91 163 108 176 20 235 89 247 150 47 62 104 115 177 183 246 121 248 191 125 148 244 134 158 89
69 25 2303 86 48 203 169 25 165 205 68 246 221 77 190 228 42 154 209 156 204 214 139 233 165 245 137 247 13 93 6 173 43 248 80 24 213 223 78 225 180 234 68 165 240 249 250 219 218 195 211 239 24
70 25 2202 248 30 80 164 239 103 237 234 224 93 234 237 66 70 102 26 228 107 174 21 236 250 67 28 171 194 177 18 184 2 4 186 241 154 100 21 181 129 246 167 222 134 136 225 175 202 207 183 225 81
71 25 2378 240 180 247 42 170 217 205 43 233 108 163 12 249 53 243 126 166 123 58 197 150 76 248 195 203 182 55 247 154 105 220 10 206 229 167 125 235 153 246 53 81 242 112 28 230 7 244 116 232 182
72 25 2448 213 201 239 194 215 116 248 130 171 10 210 174 249 92 72 143 246 246 30 178 232 122 216 178 220 25 154 182 229 160 186 209 240 108 247 162 129 120 243 153 214 104 228 46 127 62 133 243 206 123
73 25 2404 213 156 242 145 246 48 244 50 210 52 232 84 68 136 93 215 104 171 220 177 223 106 239 20 158 7 47 61 235 17 141 69 142 131 196 123 219 91 208 17 203 60 243 176 247 157 199 86 237 11
74 25 2430 244 202 225 147 249 203 84 225 169 199 238 143 86 85 246 141 128 204 234 117 149 114 248 229 231 60 139 115 224 131 236 84 239 76 219 79 240 115 232 178 135 137 195 196 20 163 204 16 247 159
75 25 2442 172 175 243 13 228 153 248 188 152 174 58 204 233 140 237 123 227 4 238 200 246 77 249 17 211 106 247 112 170 185 145 171 225 228 208 152 35 134 224 135 199 122 24 85 245 66 214 43 206 144
76 25 2466 249 231 159 241 240 146 217 13 214 110 158 218 229 28 77 234 131 200 196 66 247 50 169 61 226 21 224 141 149 191 210 131 238 166 233 234 241 48 218 84 248 150 215 201 192 117 7 97 245 152
77 25 2331 212 127 74 92 248 114 97 31 244 100 249 110 227 24 232 233 246 49 238 185 247 201 149 51 208 198 236 120 230 182 57 192 122 25 94 58 237 142 159 233 198 90 241 212 148 141 239 215 31 179
78 25 2518 168 234 245 231 246 150 243 235 247 54 249 202 248 90 234 248 225 235 163 194 214 86 211 66 230 198 182 4 123 88 187 168 80 80 242 195 36 193 226 97 136 3 244 248 223 147 241 205 193 20
79 25 2400 241 137 210 1 44 163 230 50 235 91 70 28 183 17 192 126 199 96 200 147 227 47 218 241 247 169 152 173 195 230 242 185 248 4 219 123 249 198 245 34 151 146 239 27 123 151 3 158 238 195
80 25 2356 175 172 248 54 168 174 246 54 165 1 107 57 237 98 227 199 195 196 94 220 244 41 90 48 238 126 247 186 249 69 120 22 221 122 205 88 30 150 224 230 203 32 92 23 229 222 236 1 222 218
81 25 2385 249 183 233 51 117 93 243 182 224 183 247 159 160 132 200 55 248 136 228 28 33 16 246 210 213 95 194 180 205 140 150 182 191 76 183 31 179 208 189 62 93 1 193 187 237 120 225 87 90 107
82 25 2440 163 205 110 182 200 90 143 55 85 113 72 45 243 135 216 245 227 11 249 142 154 162 238 126 244 134 214 74 160 197 248 54 241 26 247 89 73 24 237 168 246 82 239 106 213 224 173 219 245 68
83 25 2181 231 181 236 61 238 37 6 93 83 221 240 191 123 41 249 199 211 27 246 24 186 53 174 236 239 44 48 199 107 107 247 203 154 249 175 55 32 15 235 117 244 160 248 216 179 123 62 82 170 161
84 25 2431 175 76 240 167 236 243 234 176 248 228 221 186 243 109 249 12 209 231 90 204 204 10 205 45 153 129 241 222 36 58 181 156 244 151 115 78 190 76 235 52 247 135 172 1 38 97 238 176 218 57
85 25 2601 146 188 169 178 246 87 49 138 187 49 243 211 199 181 211 208 241 197 247 248 105 74 235 167 248 148 231 228 234 36 209 139 249 64 232 241 194 55 222 175 218 76 238 231 213 66 197 98 240 89
86 25 2460 248 10 243 70 249 67 245 95 198 12 247 42 235 165 244 163 226 250 240 207 242 224 39 41 232 224 33 106 236 209 246 149 225 149 105 108 224 21 111 223 227 25 208 135 9 158 234 14 174 186
87 25 2398 212 20 246 3 33 18 249 37 244 231 200 36 90 133 235 94 78 232 248 46 241 120 178 159 237 52 217 214 114 209 242 31 188 27 247 39 192 104 236 172 32 154 167 194 239 124 245 197 186 169
88 25 2589 248 195 170 74 169 135 239 109 247 67 229 186 174 134 245 207 63 147 243 203 222 35 198 228 237 126 218 59 234 190 235 20 211 184 236 20 231 184 70 55 246 88 176 105 221 123 175 136 241 60
89 25 2415 140 59 177 244 246 52 233 217 249 121 245 197 42 193 95 109 240 65 248 81 31 29 238 133 243 57 247 161 24 89 219 177 205 90 215 249 242 226 193 113 217 100 216 205 234 71 223 184 169 13
90 25 2687 245 79 249 166 234 2 248 118 233 229 140 193 243 187 236 200 193 22 226 119 219 169 225 197 152 191 246 134 240 199 87 235 228 76 167 10 223 119 128 248 241 232 244 84 242 74 239 102 247 54
91 25 2255 223 228 235 26 78 56 9 128 65 25 221 129 191 232 38 14 238 213 213 93 249 192 46 44 193 9 243 114 195 45 237 197 163 19 199 66 179 213 222 70 224 246 242 37 183 184 247 203 177 129
92 25 2540 219 236 215 231 210 224 222 108 176 155 244 89 247 40 249 114 198 236 246 124 186 201 46 148 179 116 205 211 199 138 236 149 233 230 232 130 218 29 235 12 248 208 221 11 102 192 245 16 69 1
93 25 2351 227 27 246 213 231 170 234 66 165 92 56 249 249 201 172 200 192 123 245 123 244 66 213 126 206 219 208 172 37 15 184 21 247 244 60 99 202 120 248 47 123 158 243 32 51 202 217 82 203 95
94 25 2648 238 140 245 144 126 56 248 198 203 57 199 128 234 138 249 185 223 156 246 99 236 236 209 66 135 233 231 60 210 103 197 134 191 26 188 220 189 225 244 2 143 69 241 122 205 131 237 100 230 3
95 25 2607 249 182 243 12 229 129 248 128 108 64 242 173 244 216 224 74 76 93 245 202 106 214 213 55 247 212 241 224 239 240 246 78 234 40 231 108 184 52 233 222 199 179 235 78 114 68 198 77 187 80
96 25 2370 238 14 118 224 73 113 164 45 249 226 221 112 237 62 83 187 248 71 244 17 98 55 222 13 246 75 242 202 224 140 216 91 245 128 208 23 247 232 214 3 239 27 134 243 202 177 51 9 78 7
97 25 2207 197 244 205 95 161 186 148 51 109 25 248 168 98 136 244 26 76 222 247 203 77 73 208 32 240 66 212 65 249 13 170 81 25 95 216 187 151 64 245 74 224 42 93 5 204 213 206 56 162 98
98 25 2132 235 116 126 153 71 32 157 141 176 144 240 246 206 218 247 128 150 77 246 2 205 195 65 143 249 52 248 43 222 199 121 158 60 117 70 180 24 210 239 178 194 82 146 125 142 199 200 199 226 94
99 25 2378 242 109 247 135 93 107 70 172 30 43 248 21 145 84 220 203 249 150 205 220 240 196 231 72 126 133 227 23 128 228 186 74 191 183 225 194 246 53 209 163 165 165 137 193 236 196 216 14 245 89
100 25 2096 187 77 182 183 44 26 165 16 227 119 35 81 200 165 135 151 226 107 236 197 74 41 233 194 11 28 249 103 246 127 125 2 237 215 238 248 70 221 110 150 243 88 207 239 234 61 216 194 63 230
101 25 2351 241 242 245 8 247 10 237 4 159 168 244 165 162 153 248 138 230 184 243 170 32 167 67 247 68 145 152 34 127 160 214 178 182 58 240 166 228 209 246 73 66 179 221 110 239 147 235 247 129 48
102 25 2509 246 246 175 60 237 56 213 144 247 140 229 191 215 223 249 111 189 96 245 84 236 179 232 185 117 189 230 173 235 85 5 231 220 31 202 247 47 183 112 246 188 55 243 54 223 223 240 5 244 228
103 25 2325 247 226 236 51 248 203 186 136 209 229 170 227 235 96 59 12 249 121 211 5 84 238 76 113 219 134 71 209 141 123 241 30 240 237 229 120 158 198 246 53 237 221 245 192 31 79 162 99 221 92
104 25 2198 243 128 143 40 238 180 183 167 227 105 221 98 241 215 247 192 249 61 101 85 240 231 189 169 248 241 115 175 246 235 102 87 188 147 245 12 3 219 234 232 50 133 182 231 32 187 34 103 196 107
105 25 2471 146 167 244 213 185 113 248 196 64 197 237 124 240 45 241 116 249 101 238 74 234 134 221 112 242 28 243 43 70 72 88 161 246 2 223 149 216 138 149 122 106 185 232 163 164 127 187 186 229 148
106 25 2306 80 154 235 147 227 198 248 215 56 121 189 148 127 43 249 13 225 226 245 200 213 198 59 138 205 203 208 202 207 180 51 15 231 240 178 133 244 139 210 184 41 152 232 209 224 227 216 203 212 207
107 25 2120 210 186 171 62 9 160 157 24 239 35 247 96 249 237 170 157 197 211 44 198 114 215 204 27 148 130 248 185 35 144 199 128 166 192 185 90 229 46 109 125 141 178 244 216 72 89 234 4 220 235
108 25 2298 236 89 228 67 179 211 245 149 248 219 90 216 226 122 210 112 234 243 237 228 104 43 249 63 163 160 174 185 246 18 141 198 244 245 227 151 178 80 243 140 134 127 157 140 38 243 165 157 1 153
109 25 2603 231 52 204 105 238 177 249 80 220 245 222 25 245 1 217 202 169 60 206 90 143 45 214 14 247 165 161 25 153 121 243 233 157 173 72 153 244 217 234 235 240 250 248 229 207 140 246 74 196 243
110 25 2320 74 93 226 108 200 181 191 52 247 72 246 88 227 59 249 13 245 241 228 73 216 239 138 21 83 104 127 19 232 193 182 160 218 144 142 154 242 135 240 236 159 225 207 105 60 87 183 63 79 6
111 25 2398 236 130 235 168 75 9 241 32 39 242 242 191 225 54 110 23 38 245 245 8 115 37 192 6 221 16 249 150 231 219 239 198 246 17 68 131 247 179 205 209 237 173 204 120 196 52 248 6 212 156
112 25 2358 246 103 231 236 245 140 186 180 203 106 244 39 249 66 235 39 247 250 217 133 222 142 147 49 242 122 39 129 241 30 219 113 200 211 248 175 181 130 229 229 40 63 93 40 240 50 6 43 67 26
113 25 2220 96 213 247 103 232 181 122 145 248 131 50 173 229 209 218 195 240 117 58 166 165 184 167 159 245 9 192 60 28 132 230 174 227 113 244 228 224 19 151 247 72 39 242 160 202 111 231 169 80 99
114 25 2317 249 51 54 151 200 146 225 36 33 109 233 81 45 16 223 146 204 83 246 137 201 100 247 104 222 172 202 210 126 121 236 210 235 133 87 211 228 151 186 12 211 109 187 34 151 192 159 234 245 92
115 25 2406 249 106 236 111 248 97 247 48 207 117 12 83 220 107 210 60 38 13 224 167 243 57 156 142 90 14 231 87 217 63 226 13 235 149 129 181 246 230 6 94 233 135 244 242 232 144 238 24 196 44
116 25 2357 247 199 249 148 226 30 230 8 228 61 234 109 237 246 81 135 238 76 141 218 34 190 194 214 231 224 129 43 248 165 218 162 206 170 138 42 239 246 38 241 198 122 243 66 245 157 225 202 18 202
117 25 2342 248 21 249 151 194 164 244 235 104 135 224 6 111 185 198 26 81 238 235 188 227 169 245 34 209 93 99 199 86 213 242 132 233 64 168 95 80 155 162 30 240 149 180 246 247 84 156 212 222 15
118 25 2429 184 219 239 98 221 63 217 6 176 47 173 42 245 28 109 207 249 16 247 153 240 114 52 230 178 209 16 10 205 128 220 117 66 48 219 145 246 238 242 152 214 150 211 140 248 183 225 68 216 210
119 25 2425 88 4 171 143 237 7 225 138 249 99 247 2 217 18 244 216 196 134 143 212 112 136 231 108 147 235 245 171 181 3 212 54 239 182 223 63 113 201 242 150 182 74 246 36 74 239 167 132 219 148
120 25 2541 249 108 106 75 231 151 240 171 207 122 224 175 230 177 237 20 243 239 248 241 184 248 245 207 215 161 150 124 210 34 175 15 117 50 116 245 130 13 247 133 191 158 229 1 235 143 196 144 227 244
121 25 2481 235 51 249 20 204 135 190 110 238 206 242 137 233 101 183 226 247 73 244 76 167 102 223 194 240 15 134 187 201 61 246 205 226 134 211 111 137 198 224 107 44 103 239 129 148 69 69 194 188 180
122 25 2360 247 158 249 28 99 136 219 121 167 167 204 58 246 36 217 6 245 188 202 162 213 90 152 164 51 207 244 30 67 138 215 239 212 204 164 244 184 28 187 42 91 193 235 194 232 151 248 68 130 177
123 25 2197 57 4 237 80 83 160 146 246 245 48 249 86 39 139 75 70 46 114 248 111 247 222 243 5 165 129 225 164 183 162 64 110 230 175 246 130 234 66 112 62 206 171 217 221 228 162 138 103 231 231
124 25 2337 215 11 249 7 146 76 186 2 244 241 242 217 163 111 236 128 247 14 240 57 17 152 245 223 217 147 248 216 109 84 238 215 230 188 189 157 226 139 202 242 122 69 35 80 155 181 76 205 197 201
125 25 2334 121 213 238 242 245 138 248 89 242 1 114 99 246 21 193 135 230 170 172 26 232 113 75 172 160 95 131 168 199 73 223 39 249 138 129 141 188 98 3 152 151 120 207 207 210 246 244 109 219 181
126 25 2251 58 183 33 74 132 60 239 162 248 160 27 93 206 125 219 237 240 139 246 40 210 112 23 107 238 146 249 122 231 240 170 62 149 170 242 246 244 59 158 96 200 65 236 145 232 199 217 28 55 226
127 25 2416 228 18 206 170 130 179 160 221 243 196 222 109 71 159 231 192 248 192 249 205 174 11 247 159 230 88 244 207 197 191 234 203 79 224 171 212 175 123 184 67 236 200 183 83 245 58 233 170 12 186
128 25 2470 244 130 247 148 214 27 249 37 245 63 246 192 238 132 33 144 248 101 243 73 215 111 211 93 225 141 232 151 51 112 213 99 145 158 23 122 235 209 144 130 223 38 236 62 163 35 212 170 206 245
129 25 2364 61 235 73 192 231 146 232 218 157 67 205 2 217 112 107 158 148 79 188 200 245 98 246 130 116 228 228 220 249 15 166 23 192 66 234 173 225 167 248 244 200 39 199 135 222 104 203 219 137 118
130 25 2546 248 91 247 8 239 205 130 246 240 210 212 160 233 223 244 229 142 1 153 199 207 122 238 142 162 56 217 105 61 64 211 109 222 157 133 152 243 222 241 221 135 63 245 64 199 138 249 66 242 45
131 25 2229 245 182 246 43 249 203 248 60 207 171 134 106 42 69 236 237 238 240 247 11 205 215 27 86 221 7 35 20 174 99 44 46 239 111 171 70 115 65 226 157 80 22 196 20 217 33 192 69 224 230
132 25 2455 243 111 248 222 247 62 122 234 240 175 191 90 239 10 249 180 242 2 241 112 231 110 222 1 10 140 5 164 236 221 244 131 246 189 60 213 6 230 210 111 235 118 238 55 237 203 223 197 245 101
133 25 2491 247 128 248 19 233 163 175 111 96 213 242 138 218 201 208 224 41 85 135 59 234 146 245 20 207 226 209 63 243 237 217 222 240 83 246 150 199 127 49 73 235 133 249 86 183 180 153 203 231 187
134 25 2510 198 40 103 28 249 15 227 167 219 160 246 71 203 112 248 229 186 38 235 197 173 237 241 160 191 182 185 12 244 143 228 167 245 54 192 87 165 191 239 50 107 48 167 225 181 45 134 63 214 210
135 25 2430 214 70 231 93 244 167 249 30 248 142 187 71 237 69 195 80 215 183 233 68 226 243 240 17 247 168 245 61 200 246 87 20 219 137 243 29 31 148 141 242 2 196 216 148 246 47 36 128 229 75
136 25 2271 246 103 221 123 235 136 244 36 248 130 249 233 113 99 51 18 134 106 211 70 222 84 243 144 103 138 144 69 237 235 245 200 163 24 232 175 168 24 166 236 225 230 95 50 91 33 61 230 195 108
137 25 2411 157 227 220 212 246 94 195 227 243 94 245 45 209 73 248 155 2 219 238 69 228 214 39 159 225 193 202 147 241 51 235 106 247 186 249 31 93 87 108 80 144 170 236 131 242 47 114 209 217 90
138 25 2448 248 131 243 22 249 128 208 214 145 109 1 36 131 183 241 189 247 243 237 196 218 118 202 195 234 132 215 150 158 184 209 150 244 197 239 132 222 172 245 70 166 74 210 148 18 87 191 108 175 26
139 25 2347 245 16 236 120 244 30 238 150 168 180 90 181 213 143 210 160 233 45 228 65 249 209 198 175 179 87 248 101 145 121 247 106 246 190 125 219 75 197 241 218 158 125 133 135 21 88 222 147 103 93
140 25 2195 248 213 222 185 214 104 249 69 219 241 213 166 247 51 30 1 232 1 199 50 217 101 37 71 48 248 243 186 21 142 240 10 154 143 244 220 84 244 242 125 233 146 207 15 145 39 178 132 25 148
141 25 2549 244 90 247 205 248 60 183 36 224 136 245 108 204 248 213 119 242 181 142 161 84 130 249 180 237 109 221 179 229 169 231 6 235 192 219 102 6 184 239 245 243 158 246 207 143 206 98 87 227 92
142 25 2506 248 235 210 62 246 80 141 155 114 60 215 225 232 105 241 179 239 100 247 136 192 239 194 176 249 93 172 109 233 102 178 19 231 51 185 192 198 246 174 70 223 35 236 25 79 101 117 185 219 189
143 25 2418 114 174 225 241 226 123 96 36 249 123 233 157 224 3 247 81 235 177 241 129 229 176 116 209 237 128 192 16 240 233 187 249 16 99 248 64 242 159 94 20 193 28 232 22 243 176 132 154 146 48
144 25 2281 130 132 183 38 13 78 217 239 238 89 246 249 141 110 187 135 105 35 58 106 122 97 201 209 247 65 244 4 240 44 242 43 239 140 249 139 248 42 204 164 56 148 140 245 243 170 233 54 136 222
145 25 2244 159 53 249 192 235 180 238 3 120 187 51 169 246 181 41 22 207 113 184 249 247 141 241 221 217 67 150 151 236 9 62 192 216 107 202 149 232 90 209 201 153 111 112 81 248 30 221 229 13 113
146 25 2384 153 123 248 151 145 6 238 249 88 136 171 188 234 136 240 78 221 1 168 46 225 151 159 212 244 97 156 236 236 83 193 209 97 129 177 236 213 6 249 50 247 95 169 2 235 159 191 34 71 27
147 25 2482 247 90 189 21 244 53 241 111 246 59 230 134 226 68 245 71 151 109 229 74 242 241 159 196 222 59 232 193 193 77 234 181 249 217 176 58 214 143 216 246 187 6 149 84 29 90 32 244 183 229
148 25 2149 220 83 138 99 244 197 174 71 22 32 247 7 226 104 225 102 239 65 83 100 209 41 233 7 240 73 248 6 243 11 100 77 75 113 181 161 249 203 238 131 111 171 60 203 61 212 15 178 217 180
149 25 2259 208 64 132 120 245 87 234 56 44 248 249 93 131 89 57 215 244 44 193 38 236 60 200 92 246 186 170 190 96 46 243 26 133 152 113 129 210 4 222 157 228 50 73 75 155 57 209 183 247 152
150 25 2294 246 19 217 32 249 149 220 161 56 170 225 246 244 104 247 161 243 77 235 55 146 61 248 110 242 213 69 36 59 120 231 26 89 174 71 117 101 228 233 16 213 187 176 202 105 94 187 127 237 92
151 25 2277 154 21 245 245 156 139 69 57 81 11 74 157 235 124 249 35 204 227 240 176 247 156 51 84 248 145 77 165 162 135 226 96 218 153 242 140 222 26 173 69 229 205 244 191 232 111 111 66 166 129
152 25 2505 174 197 249 92 222 54 243 45 142 54 206 148 238 250 232 222 239 131 244 38 245 37 170 110 208 225 180 159 247 6 90 19 197 101 209 141 192 63 225 187 241 236 1 141 217 247 153 53 246 138
153 25 2554 248 120 232 219 241 134 239 81 244 182 249 91 148 54 202 96 169 157 72 187 146 107 205 114 243 98 246 47 155 204 178 182 108 179 228 20 235 59 227 172 247 214 223 249 242 42 194 170 187 22
154 25 2243 248 154 245 170 249 211 239 97 213 128 90 28 235 1 52 61 86 37 243 93 247 180 172 74 138 152 191 186 111 24 240 102 70 231 29 202 216 69 205 192 236 145 201 216 204 169 180 43 147 182
155 25 2281 115 148 239 15 235 27 59 74 187 84 136 209 217 198 240 174 225 231 78 219 242 250 233 18 247 137 173 61 172 166 224 214 188 223 90 117 241 90 226 64 10 30 123 127 249 183 248 80 165 114
156 25 2598 240 16 247 157 242 55 218 212 246 10 243 85 248 33 229 224 244 100 84 217 245 166 249 173 170 247 238 193 181 154 200 150 165 250 207 133 223 122 241 183 198 203 239 83 47 3 189 49 164 140
157 25 2199 124 135 231 218 89 221 151 127 27 247 180 203 246 166 98 20 221 195 107 90 165 237 245 196 237 223 238 119 200 120 233 234 60 99 244 125 247 16 226 137 207 171 126 248 174 58 74 236 249 30
158 25 2381 248 243 214 110 177 136 45 30 249 179 196 152 243 26 247 223 241 45 156 156 174 199 190 48 244 29 208 137 245 132 213 97 110 17 230 235 211 137 231 145 138 65 2 153 242 245 69 219 240 176
159 25 2424 248 189 218 75 106 224 249 220 229 185 209 178 215 52 54 240 184 240 239 203 240 37 186 135 235 182 214 221 162 21 247 5 180 25 243 219 165 211 236 91 17 5 222 198 223 194 81 195 246 74
160 25 2229 223 37 197 244 248 46 249 215 215 148 244 191 232 11 177 181 59 110 241 102 217 141 228 151 83 19 222 212 183 190 51 206 60 201 233 105 221 83 90 7 8 63 199 69 123 222 242 226 214 249
161 25 2557 236 84 239 226 3 205 244 99 27 146 235 160 171 112 178 2 186 160 249 158 222 143 237 80 238 241 242 29 91 2 231 127 232 16 247 118 246 225 193 63 248 46 245 210 243 233 240 2 191 171
162 25 2226 154 146 239 100 241 222 74 37 204 102 249 157 171 146 46 209 248 108 235 174 170 220 2 237 240 166 234 137 34 131 243 163 186 110 179 9 106 19 217 119 246 76 242 221 44 90 247 218 201 150
163 25 2306 242 171 248 148 227 151 247 13 220 54 235 16 117 240 8 66 193 250 244 29 238 117 237 62 207 4 173 214 168 168 234 27 38 204 169 245 233 79 34 140 141 45 249 4 26 225 246 179 239 237
164 25 2364 244 211 240 114 81 59 248 229 232 4 249 6 246 230 242 5 235 229 194 4 126 146 245 58 120 124 34 33 234 118 238 26 104 224 97 26 241 58 117 128 214 105 198 159 239 31 63 203 247 39
165 25 2580 169 180 239 126 249 165 194 61 215 61 76 1 232 26 210 238 240 64 242 41 207 153 204 29 247 131 228 105 241 159 216 136 245 115 244 40 248 193 30 98 115 114 223 130 236 67 167 155 243 72
166 25 2177 177 249 247 150 245 186 242 180 239 50 117 162 249 171 248 213 122 134 188 196 243 107 195 233 231 80 244 214 27 81 181 81 166 113 128 149 29 127 216 224 118 44 13 104 15 89 240 8 234 124
167 25 2016 200 221 153 55 49 232 76 84 223 80 97 238 247 232 194 117 244 80 233 15 249 157 236 213 242 176 237 93 26 24 245 219 186 78 183 49 7 1 231 235 62 15 137 215 102 155 103 223 70 186
168 25 2360 84 58 239 14 244 46 217 127 207 122 245 55 248 103 246 34 227 105 224 15 247 236 216 237 111 187 249 74 240 13 79 126 199 18 15 114 242 243 230 126 219 26 57 73 118 209 85 30 232 33
169 25 2469 216 39 239 84 18 192 242 57 114 40 227 1 247 10 249 105 232 229 243 226 217 110 244 204 212 194 245 155 221 182 238 145 237 61 90 249 190 100 182 60 233 246 235 7 180 40 154 220 34 10
170 25 2264 244 236 133 40 186 11 248 215 231 110 247 41 237 4 249 112 240 46 239 245 103 25 207 33 200 225 50 28 197 209 236 131 182 55 245 75 190 128 246 209 127 104 46 1 195 126 48 83 3 58
171 25 2466 215 118 97 200 244 28 233 169 249 153 96 78 246 220 236 194 176 146 241 32 207 5 231 211 248 124 243 141 134 218 247 230 163 70 210 71 239 195 172 108 220 17 85 110 183 104 100 134 217 182
172 25 2445 249 94 236 120 239 187 139 217 163 224 241 243 84 144 145 85 247 214 242 232 208 28 193 100 230 199 233 201 155 161 219 70 179 18 107 166 216 76 169 191 176 208 152 102 224 40 201 124 243 41
173 25 2434 245 190 211 31 150 44 187 65 249 68 242 192 239 51 130 76 248 9 232 125 184 147 201 206 212 238 246 182 235 211 5 168 145 129 247 139 129 78 244 142 219 105 99 179 237 176 243 140 89 36
174 25 2212 242 163 75 185 237 176 212 130 161 113 115 37 56 108 225 19 249 243 187 219 241 114 148 34 247 33 238 216 85 44 220 180 245 82 15 178 248 171 227 201 163 138 200 150 37 97 235 78 117 157
175 25 2596 237 70 214 109 174 53 235 52 115 173 249 207 247 180 243 85 233 167 242 121 16 221 135 85 241 25 246 212 236 232 240 239 230 78 238 202 181 28 248 147 228 210 244 238 178 125 234 104 108 146
176 25 2399 229 132 246 176 236 243 144 216 234 77 245 151 244 9 53 207 199 4 74 166 62 174 235 6 224 187 248 83 247 97 238 197 61 16 204 18 101 26 159 225 249 57 232 141 239 10 170 231 226 76
177 25 2366 175 167 249 201 216 202 220 210 245 24 232 199 115 148 215 163 246 243 231 83 202 64 54 237 243 127 65 201 248 39 168 192 28 206 238 244 111 51 182 103 237 106 166 145 247 31 177 218 222 245
178 25 2344 246 237 241 23 204 67 248 239 240 222 249 27 91 46 192 55 187 176 152 135 215 93 245 210 244 18 227 89 232 21 239 166 141 147 96 156 118 144 165 2 95 213 94 108 186 84 120 156 222 36
179 25 2610 186 81 180 32 239 217 240 244 241 145 237 24 244 109 213 61 248 167 206 88 249 81 192 215 228 86 234 106 221 123 41 201 225 187 246 165 190 115 243 143 242 165 247 191 135 123 205 22 88 77
180 25 2466 245 178 187 52 248 248 244 203 98 209 249 72 152 221 116 143 182 187 237 230 111 246 222 119 180 205 148 88 228 75 231 181 174 150 194 70 160 170 247 164 223 111 242 151 157 181 243 146 214 224
181 25 2380 248 173 67 185 109 205 249 57 163 163 220 125 244 212 204 104 243 20 237 202 245 244 233 135 247 207 91 223 114 127 115 155 98 195 223 34 160 245 157 127 234 86 210 124 241 115 194 196 215 188
182 25 2296 214 56 248 163 112 84 121 208 231 13 207 236 240 4 195 52 128 140 119 72 245 224 71 3 167 72 56 122 30 14 249 51 247 96 203 14 244 178 235 141 234 226 164 188 241 220 193 171 198 112
183 25 2411 238 134 136 150 165 215 244 152 242 10 161 80 249 199 246 248 229 23 224 68 241 171 89 168 248 184 188 29 223 95 245 76 181 201 191 9 14 142 111 219 207 165 240 177 75 16 226 51 210 187
184 25 2282 155 156 197 205 245 152 219 59 247 106 112 95 57 68 204 231 187 150 249 143 240 182 61 206 192 134 144 71 131 169 217 118 159 231 238 186 208 128 186 226 121 3 246 227 213 26 228 64 109 29
185 25 2337 43 12 154 70 242 50 245 3 137 151 238 30 233 196 248 15 226 45 235 11 229 60 121 213 223 225 239 187 185 181 196 246 249 77 81 198 100 84 51 194 197 168 243 18 240 227 133 57 187 233
186 25 2261 139 176 249 171 248 187 74 128 246 22 237 12 198 142 151 47 245 140 230 187 200 13 197 228 156 22 214 18 34 3 238 109 244 8 243 238 95 218 108 28 190 42 92 181 247 73 40 157 208 191
187 25 2423 241 62 113 129 120 162 222 185 247 27 192 159 248 89 239 127 207 109 249 76 58 249 135 123 244 141 21 220 242 214 47 83 233 133 181 28 240 189 246 133 243 59 227 33 230 82 209 230 212 246
188 25 2351 233 166 192 194 225 164 247 63 109 145 234 234 4 40 249 52 196 50 129 155 248 5 182 150 245 24 222 103 76 190 212 117 221 95 227 129 217 23 200 206 240 195 75 99 235 206 242 142 43 173
189 25 2334 237 131 57 167 243 72 234 224 241 105 247 232 244 238 249 54 231 237 124 74 248 15 203 124 115 250 63 206 181 238 55 68 246 148 221 103 194 131 109 171 162 200 85 19 214 55 242 161 224 194
190 25 2182 246 143 88 24 239 60 87 143 3 21 186 205 145 246 129 163 249 129 241 133 232 249 228 220 242 51 106 225 247 165 204 67 226 199 137 244 201 203 20 236 230 79 179 175 185 154 152 10 163 24
191 25 2441 248 166 194 125 240 31 229 179 164 168 196 162 246 45 242 186 131 95 46 80 225 117 245 124 231 72 244 75 247 18 238 211 233 160 181 176 249 9 192 20 191 114 235 181 178 23 52 156 6 50
192 25 2699 248 43 177 38 239 181 193 142 181 119 230 13 244 5 236 249 249 22 241 76 171 183 223 51 233 64 110 215 246 248 198 187 165 94 225 43 188 205 218 163 247 172 232 3 245 145 222 123 238 222
193 25 2422 226 32 236 148 231 149 249 29 219 247 132 56 245 231 222 137 240 139 91 30 164 11 244 150 160 28 211 47 223 66 229 206 248 23 162 223 246 5 98 73 42 250 215 117 159 152 239 118 113 206
194 25 2195 205 203 176 211 233 155 92 113 193 118 221 190 249 40 246 212 230 223 215 57 240 82 93 26 64 85 14 31 207 232 195 131 225 61 238 51 73 10 228 239 68 17 212 137 20 166 247 240 206 159
195 25 2394 249 82 72 82 242 94 240 129 233 94 111 98 246 197 216 191 234 95 21 161 189 225 248 51 213 68 81 30 179 86 206 39 66 112 178 106 235 216 245 18 221 134 247 10 153 29 220 241 244 13
196 25 2565 243 141 247 234 214 110 171 129 76 246 59 151 246 126 233 75 162 138 236 59 249 182 242 25 244 160 141 189 222 249 238 93 208 94 234 221 190 174 226 21 245 61 175 121 235 43 228 27 166 138
197 25 2324 87 155 244 15 246 98 51 174 185 47 45 6 221 57 134 199 21 150 243 230 249 26 247 45 43 124 228 202 248 119 245 174 187 155 217 147 241 142 136 88 234 132 218 83 235 143 230 108 214 52
198 25 2444 249 249 241 11 216 210 199 31 173 129 206 182 244 190 28 114 66 199 245 59 214 53 188 130 193 119 48 80 248 175 239 55 226 109 246 197 160 93 225 3 179 69 236 231 146 137 238 130 235 167
199 25 2315 174 164 246 48 242 97 238 237 149 104 229 91 155 234 249 229 37 78 239 112 213 164 13 233 234 228 245 79 136 106 191 229 223 199 247 171 237 238 186 98 39 243 248 153 193 249 45 137 222 172
200 25 2270 215 247 170 109 248 159 246 94 13 46 249 18 156 82 213 81 233 5 228 159 229 84 52 225 95 141 247 198 151 240 175 87 235 187 63 209 220 11 197 196 243 78 239 50 28 29 226 75 169 115
201 25 2380 168 7 81 158 214 13 248 152 231 208 241 36 177 237 74 23 240 211 206 139 249 3 243 219 196 249 14 15 246 142 217 97 222 174 221 1 212 157 190 71 34 107 228 160 117 230 247 53 245 15
202 25 2251 114 206 186 55 180 117 42 242 195 13 208 233 228 86 245 126 248 134 225 153 249 166 97 99 247 135 13 38 103 221 246 164 234 184 109 110 137 215 66 34 236 193 235 38 218 112 241 4 201 228
203 25 2593 240 218 245 74 235 41 248 17 207 61 203 93 212 211 238 144 131 109 236 45 182 35 201 86 204 158 177 89 246 104 249 27 233 173 244 6 11 237 124 95 243 76 202 102 200 183 237 228 239 232
204 25 2083 223 138 178 111 245 18 169 180 183 226 244 108 12 60 99 22 116 202 241 51 242 126 249 81 133 88 239 238 248 33 98 39 103 244 112 192 158 107 246 131 32 156 214 153 80 239 93 228 209 245
205 25 2389 234 111 191 192 245 165 67 39 249 55 195 105 113 247 155 226 244 178 242 151 246 191 11 242 247 183 216 129 173 5 184 42 180 38 58 142 243 70 226 97 161 26 222 166 248 157 236 229 192 224
206 25 2572 243 77 248 61 207 127 217 224 249 153 206 217 212 115 209 159 221 130 25 85 247 163 204 115 223 183 211 23 214 73 238 115 244 97 246 241 215 233 235 107 245 104 196 180 222 222 33 205 134 213
207 25 2209 241 172 240 21 156 46 242 71 247 105 135 239 219 21 218 192 87 123 161 49 249 114 234 96 208 72 55 107 223 166 196 55 30 31 235 60 85 162 151 7 229 23 168 162 7 52 207 137 195 219
208 25 2489 185 179 247 137 231 16 245 247 249 230 116 40 187 54 242 139 233 147 158 226 210 217 217 144 172 220 227 28 246 59 248 193 110 105 235 184 234 7 136 144 100 62 238 109 153 215 193 13 166 141
209 25 2529 8 168 212 60 203 222 249 60 213 247 211 214 245 28 247 186 127 32 242 59 239 132 67 118 248 239 177 114 244 4 234 139 233 153 235 129 243 168 169 109 185 153 152 64 238 159 215 206 222 143
210 25 2181 239 68 190 71 203 96 205 141 215 159 240 183 23 195 245 182 138 37 48 117 100 159 241 134 249 202 189 31 244 188 167 7 242 168 10 12 61 29 176 98 20 30 232 246 192 147 247 66 246 32
211 25 2402 197 223 240 125 199 164 248 40 132 250 221 70 239 201 244 208 241 6 55 223 245 88 233 43 198 39 249 234 26 195 242 89 158 213 150 106 137 79 215 56 171 32 52 32 237 198 230 44 246 18
212 25 2460 249 176 242 14 235 248 244 166 134 23 248 202 214 56 207 45 109 81 191 181 221 206 247 184 225 32 241 13 234 105 91 60 243 187 238 39 157 94 168 51 11 215 223 184 246 200 79 229 224 148
213 25 2553 171 241 14 51 241 187 232 23 249 3 229 117 160 120 245 226 248 22 233 144 246 210 122 58 247 148 203 78 240 159 230 8 227 65 211 120 234 154 101 114 243 13 153 42 239 228 225 113 163 234
214 25 2634 233 225 246 249 249 216 242 155 226 47 247 195 199 75 235 221 125 23 231 46 153 207 56 217 248 84 240 74 191 55 237 108 245 31 244 58 203 103 130 22 241 86 243 204 214 75 224 182 167 207
215 25 2538 248 26 227 100 219 128 247 33 205 88 238 241 239 123 243 216 244 18 231 145 122 159 189 53 159 170 84 47 241 146 197 225 245 218 220 214 164 117 198 83 232 224 119 51 221 34 240 83 104 62
216 25 2448 229 133 174 32 249 161 248 14 203 163 207 59 170 57 124 3 247 188 216 184 222 129 217 237 29 118 50 26 235 241 244 11 246 222 120 4 245 1 241 241 223 134 110 208 178 230 233 232 237 89
217 25 2373 50 249 149 116 245 189 249 71 244 182 246 117 248 106 205 109 240 189 140 225 237 123 148 58 247 29 224 173 176 149 222 205 192 97 243 56 231 45 162 206 35 69 239 234 171 39 67 69 137 107
218 25 2604 188 89 249 208 223 168 136 170 120 16 244 111 242 45 219 35 236 193 235 163 245 114 248 233 246 38 240 9 247 20 243 146 187 178 228 244 81 152 237 118 239 105 103 158 193 80 167 3 212 187
219 25 2142 239 137 249 111 245 148 248 87 222 200 242 245 186 3 60 173 137 4 97 133 246 103 247 164 76 194 238 75 121 210 15 61 68 215 111 41 163 183 240 155 26 165 235 160 134 185 214 86 226 150
220 25 2448 247 11 140 122 249 95 241 234 218 114 119 41 248 89 242 10 127 40 216 136 179 100 173 17 57 80 236 234 234 57 144 210 170 119 208 132 235 124 210 195 243 44 244 153 233 78 86 157 197 87
221 25 2243 247 10 246 54 234 102 248 215 154 127 107 248 100 178 205 198 245 34 110 127 125 74 239 152 199 146 213 218 215 27 249 215 228 22 9 145 217 81 99 189 209 204 29 84 141 235 207 61 212 103
222 25 2549 224 212 238 166 231 193 61 215 248 64 226 131 236 32 241 36 227 167 249 64 246 223 193 50 169 30 242 95 204 209 192 171 247 161 158 27 69 85 230 57 243 219 229 85 24 68 232 196 239 122
223 25 2639 180 239 235 104 248 74 198 215 216 100 210 72 174 220 242 158 168 35 234 239 249 158 236 128 237 226 247 100 213 124 246 120 244 130 240 107 231 159 222 55 150 128 241 246 104 48 226 75 87 110
224 25 2113 244 111 185 35 44 61 246 76 24 70 168 103 103 85 249 31 247 209 227 116 145 141 231 239 147 70 198 180 241 232 149 18 11 177 248 153 37 212 190 96 214 229 197 57 243 128 183 131 55 203
225 25 2527 221 94 247 100 239 154 229 147 230 42 246 217 112 1 240 220 210 170 243 143 235 132 213 211 92 2 244 50 205 104 116 88 219 59 171 210 216 64 225 143 137 22 248 160 241 115 249 118 27 84
226 25 2177 230 212 72 36 131 1 202 201 247 176 249 27 149 48 137 125 228 32 248 98 115 94 171 82 245 23 27 220 231 61 114 137 193 185 227 106 237 71 69 162 240 200 243 205 29 38 213 85 107 184
227 25 2391 246 250 226 205 142 232 248 226 157 51 220 120 105 105 245 231 139 137 218 52 239 150 91 240 235 201 212 18 244 154 243 32 216 209 205 193 145 196 247 243 229 202 140 51 15 142 202 81 173 58
228 25 2375 209 57 249 54 233 46 240 32 243 73 245 151 239 7 241 39 72 167 109 9 232 135 192 92 44 113 127 194 56 9 205 3 156 136 244 53 247 247 104 225 242 15 228 34 227 136 130 61 236 19
229 25 2081 242 41 233 197 248 78 249 233 124 42 196 13 208 178 247 86 49 223 2 94 202 17 230 209 104 182 246 18 45 199 121 56 217 185 189 80 212 41 126 39 163 77 68 185 44 35 167 77 231 114
230 25 2482 17 50 249 145 190 240 198 196 236 140 246 58 247 42 231 75 143 226 240 157 167 222 38 49 242 158 216 194 243 167 241 24 245 91 60 112 232 177 173 186 205 73 212 41 221 246 234 224 239 57
231 25 2376 126 98 248 223 249 245 97 131 117 115 212 176 174 41 124 185 131 208 241 47 196 128 62 145 203 194 240 203 235 231 202 172 127 179 185 26 243 123 232 105 228 243 157 34 245 19 234 90 244 247
232 25 2268 244 179 216 94 201 77 52 49 173 162 245 114 234 103 248 96 243 36 247 202 235 219 152 79 35 38 129 203 180 63 36 191 59 31 121 10 237 228 242 74 188 241 246 84 249 96 97 52 228 235
233 25 2238 242 81 150 166 247 112 241 155 239 128 248 18 238 105 84 33 196 224 188 213 177 243 120 77 230 56 231 250 72 28 149 82 161 238 122 36 173 33 243 153 191 242 128 249 113 164 203 28 91 196
234 25 2231 249 81 223 81 236 113 244 61 138 132 103 174 28 174 207 230 168 196 243 63 240 205 92 78 233 31 201 101 225 47 248 141 181 128 106 52 247 142 242 158 189 113 20 227 113 88 41 106 246 5
235 25 2501 204 94 241 220 186 103 148 35 237 125 166 119 248 227 176 71 246 157 249 3 138 130 234 241 180 108 221 37 206 39 82 211 216 242 242 78 222 3 235 153 152 136 209 240 181 115 143 77 240 231
236 25 2334 248 50 230 34 98 146 226 46 70 206 121 75 114 211 247 111 176 184 244 188 181 208 222 248 241 212 92 30 245 205 242 82 177 55 236 179 53 119 220 115 239 68 165 160 154 209 246 138 182 70
237 25 2531 248 61 242 70 171 211 246 183 179 121 107 86 217 20 233 151 108 13 202 16 249 104 199 83 206 52 238 151 244 235 219 90 195 34 243 89 224 35 204 157 49 227 221 68 130 70 241 150 247 107
238 25 2543 248 106 143 153 222 41 229 191 240 147 211 36 249 133 238 16 231 86 141 137 247 128 216 100 179 94 144 194 234 177 98 172 245 50 209 11 219 103 5 167 244 75 202 189 215 140 242 211 236 225
239 25 2446 88 122 245 162 226 31 207 103 240 16 71 28 231 38 185 239 247 145 170 119 249 85 244 249 241 248 204 59 248 59 182 234 212 219 227 213 236 43 54 137 14 245 232 240 225 210 246 85 168 226
240 25 2449 186 86 149 211 248 223 234 192 166 204 225 199 49 76 232 211 236 20 243 146 214 160 246 53 155 34 198 108 220 236 151 169 139 69 249 76 111 153 247 233 235 106 138 25 178 99 212 49 238 13
241 25 2425 241 20 238 21 245 133 240 38 119 10 232 168 174 144 128 93 249 151 225 29 153 121 102 137 209 215 235 166 213 4 84 244 108 100 222 24 146 104 243 249 247 173 200 90 212 244 137 235 248 249
242 25 2435 211 174 227 105 102 235 249 128 246 37 239 92 225 245 237 223 245 130 21 140 244 128 216 176 243 242 219 186 242 25 192 109 24 220 80 96 234 179 240 184 121 33 218 58 248 133 154 20 194 174
243 25 2194 217 172 229 130 208 145 248 84 246 93 245 59 231 228 26 53 241 197 37 169 232 220 148 190 152 72 233 136 38 97 20 230 226 198 249 90 240 59 216 180 204 60 230 113 131 167 51 56 90 180
244 25 2340 248 118 183 148 105 61 196 134 131 218 236 223 226 131 233 216 246 103 199 77 207 223 212 195 36 113 249 59 247 218 229 168 237 55 4 191 107 47 232 16 241 227 186 56 193 164 223 140 74 160
245 25 2355 115 111 235 30 199 58 233 131 249 179 246 238 157 8 234 37 221 100 149 183 244 229 243 165 248 76 214 245 231 173 3 123 229 61 152 57 218 152 99 100 78 144 219 155 58 31 236 179 200 22
246 25 2349 125 145 247 62 48 188 30 77 224 18 54 97 229 86 248 4 209 150 249 118 174 49 233 182 246 142 206 155 219 168 124 211 234 21 218 160 212 28 23 42 245 96 243 151 226 237 222 173 211 160
247 25 2518 239 244 60 188 249 127 244 41 245 145 247 229 187 177 246 17 133 222 154 216 227 172 241 17 232 159 243 104 194 189 210 159 203 106 248 52 190 19 183 26 242 121 240 82 52 24 202 50 125 213
248 25 2339 241 220 215 222 243 210 205 94 233 37 244 2 248 67 189 27 249 36 67 186 235 118 236 243 222 181 13 137 247 37 210 40 158 49 97 187 242 57 238 144 92 50 142 186 239 63 147 162 26 35
249 25 2336 196 241 249 136 242 110 216 187 244 27 197 143 241 123 243 202 147 194 170 213 148 248 158 89 185 172 236 118 230 78 102 75 247 218 246 92 36 245 245 184 177 195 109 55 132 119 75 144 201 180
250 25 2126 249 123 177 180 243 107 242 115 245 233 248 102 237 196 139 200 238 231 39 249 156 122 45 17 239 168 161 34 160 145 68 176 67 210 3 45 233 242 202 162 204 87 165 133 225 174 69 66 199 238
251 25 2327 61 180 246 125 77 79 147 116 249 205 206 240 188 1 248 28 114 195 245 26 227 215 247 139 26 92 242 66 136 157 241 202 203 222 232 110 196 186 98 235 219 218 184 3 230 71 243 98 150 125
252 25 2334 170 99 240 215 228 145 249 74 211 106 202 204 243 75 195 81 238 33 247 235 93 227 206 6 248 223 214 245 241 141 64 211 174 146 233 73 151 95 148 133 180 90 27 169 173 6 73 41 220 135
253 25 2406 233 185 62 38 229 118 235 210 12 109 244 224 249 35 248 218 222 215 205 151 232 65 174 153 223 241 203 124 182 9 246 23 227 31 69 81 176 183 247 150 238 207 211 11 237 167 207 114 1 75
254 25 2370 178 40 229 47 227 226 43 136 5 224 245 53 156 146 189 7 239 156 241 166 99 161 226 233 238 145 190 133 191 217 224 242 249 178 209 7 129 191 185 155 213 126 243 5 244 39 246 198 102 51
255 25 2256 249 125 34 1 19 157 59 237 246 80 237 207 215 133 228 146 222 104 187 147 152 27 248 74 232 112 245 116 218 172 217 120 243 242 201 111 120 147 240 243 151 205 183 12 169 40 189 222 9 234
256 25 2023 249 134 164 75 175 124 197 90 248 61 129 53 246 203 176 49 9 15 20 118 77 61 104 38 218 186 94 94 149 115 230 30 226 168 239 140 23 226 233 161 93 28 232 214 247 28 25 178 244 204
257 25 2023 228 219 248 138 139 2 13 121 233 119 96 79 140 225 226 93 239 216 229 155 132 52 247 19 162 179 168 157 11 199 249 248 241 11 197 41 243 220 28 22 73 232 108 62 45 211 182 150 169 48
258 25 2452 244 81 161 102 242 5 248 153 241 57 240 48 208 29 238 144 249 82 203 206 157 136 229 194 49 149 235 93 110 43 246 118 192 230 99 206 180 180 142 121 247 60 197 192 230 84 231 138 87 126
259 25 2495 193 191 248 145 71 190 206 91 244 121 238 250 246 173 243 176 173 57 225 169 187 154 215 197 239 231 240 38 247 154 191 202 249 244 216 157 127 32 98 129 231 62 237 110 129 62 220 33 77 49
260 25 2194 245 38 246 226 247 77 173 40 58 99 248 218 161 137 153 94 185 62 49 244 164 47 3 3 242 220 234 146 180 31 249 19 229 220 228 46 35 203 199 3 50 169 241 129 145 165 181 153 243 14
261 25 2364 245 158 248 82 165 190 249 227 212 176 69 94 130 95 146 46 188 53 89 146 16 10 238 196 213 108 15 212 219 85 206 223 235 71 242 206 234 172 200 69 247 100 240 181 223 131 243 167 216 172
262 25 2463 248 183 239 26 42 56 249 64 48 68 138 105 150 68 240 79 247 111 196 118 242 47 186 22 245 27 234 121 184 48 218 215 241 38 30 40 195 34 178 109 236 130 228 50 232 181 238 74 243 21
263 25 1968 242 130 58 161 220 30 249 176 244 158 210 237 62 194 205 134 226 250 232 197 28 184 237 247 25 93 166 134 151 88 56 144 49 79 15 138 69 6 240 134 180 37 216 181 236 236 207 81 114 96
264 25 2419 233 249 8 192 228 190 209 24 135 243 212 33 231 77 177 225 245 32 248 89 247 205 239 237 199 152 125 86 168 75 249 10 90 167 244 6 230 6 187 224 227 111 240 187 140 212 113 244 215 58
265 25 2323 182 27 249 116 144 18 228 209 68 82 231 64 190 230 212 45 166 119 186 22 236 239 201 146 248 228 238 36 173 191 17 177 194 215 247 189 246 37 230 103 75 186 87 192 143 145 245 138 211 125
266 25 2318 224 116 236 132 237 240 242 134 246 182 245 107 89 231 235 2 244 173 65 232 74 117 249 24 248 212 233 184 81 161 164 25 230 57 240 126 239 200 49 175 220 186 142 14 85 73 77 111 243 242
267 25 2421 222 38 244 215 249 188 98 59 184 49 232 43 248 64 154 88 229 226 54 56 246 212 234 66 238 212 233 71 145 30 243 241 245 161 162 64 247 151 149 106 128 37 219 112 230 68 102 16 107 28
268 25 2581 242 85 210 105 187 40 215 218 235 127 248 96 156 13 144 222 202 231 207 76 236 141 148 153 211 118 244 27 230 13 240 84 241 118 249 224 177 110 222 26 228 231 205 175 45 229 194 216 246 67
269 25 2148 228 202 128 12 143 51 13 40 41 42 242 106 247 28 160 249 195 52 231 85 220 23 249 113 246 228 8 114 176 163 60 91 229 140 241 90 219 184 237 92 245 46 80 167 125 164 103 42 230 172
270 25 2147 120 139 226 152 249 47 233 48 237 200 210 25 83 181 245 106 185 243 244 14 181 206 194 231 4 62 229 28 91 190 146 243 151 214 242 154 149 138 8 158 116 194 247 211 246 112 227 200 32 206
271 25 2194 243 203 225 201 175 192 248 4 227 66 10 92 249 172 204 161 245 39 233 224 48 53 115 222 240 223 238 117 241 2 91 176 228 37 5 62 75 45 239 41 215 178 218 9 89 1 153 247 135 162
272 25 2271 248 109 234 137 83 201 215 158 161 29 247 148 246 98 205 122 249 250 59 91 145 169 61 102 159 19 171 238 238 129 194 66 223 208 95 74 240 57 157 122 182 200 243 61 235 18 244 139 8 120
273 25 2615 249 75 238 201 244 235 229 231 247 93 189 179 221 235 241 177 206 97 233 85 245 235 248 49 184 155 218 115 60 169 199 232 205 182 217 5 32 131 236 167 202 189 246 137 181 110 234 118 226 247
274 25 2357 218 67 230 107 117 116 188 59 241 25 246 33 30 75 208 174 249 224 225 52 238 68 247 12 248 27 10 139 232 149 243 61 240 181 211 17 237 25 77 81 101 171 215 133 18 248 209 79 236 16
275 25 2556 229 34 243 18 235 103 249 61 244 153 139 134 91 95 236 4 124 53 240 167 247 112 209 190 246 173 170 32 129 19 227 23 210 205 242 180 87 222 238 204 237 11 206 113 213 75 232 242 189 123
276 25 2201 248 5 104 75 197 43 205 115 126 155 51 248 239 22 195 233 70 142 166 89 168 77 40 38 28 6 213 199 234 110 230 225 232 244 112 34 235 122 249 42 243 34 246 209 236 166 95 181 240 40
277 25 2616 244 98 198 59 212 235 236 183 231 154 226 92 248 87 232 131 182 240 247 80 242 53 189 54 246 15 237 161 202 57 243 229 199 92 176 94 241 187 195 80 249 87 118 36 233 127 51 242 155 165
278 25 2392 211 247 230 154 242 43 185 167 216 161 249 189 244 9 38 168 163 161 225 13 247 134 190 143 126 22 223 246 243 179 240 132 160 17 248 167 239 58 131 18 226 89 173 167 194 56 52 181 89 4
279 25 2469 249 7 105 200 190 176 205 52 208 127 238 195 176 28 103 59 202 120 248 171 11 130 234 68 237 116 244 108 184 220 245 67 243 201 81 223 148 41 231 163 242 41 240 173 188 160 247 239 239 20
280 25 2392 236 25 249 64 240 111 148 125 113 174 243 200 98 94 71 26 235 104 242 108 228 147 247 16 20 240 191 80 248 39 245 196 132 212 104 53 230 212 178 32 231 117 190 171 203 28 238 190 224 33
281 25 2282 235 71 62 85 247 176 231 49 248 59 230 218 211 36 140 1 236 189 246 101 249 207 128 16 183 115 17 79 95 158 217 219 245 52 206 54 238 115 192 108 132 221 16 185 227 241 242 139 91 9
282 25 2690 36 208 246 222 228 98 232 123 247 195 218 3 196 155 217 185 242 63 227 42 219 102 244 167 238 61 200 222 248 79 236 190 233 19 249 152 115 57 213 235 178 229 215 133 225 21 245 117 234 51
283 25 2295 241 147 205 22 71 212 116 82 248 194 249 238 232 25 227 201 145 142 238 250 242 60 41 65 60 93 235 207 100 237 129 64 123 81 233 243 157 231 243 114 237 30 245 179 128 51 226 223 219 117
284 25 2575 192 8 50 139 248 250 249 175 235 137 246 139 231 231 207 210 239 97 247 11 223 173 101 230 242 57 190 178 229 247 169 43 208 78 213 165 61 49 241 13 193 1 230 74 244 105 243 40 220 107
285 25 2260 249 228 189 146 243 167 248 91 237 240 220 28 185 66 244 85 51 63 247 242 42 245 214 247 197 248 200 59 232 177 101 123 231 68 96 228 58 21 242 187 91 99 80 87 142 131 241 129 240 134
286 25 2586 188 147 239 10 39 91 231 29 106 86 247 149 238 177 235 77 249 69 241 201 248 186 229 161 245 179 237 159 228 127 244 43 4 183 226 205 117 212 224 70 225 201 246 131 242 243 202 236 243 158
287 25 2434 199 46 188 56 226 217 240 28 203 115 245 213 236 173 182 73 156 57 158 142 216 112 225 86 239 52 211 185 154 180 145 23 218 93 230 77 151 238 204 61 56 96 223 169 234 45 103 204 227 237
288 25 2462 193 238 237 97 197 223 246 206 248 209 225 88 235 18 146 214 242 163 194 235 202 156 240 128 211 213 220 201 231 12 239 155 130 169 105 57 229 238 148 1 118 197 249 87 215 208 74 89 151 115
289 25 2403 221 116 249 81 230 195 206 111 234 125 242 149 238 33 248 192 239 118 241 214 243 90 116 87 235 212 224 26 111 222 143 157 220 192 39 196 133 178 190 34 52 165 219 15 91 108 214 244 229 67
290 25 2380 243 167 246 26 247 65 66 34 248 201 211 84 14 126 202 99 231 189 219 35 245 59 249 191 153 124 39 21 190 146 195 143 203 86 182 54 235 56 244 155 229 219 170 17 180 98 240 81 80 225
291 25 2442 210 58 249 67 224 181 182 79 193 17 228 87 229 230 55 124 101 108 131 36 248 9 221 39 245 47 247 15 240 57 246 152 185 235 166 119 227 132 188 139 230 101 99 38 186 55 123 242 231 42
292 25 2658 230 118 248 93 249 19 234 169 232 68 189 146 245 127 158 19 231 136 246 220 239 16 222 99 221 155 244 242 104 166 236 87 204 117 197 40 200 189 177 19 241 65 182 199 226 201 201 144 160 222
293 25 2466 248 194 240 62 237 159 238 185 235 120 78 140 236 63 157 199 182 41 106 249 247 73 177 54 242 226 246 226 142 238 193 159 243 81 212 150 249 75 63 143 224 151 80 3 206 2 239 203 213 130
294 25 2282 245 144 213 7 249 242 196 119 237 80 184 87 193 30 212 70 248 240 123 140 219 20 247 154 246 158 131 69 35 115 165 36 195 168 130 162 173 41 1 100 200 114 87 61 170 72 236 57 230 230
295 25 2510 248 151 246 50 247 32 132 81 194 127 243 72 228 117 249 111 241 228 196 107 237 153 224 207 217 74 185 36 221 122 175 53 192 250 182 47 236 96 188 205 99 115 4 194 231 85 234 129 172 182
296 25 2303 248 122 232 55 240 142 25 174 238 87 246 223 102 250 249 159 205 39 199 204 219 187 244 151 243 162 80 86 216 64 147 2 234 175 155 145 123 226 229 167 192 113 237 201 69 206 206 231 29 36
297 25 2452 188 64 193 232 216 213 74 163 79 223 212 233 242 9 200 184 60 113 249 35 201 248 240 80 167 113 247 2 237 62 246 63 224 114 94 78 245 234 241 208 150 161 238 207 190 78 244 74 228 62
298 25 2313 213 150 169 112 248 135 228 36 56 73 17 239 184 147 200 20 109 113 201 145 179 224 244 220 229 57 236 217 249 199 181 46 247 249 237 193 218 12 82 210 96 5 224 105 215 63 166 43 199 237
299 25 2140 237 135 117 68 240 191 228 116 247 44 109 49 89 159 238 182 38 246 5 140 239 203 8 130 245 30 170 205 68 246 32 151 185 94 230 40 226 82 249 74 232 129 186 139 234 121 184 25 244 217
