0 25 2797 250 151 245 78 249 217 248 61 246 12 209 195 79 124 243 99 238 89 236 139 247 74 242 15 169 180 226 232 244 38 237 142 241 18 213 32 231 16 239 15 233 141 232 74 208 11 188 107 201 226
1 25 2805 249 174 247 97 244 236 243 85 245 139 234 36 248 12 239 191 211 195 240 75 238 94 241 32 205 223 242 154 228 237 233 185 201 84 246 171 9 225 214 245 236 98 237 159 235 54 215 151 231 179
2 25 2754 249 212 238 143 247 128 244 226 242 224 209 154 248 244 236 79 122 208 184 47 231 172 220 82 235 11 232 77 233 181 245 243 218 120 34 190 241 211 246 41 229 185 234 144 227 55 240 168 224 16
3 25 2869 246 114 249 194 248 148 244 51 247 42 191 4 245 69 237 232 228 129 239 17 235 250 208 239 243 102 241 6 190 34 238 208 220 22 181 68 226 93 223 126 242 124 240 31 216 149 230 173 232 238
4 25 2682 244 94 249 64 248 160 243 242 240 146 246 147 245 81 11 79 242 85 229 77 232 184 238 203 247 113 224 217 180 158 76 2 109 9 226 7 239 71 237 52 236 96 228 43 233 149 221 113 241 195
5 25 2851 248 68 247 41 249 31 233 167 242 179 212 66 234 25 246 116 205 74 243 138 237 68 197 250 198 242 245 216 236 164 210 228 231 230 235 134 240 56 219 217 220 138 241 54 244 224 190 193 200 212
6 25 2788 249 209 226 156 247 228 241 98 248 58 233 199 236 46 245 77 243 83 180 196 246 55 242 122 244 190 240 193 192 36 237 51 208 182 222 216 227 234 224 22 232 194 228 125 205 242 88 18 194 241
7 25 2902 245 175 249 123 248 247 247 222 246 232 244 61 241 13 234 226 236 1 230 109 240 235 218 244 242 18 232 150 219 94 243 81 238 34 239 81 225 201 233 9 177 214 229 99 224 141 227 117 199 166
8 25 2693 248 52 249 207 246 114 242 39 243 3 245 38 247 153 232 83 222 180 118 158 223 132 171 220 181 39 235 211 98 61 233 221 237 17 239 36 218 105 244 166 241 27 240 90 119 41 189 212 227 95
9 25 2867 249 159 246 13 243 231 241 171 247 68 235 220 221 193 240 74 248 13 216 115 244 97 220 103 116 119 231 207 242 46 230 201 236 189 233 21 245 218 205 191 238 142 223 51 234 132 228 217 224 14
10 25 2608 249 90 242 231 247 4 248 217 223 119 246 38 244 235 146 17 157 199 195 133 240 30 245 50 237 203 234 138 243 98 233 103 239 225 192 230 189 110 169 119 230 128 28 233 141 8 188 163 211 236
11 25 2824 249 122 242 218 248 112 246 154 203 239 232 121 233 212 247 97 236 242 241 150 244 227 71 131 245 234 239 229 237 165 240 24 243 113 220 39 217 208 235 122 222 87 228 101 234 218 238 206 158 206
12 25 2833 249 164 248 58 242 135 247 14 238 160 232 151 241 94 239 114 246 176 244 90 243 154 245 225 227 239 240 62 237 156 235 78 104 197 217 113 234 20 222 85 208 41 203 227 218 164 231 5 176 11
13 25 2886 244 226 248 240 241 104 246 206 249 162 245 83 247 150 236 40 206 51 211 102 215 18 210 239 243 84 214 182 219 47 235 199 216 161 238 169 226 61 237 220 213 105 233 101 234 210 239 59 227 129
14 25 2733 247 53 241 165 249 66 245 236 248 109 238 228 244 139 124 141 243 226 236 47 242 240 246 111 222 96 239 214 224 166 106 130 223 230 211 175 226 212 230 195 232 17 208 173 233 113 240 144 70 126
15 25 2801 249 240 244 19 248 127 247 224 243 178 245 60 241 18 240 17 246 81 242 202 216 220 235 3 231 43 226 139 239 227 29 111 238 117 236 132 206 24 172 180 222 154 237 161 234 154 215 48 221 189
16 25 2815 242 136 249 235 247 204 248 66 238 6 246 117 244 120 241 163 139 35 171 99 237 182 234 51 225 33 229 13 232 102 243 23 245 104 240 23 236 110 239 130 211 41 162 5 230 210 184 189 218 63
17 25 2427 245 186 248 36 249 125 247 203 246 170 59 142 228 18 196 187 241 237 240 144 222 87 113 31 243 21 80 147 193 161 61 6 224 249 244 70 236 220 242 110 238 228 89 80 218 129 51 110 201 235
18 25 2783 248 125 237 135 249 96 242 77 246 3 234 126 244 83 239 215 243 60 247 82 245 245 241 103 109 149 133 14 230 25 240 58 156 230 233 99 165 151 238 148 232 133 235 193 231 50 236 106 213 187
19 25 2741 248 229 249 16 242 228 246 238 236 192 232 121 187 9 211 58 241 79 247 23 46 53 171 160 222 205 244 151 225 94 229 122 243 41 224 204 245 119 220 120 223 81 239 23 240 24 233 43 139 104
20 25 2745 249 108 242 106 248 87 246 77 244 30 209 40 241 219 243 181 235 9 245 63 247 128 240 79 213 38 189 188 237 161 227 243 192 8 160 238 239 118 238 232 229 162 236 10 216 119 218 27 8 32
21 25 2845 249 98 247 98 223 5 248 225 246 198 243 244 240 229 221 37 232 142 197 15 236 224 212 149 238 20 245 77 235 132 244 49 242 41 241 186 237 211 195 134 231 1 217 147 186 111 226 5 159 157
22 25 2694 249 247 241 116 248 225 246 157 243 204 242 240 244 42 247 49 238 3 194 14 245 12 144 202 220 1 236 3 233 165 239 108 218 65 156 227 237 85 230 220 31 227 235 57 186 7 168 128 219 235
23 25 2877 249 205 241 159 248 112 246 6 233 229 247 50 218 116 240 180 244 154 238 84 224 78 239 64 206 208 245 135 237 61 211 15 234 104 242 207 243 180 226 153 214 157 235 20 236 86 231 27 128 68
24 25 2718 226 171 248 2 249 222 240 109 227 59 247 152 238 133 150 219 244 13 230 93 217 237 198 229 245 19 169 75 239 23 243 135 237 184 246 46 241 203 15 152 229 43 242 68 193 203 191 190 232 83
25 25 2730 243 179 248 107 234 22 179 55 249 250 239 198 244 138 217 68 247 96 245 51 240 97 246 40 202 69 220 86 207 118 226 13 235 15 242 167 233 241 230 12 121 196 237 172 241 75 88 204 147 221
26 25 2625 249 10 243 71 241 53 239 105 227 8 247 180 221 223 248 160 235 45 246 140 232 221 237 8 245 75 244 33 236 216 228 105 130 181 219 176 240 2 68 135 90 215 196 224 238 48 215 250 37 126
27 25 2688 248 51 249 88 238 45 240 117 237 103 247 114 245 202 243 18 246 160 165 97 204 4 223 196 224 115 225 168 206 37 244 24 227 147 63 234 231 215 239 18 218 1 217 138 241 163 228 48 29 132
28 25 2714 249 249 227 139 239 158 245 217 229 208 248 181 246 20 247 173 214 75 197 39 241 10 240 189 242 169 243 118 230 15 33 59 175 77 233 82 235 208 213 104 225 54 223 248 73 236 237 82 244 79
29 25 2836 243 101 249 26 248 25 246 41 245 172 230 25 234 123 247 47 231 156 220 193 222 220 244 156 223 158 207 88 239 1 211 194 213 51 242 247 241 122 236 12 226 23 88 118 240 139 210 32 237 16
30 25 2864 247 131 248 13 244 91 249 80 245 113 246 70 227 21 196 178 243 45 198 176 180 183 238 118 242 91 231 96 204 126 234 45 220 195 226 81 237 185 236 138 240 199 203 178 241 60 230 115 224 32
31 25 2726 157 118 248 112 245 45 219 37 55 61 249 219 246 169 247 197 241 205 236 37 243 153 240 180 242 158 214 115 232 227 223 106 99 111 239 72 244 128 238 84 235 123 234 34 190 131 233 5 204 117
32 25 2702 249 199 248 59 126 249 218 97 145 20 246 34 232 95 244 180 223 243 238 248 245 133 242 201 239 206 214 207 243 72 247 37 233 197 241 135 227 123 240 168 236 194 164 109 120 114 237 39 107 45
33 25 2865 249 55 238 175 245 220 248 206 224 236 244 142 247 190 246 249 236 25 229 241 232 23 242 220 243 53 209 9 240 229 117 23 241 114 230 70 239 235 231 155 221 201 213 167 233 54 225 107 208 216
34 25 2777 249 97 243 98 248 149 245 212 235 203 244 228 242 97 228 210 246 147 241 186 231 155 247 5 223 224 240 4 172 115 230 45 209 218 144 133 221 59 214 63 65 63 239 8 237 104 225 216 236 199
35 25 2773 248 192 249 9 243 178 242 25 244 131 235 23 247 170 213 111 219 107 239 171 241 58 233 234 238 209 208 60 246 33 200 231 245 193 191 133 240 233 211 138 7 120 231 121 216 132 227 243 234 214
36 25 2805 217 13 248 243 249 236 210 2 247 71 213 232 245 220 224 10 240 6 244 152 165 102 241 81 238 143 223 148 235 113 239 49 246 137 172 13 242 184 230 2 243 156 168 120 225 81 169 188 237 59
37 25 2816 248 248 249 170 246 104 245 69 241 167 243 94 240 79 208 232 235 99 226 28 247 5 242 166 206 123 225 85 239 30 231 106 211 63 244 180 222 151 236 125 41 69 232 135 233 6 205 21 238 142
38 25 2805 239 69 247 120 245 29 248 127 249 223 244 35 246 118 175 62 227 95 238 92 237 206 211 203 240 107 128 128 216 221 243 13 236 98 228 236 156 69 242 5 241 9 224 247 225 23 202 13 223 101
39 25 2816 241 20 246 220 249 26 141 71 243 99 244 83 245 179 232 38 234 134 239 244 247 31 248 240 220 201 224 67 222 66 242 17 230 153 240 196 190 150 237 130 131 100 218 19 227 143 238 147 204 91
40 25 2867 249 109 247 118 235 222 243 129 248 75 232 134 245 70 240 37 242 134 238 68 228 227 219 96 246 42 237 125 230 33 227 37 162 51 225 232 192 117 234 9 244 149 241 236 239 246 190 51 201 211
41 25 2735 249 182 248 3 245 12 247 237 243 191 241 86 246 43 225 12 236 30 233 178 234 228 200 147 215 73 238 110 242 147 230 130 232 156 211 102 153 56 143 69 219 31 244 246 129 51 164 171 204 10
42 25 2670 249 67 247 224 215 173 248 232 245 221 242 67 221 122 246 46 229 99 163 232 238 201 230 106 237 204 227 101 27 23 239 46 137 109 121 155 243 162 244 30 212 201 240 153 200 142 233 161 208 169
43 25 2758 248 184 249 128 238 129 247 141 246 35 225 25 239 96 229 241 240 239 223 11 244 96 245 1 213 217 159 201 224 111 242 113 243 154 113 242 210 126 236 94 235 81 189 171 232 250 146 147 202 63
44 25 2809 243 105 249 202 242 226 248 189 225 157 244 125 247 13 246 114 240 249 238 111 241 131 233 228 227 128 235 153 245 208 228 225 185 196 236 247 237 66 222 29 234 103 229 45 14 23 199 127 231 211
45 25 2707 115 89 210 108 248 63 249 22 230 162 247 76 229 48 246 151 242 184 212 72 226 169 58 69 245 208 244 52 241 41 239 38 221 139 243 46 240 226 233 154 191 188 126 67 220 2 231 36 228 118
46 25 2882 234 24 249 169 240 131 248 27 211 105 246 245 245 98 227 142 247 28 243 33 237 137 220 242 223 220 231 78 238 226 183 11 239 169 244 221 235 22 229 13 213 123 192 28 242 80 230 36 218 215
47 25 2844 247 152 249 188 248 200 232 200 246 49 241 126 190 183 174 128 244 116 237 222 221 235 200 219 239 14 243 141 236 71 223 82 242 108 245 204 224 192 228 75 235 126 240 229 225 28 168 156 212 117
48 25 2837 249 93 248 102 231 208 240 39 243 206 247 129 246 219 239 213 241 220 237 234 233 239 244 143 229 55 242 13 207 249 183 6 245 241 212 96 228 112 225 238 222 112 238 201 230 215 236 250 80 6
49 25 2595 249 77 119 128 248 74 243 201 247 50 245 237 176 75 242 121 246 52 231 59 70 93 241 121 244 178 237 15 30 85 221 230 207 175 236 240 223 3 234 241 138 141 227 121 229 184 167 185 240 175
50 25 2865 241 148 249 79 247 158 246 171 248 109 245 245 244 87 180 135 242 214 238 230 243 52 239 42 234 221 229 163 215 248 227 40 233 40 204 179 231 86 185 81 240 2 219 128 203 160 232 220 216 224
51 25 2847 242 132 249 246 248 77 230 86 171 158 240 76 247 25 231 229 244 47 237 44 243 85 245 19 223 75 235 71 241 1 228 113 236 118 217 181 218 195 224 27 205 59 166 131 246 107 207 218 222 242
52 25 2760 249 153 239 65 248 98 243 184 109 45 247 232 231 146 246 56 244 114 245 145 241 91 234 229 205 249 233 27 206 57 242 100 152 222 228 76 214 168 184 88 230 112 154 228 235 142 223 69 238 69
53 25 2828 249 242 246 102 247 22 244 165 248 214 51 55 240 52 245 8 237 133 242 210 229 223 232 156 231 148 239 78 224 90 243 200 234 138 241 84 228 214 199 107 238 58 235 103 225 53 187 193 222 82
54 25 2735 248 249 249 6 246 32 235 56 219 84 247 157 243 176 229 139 242 229 216 224 238 164 244 71 231 133 245 58 223 42 241 25 224 94 239 51 225 81 135 1 234 212 203 12 174 188 222 79 19 246
55 25 2793 107 127 247 127 249 245 216 51 248 162 245 225 217 165 243 214 236 139 128 234 213 225 215 77 237 227 239 38 246 11 204 242 233 188 242 114 244 67 208 129 228 56 240 40 235 59 226 224 241 92
56 25 2754 249 235 246 4 166 249 248 61 245 250 241 191 247 168 244 158 195 145 238 214 240 104 237 86 242 151 243 154 234 159 221 237 156 64 212 166 189 169 155 170 139 169 239 58 228 153 226 158 229 116
57 25 2855 249 148 243 51 247 249 245 79 248 6 233 249 246 85 244 216 236 57 234 86 205 155 241 6 221 114 242 220 231 65 209 87 239 229 226 52 206 109 218 228 238 157 222 55 122 219 229 92 237 150
58 25 2685 245 68 249 33 248 3 206 105 247 36 134 52 156 155 225 240 81 92 246 244 240 46 234 73 241 69 233 210 244 162 243 208 235 169 223 103 239 127 80 175 227 70 238 154 242 118 190 161 224 129
59 25 2796 249 196 245 162 246 177 233 188 243 101 237 153 247 189 248 36 244 9 231 183 238 191 207 203 225 87 177 181 239 37 212 146 241 189 180 55 173 92 223 154 232 44 240 129 242 211 221 223 120 21
60 25 2783 247 84 249 88 245 104 203 37 248 107 243 141 246 76 244 204 223 236 240 66 66 152 220 198 227 194 239 42 196 156 232 91 180 26 241 211 230 101 224 5 206 243 242 181 221 35 226 145 228 246
61 25 2832 249 21 245 221 247 240 248 131 246 40 242 14 226 133 230 8 207 2 174 37 244 181 237 88 225 137 233 32 243 8 240 61 129 101 214 143 229 213 219 20 238 41 224 218 223 194 218 73 235 7
62 25 2779 249 78 247 211 248 235 242 89 246 110 240 133 216 89 244 32 245 154 214 212 202 153 226 104 243 5 235 45 238 77 183 76 109 130 234 156 211 171 236 148 158 68 230 89 237 222 217 156 209 137
63 25 2673 249 173 248 138 247 138 245 216 160 202 246 182 240 29 176 124 242 70 244 144 241 89 243 125 238 144 217 44 232 136 218 34 237 90 219 59 210 219 221 226 239 169 86 37 220 79 65 128 163 177
64 25 2848 249 184 242 179 248 31 247 20 234 242 231 248 246 78 243 121 245 239 241 124 232 20 244 3 237 129 222 42 225 183 230 59 226 97 235 147 116 12 236 24 238 55 221 226 240 193 161 63 208 115
65 25 2867 249 70 247 212 245 100 246 166 204 141 248 55 243 148 240 182 207 35 235 229 237 234 239 75 212 202 238 208 236 167 241 50 227 177 191 183 211 165 230 161 210 135 225 220 214 127 216 176 244 177
66 25 2701 249 235 245 86 247 102 246 92 102 244 235 182 248 4 222 234 231 38 244 195 209 236 180 35 237 240 243 76 239 115 229 70 181 236 133 31 242 16 241 1 177 174 211 209 215 108 234 208 163 58
67 25 2814 249 114 248 47 246 219 244 187 218 204 221 194 247 107 242 160 245 112 241 6 231 77 243 31 206 25 176 248 240 193 188 215 210 32 227 184 233 244 185 48 239 214 164 26 238 177 216 37 232 203
68 25 2826 249 172 214 95 247 69 248 212 241 153 246 159 245 125 240 173 243 242 244 168 115 12 208 86 242 42 216 185 234 15 236 36 226 90 239 83 235 149 233 88 139 29 229 139 238 182 209 183 237 21
69 25 2841 249 213 236 63 245 86 247 169 246 75 248 33 239 28 244 43 240 81 228 67 242 231 233 112 118 74 238 2 225 109 237 177 194 24 235 212 243 86 193 240 241 52 230 104 199 11 208 150 224 49
70 25 2830 249 67 151 221 248 116 235 185 244 100 241 157 245 28 242 220 247 149 222 72 246 247 233 21 243 42 236 90 231 79 224 111 179 110 238 111 137 40 239 136 234 88 237 82 220 196 211 197 228 193
71 25 2841 249 165 248 56 246 15 243 92 245 235 241 71 247 148 236 114 244 203 242 46 239 111 165 131 237 235 240 167 219 83 216 106 211 96 231 211 215 198 233 169 178 13 208 112 238 17 176 88 235 199
72 25 2936 208 206 249 62 241 31 240 24 247 216 231 113 246 169 243 47 245 181 248 112 220 121 239 186 234 3 238 182 244 143 236 230 237 13 230 110 222 123 242 5 235 51 215 171 229 126 221 204 232 9
73 25 2835 244 149 248 194 243 248 249 211 247 243 245 217 233 169 234 67 242 113 74 20 196 56 232 122 239 194 228 83 246 46 236 74 215 135 241 1 230 87 227 14 207 25 235 71 231 24 223 105 225 124
74 25 2631 247 108 249 197 248 213 246 238 236 93 123 40 232 101 218 237 141 211 245 201 244 72 241 70 243 67 240 95 230 173 183 168 237 184 222 48 238 153 177 250 208 216 8 41 157 232 234 58 216 34
75 25 2885 248 159 249 204 237 47 242 118 247 92 232 16 239 241 224 149 226 110 246 82 241 234 240 215 233 28 245 36 201 202 214 148 243 237 244 127 234 70 227 146 221 25 210 205 236 127 223 187 168 62
76 25 2823 213 178 248 85 238 90 243 174 249 86 225 93 241 205 242 145 247 183 244 210 240 52 246 186 199 201 234 94 223 3 245 235 212 239 217 48 239 195 188 108 167 228 233 88 153 169 231 137 230 146
77 25 2659 249 196 244 116 240 232 241 165 245 139 248 28 247 118 246 194 243 219 34 175 111 172 229 244 242 87 222 175 234 107 226 111 236 1 92 89 238 77 235 97 143 142 219 148 237 24 231 187 186 168
78 25 2797 248 180 249 25 231 14 244 54 224 82 220 41 243 5 246 88 232 162 240 224 247 30 245 179 198 250 242 53 241 48 236 205 13 65 228 25 190 43 234 214 221 124 230 238 238 30 218 173 237 51
79 25 2878 249 49 247 107 244 223 237 67 246 36 248 233 245 163 187 15 217 224 218 73 241 146 235 124 243 12 233 163 242 202 239 72 224 228 215 162 232 249 228 87 236 58 164 14 222 194 238 237 226 10
80 25 2786 249 233 248 199 240 31 244 201 232 40 218 192 237 194 246 142 247 136 238 243 42 83 241 245 231 166 227 117 243 167 229 179 245 250 217 160 242 33 239 250 233 71 139 116 222 162 224 210 200 179
81 25 2760 249 188 215 139 244 106 245 110 233 228 247 13 248 40 221 153 246 123 243 121 240 243 57 160 234 97 230 97 180 191 241 143 220 126 219 12 178 219 173 90 236 167 231 92 229 99 223 68 239 154
82 25 2875 248 86 249 43 241 246 246 151 226 33 240 117 244 206 243 161 238 70 236 55 245 142 247 197 239 116 229 219 235 198 224 101 225 64 232 31 202 109 227 104 242 148 115 115 231 104 214 247 233 54
83 25 2745 249 81 240 50 245 184 246 62 247 29 248 102 205 163 235 33 217 101 234 235 238 98 239 128 242 74 143 58 243 193 225 183 237 28 244 76 233 43 236 196 24 244 186 205 177 98 227 124 230 134
84 25 2842 249 103 247 82 248 148 246 95 244 129 182 156 190 175 226 170 228 250 201 17 245 165 242 27 241 68 235 67 153 89 243 225 237 97 219 236 238 78 234 195 240 227 232 100 220 15 233 187 211 12
85 25 2737 249 48 248 243 246 66 243 93 247 9 245 223 238 116 241 60 174 229 231 148 47 114 237 144 227 130 213 64 235 47 120 38 244 31 230 187 217 162 239 186 184 16 218 126 223 72 242 35 236 167
86 25 2776 245 238 246 221 248 196 249 221 244 128 247 140 243 250 241 196 240 100 217 232 203 242 223 232 167 171 235 104 233 112 209 51 218 41 231 5 185 84 53 140 237 50 242 223 221 117 236 66 239 130
87 25 2750 249 2 210 230 227 22 246 111 247 18 245 16 248 212 225 238 196 118 241 168 208 90 149 41 178 159 190 2 220 227 228 83 244 50 231 123 242 118 240 56 224 199 243 53 170 162 207 20 193 7
88 25 2649 249 91 241 55 240 10 248 63 246 181 236 216 239 111 141 145 247 140 115 47 243 66 235 37 192 182 223 216 198 38 244 247 232 64 214 158 182 141 245 35 227 185 82 204 242 2 230 201 108 181
89 25 2860 248 142 243 48 246 50 249 71 234 28 244 60 245 54 247 226 235 129 231 151 236 130 239 206 242 16 237 59 241 228 203 128 210 87 240 243 187 80 171 105 228 220 217 38 178 196 232 120 238 235
90 25 2886 246 39 248 139 249 147 241 181 233 121 231 5 218 31 232 104 247 199 240 11 242 27 245 116 236 24 244 235 211 157 237 192 235 101 243 34 225 122 234 151 216 72 238 109 163 47 230 114 189 205
91 25 2757 248 9 249 160 244 94 241 18 154 1 232 52 246 104 242 151 196 183 230 235 243 65 247 148 245 235 227 140 19 197 205 205 239 69 217 8 233 181 240 101 237 242 220 241 229 38 224 96 207 101
92 25 2794 249 69 242 102 248 31 245 153 247 122 246 75 244 48 237 6 234 99 198 227 228 42 137 167 239 22 240 184 238 29 243 127 241 134 226 38 236 27 123 173 184 65 222 165 204 208 235 38 202 35
93 25 2801 248 214 249 45 246 222 243 51 240 228 242 159 154 117 247 124 227 164 245 153 236 231 232 179 238 14 144 87 241 229 239 15 225 29 234 250 237 1 142 196 244 80 161 39 226 238 228 148 235 179
94 25 2857 236 240 237 36 249 181 248 145 247 99 182 48 246 205 241 30 243 86 245 3 195 168 215 63 222 112 191 89 233 171 239 197 223 223 210 72 242 60 229 35 232 32 227 234 244 97 208 200 231 20
95 25 2699 247 18 246 86 242 77 248 36 249 143 17 34 149 131 240 191 239 250 232 123 235 224 230 181 244 14 243 207 236 25 229 125 231 48 245 61 217 144 238 193 223 78 237 136 225 56 34 110 222 154
96 25 2848 249 114 248 8 237 203 241 41 219 29 243 49 247 181 240 213 208 37 246 110 236 129 234 114 245 125 235 39 216 139 97 97 213 96 221 112 244 14 214 45 230 57 226 106 227 203 239 140 242 14
97 25 2795 249 137 248 71 203 173 245 201 247 157 244 52 246 66 241 42 174 142 240 187 230 4 224 135 243 215 227 226 233 187 238 118 231 105 242 52 236 111 195 44 237 136 143 243 171 7 235 57 169 157
98 25 2784 248 194 249 4 244 204 246 102 247 61 224 203 240 214 183 205 239 72 220 115 195 6 201 151 245 83 242 245 234 117 238 241 122 91 243 178 236 107 227 144 241 113 168 79 218 36 206 3 212 54
99 25 2749 248 213 234 157 242 112 249 39 244 61 243 145 247 109 246 58 236 118 229 188 163 234 208 67 188 83 185 159 235 159 240 209 138 67 241 212 245 212 228 110 199 34 232 63 238 26 108 165 233 141
100 25 2745 223 11 247 144 248 33 249 67 244 69 216 42 241 104 231 168 135 30 204 182 235 198 240 39 196 185 227 216 245 174 230 59 208 234 246 75 242 55 219 200 243 29 226 112 234 235 236 40 26 5
101 25 2805 249 182 246 190 248 192 245 80 227 57 230 54 217 222 237 146 247 179 239 54 234 26 241 154 228 221 244 34 177 34 242 42 221 223 238 100 232 182 225 149 214 227 54 181 243 100 233 161 199 196
102 25 2713 245 210 249 188 248 35 246 222 247 128 143 195 240 107 244 16 243 202 238 22 242 158 195 183 235 52 215 7 151 67 164 210 234 216 223 156 216 198 237 111 230 26 241 185 224 132 196 12 81 38
103 25 2777 247 126 248 72 200 130 249 10 228 54 246 170 184 181 187 242 243 220 244 200 245 115 242 227 240 81 241 94 235 60 236 57 234 215 239 241 120 177 155 78 216 197 226 191 223 224 208 16 218 101
104 25 2652 249 212 248 165 247 235 244 139 241 120 246 43 170 16 245 210 224 153 228 23 213 44 243 140 240 119 233 140 56 98 223 117 230 29 235 88 130 215 242 194 41 206 236 65 227 10 176 92 237 242
105 25 2897 245 84 249 130 241 136 234 81 244 59 220 31 247 219 248 198 246 24 228 154 239 234 235 139 240 181 238 200 231 3 242 228 180 208 232 233 224 246 233 145 221 94 237 197 243 132 167 41 230 119
106 25 2790 235 33 247 170 249 118 239 149 248 159 246 82 242 87 244 215 240 22 154 85 233 68 226 21 229 53 245 61 187 106 236 161 241 127 190 228 238 180 141 206 231 43 230 207 142 32 243 136 225 132
107 25 2808 248 216 249 228 242 173 208 42 247 11 245 28 224 207 246 31 220 34 239 210 186 71 240 230 243 92 184 91 244 232 235 182 231 151 229 78 237 206 236 198 234 66 225 122 241 85 65 94 218 215
108 25 2789 236 47 248 153 245 164 249 158 246 188 207 201 247 190 223 19 194 3 242 171 244 246 243 183 136 23 228 196 241 108 237 28 215 220 229 206 186 77 232 136 240 223 239 75 224 198 231 68 116 221
109 25 2845 249 210 247 50 246 20 248 131 242 214 244 178 218 4 238 128 243 250 245 22 240 179 234 225 224 89 239 168 236 122 135 157 241 18 219 56 215 177 231 139 207 163 155 174 230 126 228 16 237 25
110 25 2756 248 11 247 34 238 182 249 50 246 121 78 165 144 122 237 75 245 36 230 57 195 216 202 98 240 235 228 123 224 159 242 68 244 50 243 239 241 245 130 192 235 54 234 70 227 160 236 57 229 163
111 25 2819 249 145 248 93 247 30 245 19 246 30 211 199 148 65 241 182 244 109 237 237 240 65 206 246 217 51 199 152 220 241 243 218 185 136 223 96 191 33 234 234 239 236 242 138 218 47 238 240 228 83
112 25 2773 248 10 249 4 242 226 245 109 247 73 244 60 237 220 216 229 246 56 235 204 221 146 239 138 25 191 241 149 243 182 222 205 215 6 233 107 240 119 232 212 236 149 164 92 203 27 196 248 228 99
113 25 2845 249 58 248 114 246 191 244 137 210 204 230 194 245 107 238 93 240 5 247 90 208 164 243 123 226 149 242 245 223 100 130 132 241 177 239 200 177 91 232 32 221 37 224 69 236 10 235 77 217 94
114 25 2715 96 199 249 138 231 37 248 220 228 20 241 232 247 41 246 148 245 138 237 93 240 129 224 12 244 48 219 250 239 75 229 54 202 210 243 230 230 13 68 211 216 150 234 112 220 87 113 236 242 160
115 25 2755 249 188 248 162 247 38 246 126 244 36 245 64 226 192 236 82 240 76 202 222 164 34 243 246 231 53 235 72 242 203 238 84 106 191 129 231 241 182 223 217 214 199 203 133 227 148 237 221 195 239
116 25 2768 248 144 242 82 234 75 249 231 233 83 244 152 219 244 247 19 243 23 246 49 238 106 6 203 245 143 227 162 208 18 237 174 239 247 231 57 221 154 241 133 137 22 236 36 197 239 229 54 240 22
117 25 2617 249 18 246 129 248 136 241 100 247 132 237 188 245 196 186 18 225 76 185 132 167 99 77 200 244 185 8 202 243 63 194 229 224 32 222 13 242 177 236 94 227 156 240 61 190 79 234 232 178 186
118 25 2810 235 24 249 204 248 14 247 176 236 121 234 61 246 86 245 81 230 115 160 58 223 169 232 238 244 21 243 151 233 136 221 89 231 139 241 98 210 205 239 250 89 242 242 31 228 192 220 187 195 87
119 25 2908 245 226 244 184 247 66 249 216 240 8 237 249 231 148 246 81 248 30 233 24 243 147 242 153 239 54 230 142 207 215 241 107 236 220 229 236 235 151 234 90 238 205 228 247 197 210 185 23 212 45
120 25 2815 249 242 247 207 248 230 199 59 244 168 243 156 239 208 242 204 201 93 196 179 245 145 231 82 169 58 246 72 186 145 225 139 233 49 229 224 219 111 238 132 221 131 240 90 218 189 230 36 192 71
121 25 2778 233 116 247 214 243 209 249 162 238 59 246 117 216 155 248 227 213 225 241 61 239 144 191 67 232 98 90 155 245 9 234 163 242 57 225 124 142 92 231 119 229 100 228 80 244 142 175 202 236 188
122 25 2664 249 133 14 221 248 140 242 160 240 170 245 69 239 39 247 59 244 179 246 28 243 218 107 162 225 16 226 62 238 31 190 58 234 218 241 234 216 89 235 12 185 249 209 230 236 66 142 132 188 149
123 25 2838 249 22 243 177 173 17 246 227 248 61 238 47 242 206 158 27 247 109 233 168 217 8 232 123 231 21 235 195 205 64 244 104 221 89 159 159 245 235 240 213 241 53 236 77 239 216 218 231 237 112
124 25 2641 249 230 245 234 247 127 248 105 246 11 178 85 242 12 239 24 244 36 241 115 240 82 228 198 223 218 114 191 243 43 238 84 233 107 237 107 227 183 139 70 49 123 231 153 45 75 232 192 225 83
125 25 2742 246 198 241 50 248 15 249 74 243 237 239 223 247 212 236 230 232 116 234 77 237 60 238 213 245 75 242 244 240 146 244 129 36 215 226 172 231 182 153 218 144 241 218 221 235 185 155 147 225 247
126 25 2740 249 16 248 137 222 223 241 155 245 110 230 214 233 2 247 131 242 142 246 84 152 132 244 133 243 188 231 100 143 222 228 188 200 52 223 43 236 5 239 150 51 9 213 102 237 104 235 33 203 164
127 25 2635 248 212 236 178 213 108 249 212 247 1 244 21 240 7 245 112 205 20 242 31 225 168 243 243 161 5 239 241 246 135 241 11 229 93 119 142 33 86 218 209 238 81 118 71 121 38 233 194 237 137
128 25 2812 170 155 248 68 249 2 247 139 232 98 239 60 245 226 216 190 246 11 149 173 235 1 242 250 209 143 244 164 188 7 211 20 241 229 197 144 230 62 240 103 237 20 223 46 226 185 218 140 243 213
129 25 2789 249 4 244 188 248 209 243 25 209 92 246 224 224 187 247 108 208 4 227 60 235 235 236 170 218 81 239 95 245 10 195 44 238 243 220 39 242 184 213 221 228 240 221 100 216 72 237 36 50 66
130 25 2811 244 160 249 114 230 8 247 151 242 218 239 134 248 86 240 115 246 127 228 46 245 7 241 234 216 32 219 114 229 225 243 154 212 188 234 135 208 166 172 65 204 41 238 112 193 69 224 109 132 165
131 25 2871 248 91 247 24 249 108 240 77 245 7 239 216 243 145 241 228 226 136 246 77 242 5 236 92 215 76 229 226 230 31 238 65 237 77 231 125 201 140 220 136 134 97 224 54 244 16 206 247 232 173
132 25 2775 246 105 247 23 248 39 249 83 240 40 239 234 243 102 231 183 205 116 244 170 245 237 241 225 236 39 229 22 215 235 224 17 2 117 202 99 235 94 242 105 238 189 180 6 234 33 210 26 226 170
133 25 2717 239 158 248 161 246 187 243 103 249 166 242 54 152 75 244 189 241 152 245 125 247 83 221 235 215 96 204 8 225 59 238 6 236 161 240 214 217 62 163 191 207 41 193 74 231 231 168 21 81 212
134 25 2581 249 21 245 237 247 239 248 134 239 77 241 201 244 240 246 114 236 70 194 21 242 212 115 162 243 104 231 85 188 231 214 37 233 84 230 221 81 169 179 241 72 201 141 84 170 13 237 113 197 9
135 25 2793 249 44 240 21 248 137 246 167 244 125 247 111 236 236 245 82 242 245 241 125 230 9 239 20 243 5 235 241 145 59 223 67 216 160 232 85 231 9 237 77 147 90 93 136 228 34 224 227 226 174
136 25 2862 242 80 249 76 248 6 246 29 236 48 247 148 244 116 238 69 235 189 239 92 234 30 240 64 195 11 229 38 202 82 241 96 245 123 243 8 201 224 231 174 237 134 146 42 233 66 221 139 203 52
137 25 2875 194 8 240 138 249 107 248 214 247 7 237 98 242 29 199 34 239 55 231 191 184 59 246 50 212 215 236 47 238 100 220 143 228 45 245 9 244 114 241 250 243 105 229 225 202 76 232 209 225 100
138 25 2779 249 59 247 71 246 208 244 209 248 126 242 172 193 140 245 192 228 186 208 128 217 43 243 129 237 78 238 90 225 65 240 142 129 90 236 234 239 243 234 193 218 57 54 81 226 29 241 128 232 162
139 25 2693 248 144 249 102 245 155 247 188 174 206 232 89 155 196 244 163 225 158 110 200 246 171 243 70 238 110 219 148 235 249 220 195 211 154 223 238 175 171 241 170 216 21 236 141 229 59 242 205 83 85
140 25 2764 240 183 248 206 244 250 249 187 234 122 247 149 237 39 242 23 245 246 214 103 169 237 241 121 246 138 217 77 239 59 238 229 167 248 208 183 243 185 86 178 229 136 223 241 236 175 203 22 184 205
141 25 2760 249 249 241 93 247 32 245 155 246 210 243 140 244 38 248 105 233 75 237 235 240 218 139 68 218 208 221 196 242 95 231 129 225 7 39 158 235 76 239 61 229 108 227 70 180 123 200 125 222 217
142 25 2660 205 180 249 81 248 94 235 216 240 165 245 16 225 9 246 4 247 67 230 39 241 208 238 168 244 94 232 234 243 206 207 79 112 88 188 13 20 220 239 74 236 103 128 166 227 226 242 10 153 191
143 25 2742 248 201 249 62 245 17 228 239 241 183 236 65 227 107 247 37 244 3 211 232 243 232 238 196 219 166 215 69 233 36 226 186 208 120 242 240 231 223 163 10 246 154 188 20 81 7 234 241 141 82
144 25 2657 249 16 248 1 247 20 185 100 246 171 243 100 245 55 238 220 244 199 214 200 219 133 156 80 228 248 152 240 240 130 239 246 107 218 187 171 205 111 242 140 234 118 237 122 101 39 168 218 241 192
145 25 2781 249 189 247 172 248 248 244 129 246 61 233 113 245 127 231 118 243 154 241 26 225 180 240 148 242 31 211 118 234 32 237 131 203 191 149 28 169 36 187 74 163 227 223 74 229 124 197 109 226 62
146 25 2655 248 224 246 67 217 221 243 157 97 2 249 102 221 77 244 22 247 1 245 173 242 128 241 46 240 77 236 151 235 16 20 191 224 197 220 185 118 58 214 120 234 185 238 238 209 44 151 245 231 192
147 25 2877 248 44 249 230 245 90 238 69 231 13 241 191 244 229 246 53 247 236 180 9 240 72 239 129 243 80 230 111 236 183 229 6 242 82 210 115 237 41 226 126 223 139 174 166 232 191 219 43 205 138
148 25 2815 239 62 249 22 248 32 241 197 187 61 244 160 231 14 247 199 234 250 245 235 229 163 243 163 240 207 242 189 246 64 182 6 235 203 230 2 226 134 173 248 189 3 237 15 158 91 238 219 197 37
149 25 2886 242 5 234 159 249 64 243 52 246 45 247 36 241 218 248 59 222 14 237 113 220 184 230 91 245 213 240 76 244 83 239 98 238 20 194 131 219 144 188 118 203 41 228 80 229 83 216 233 231 233
150 25 2787 245 242 249 73 247 14 248 206 235 189 219 206 233 237 246 194 209 141 241 99 243 243 153 222 240 35 234 190 227 110 244 217 202 93 237 94 193 183 236 163 212 156 123 92 204 116 229 95 225 128
151 25 2855 248 145 249 169 232 175 239 198 242 172 245 72 246 125 247 230 236 14 171 176 230 169 243 234 240 26 237 120 223 128 244 162 233 229 231 54 238 148 235 222 241 81 215 200 214 4 224 184 108 185
152 25 2747 245 219 242 159 248 76 246 87 249 121 137 94 238 225 247 165 241 191 236 188 240 111 244 196 229 150 243 241 232 69 237 13 54 250 235 225 228 114 226 46 239 63 214 22 233 149 216 86 95 28
153 25 2870 249 132 247 131 217 217 244 165 156 190 245 158 185 82 246 117 248 9 235 191 239 204 228 236 243 91 225 34 241 77 238 68 221 106 230 234 242 74 233 42 237 154 234 48 187 143 231 134 240 163
154 25 2789 248 186 249 152 246 174 144 54 234 106 207 16 245 71 238 216 242 48 239 47 244 217 236 36 175 162 228 4 247 18 224 92 226 28 243 167 208 224 82 164 240 7 230 178 237 171 225 55 241 195
155 25 2732 246 46 248 34 247 3 237 76 236 42 249 97 245 19 240 171 241 185 169 227 239 99 244 135 226 15 223 235 238 230 230 87 208 83 243 205 183 31 233 223 225 51 71 237 242 29 165 171 136 206
156 25 2788 249 232 247 179 248 208 234 102 246 60 219 205 242 169 241 30 245 134 213 102 199 22 244 236 235 216 243 211 239 175 163 15 210 141 220 60 224 247 156 9 231 82 215 243 230 3 152 151 232 101
157 25 2747 249 57 248 42 140 151 232 249 246 224 132 118 244 160 227 40 243 72 241 19 230 188 247 231 240 167 225 158 208 162 245 89 228 97 235 238 231 242 226 195 237 15 58 64 224 36 216 185 242 103
158 25 2751 210 56 249 97 248 78 247 244 219 36 244 236 240 107 228 190 218 231 236 211 246 167 229 16 245 231 68 180 241 190 243 145 239 99 242 156 169 140 213 68 235 140 220 31 205 49 214 109 155 69
159 25 2699 245 97 249 129 247 213 230 209 246 92 248 68 244 53 171 28 241 116 239 14 145 203 236 221 229 171 243 174 242 23 194 209 225 142 197 132 215 249 212 178 223 17 124 3 198 189 190 107 165 34
160 25 2870 232 8 249 118 248 240 247 153 241 127 244 52 230 208 245 75 238 136 246 231 227 64 239 192 228 30 210 181 242 211 224 50 240 101 234 66 243 93 222 26 167 129 237 9 190 218 201 188 216 92
161 25 2793 247 70 249 12 244 143 246 171 232 90 243 118 217 53 236 17 245 121 248 125 238 10 216 181 224 197 240 1 229 99 65 186 241 85 242 116 237 97 231 100 227 120 126 213 197 158 228 5 239 144
162 25 2807 248 133 242 63 233 77 236 166 247 235 209 101 249 59 245 177 235 138 246 174 240 123 239 23 243 38 238 72 165 240 231 25 241 140 234 25 228 207 244 212 198 12 237 44 206 191 48 237 232 22
163 25 2764 234 57 249 201 245 130 248 40 241 49 247 36 235 213 142 231 244 41 237 220 157 5 240 206 242 148 243 178 246 178 213 225 238 67 229 86 226 220 194 29 172 9 208 25 127 47 239 172 233 215
164 25 2834 249 138 246 88 223 110 237 5 247 34 245 211 248 240 244 31 238 230 216 100 221 212 243 89 210 184 240 65 211 47 235 82 239 75 222 99 234 177 213 54 241 200 242 202 207 1 230 208 88 101
165 25 2863 237 85 216 190 230 155 249 127 247 212 248 11 245 160 246 160 238 126 239 89 241 172 242 191 243 35 233 131 226 35 240 111 244 166 235 232 219 101 176 6 222 212 234 147 223 126 217 127 136 186
166 25 2872 249 123 247 215 243 247 239 181 246 30 248 6 237 8 209 103 245 114 244 3 240 197 238 232 190 124 232 19 225 28 236 187 242 132 241 8 214 229 234 216 196 161 224 224 205 151 229 105 191 103
167 25 2803 249 60 248 86 230 225 245 1 237 52 226 101 247 192 246 173 244 156 169 46 165 119 234 223 240 212 221 40 242 193 135 19 241 234 238 136 243 193 228 184 175 3 208 113 229 77 232 222 235 91
168 25 2812 241 74 249 203 247 115 226 194 248 222 245 89 190 134 230 16 246 176 240 246 227 82 238 34 244 208 243 217 232 44 206 85 222 174 231 246 237 30 35 218 223 218 214 161 242 130 229 130 239 7
169 25 2870 248 231 249 151 241 72 231 235 242 68 185 127 244 184 235 17 247 233 239 38 168 242 236 150 233 133 200 176 246 201 245 135 240 162 237 196 224 5 218 245 232 243 226 206 243 247 229 115 203 222
170 25 2879 247 48 240 93 215 45 248 85 238 96 249 244 241 250 228 9 244 234 223 186 246 222 236 175 245 139 143 24 242 152 212 199 225 61 239 40 237 67 243 152 206 95 230 203 219 197 229 57 234 12
171 25 2829 249 217 244 217 246 38 247 134 206 139 240 3 248 139 234 99 245 149 235 189 239 43 236 34 233 68 225 144 223 170 88 11 242 240 238 52 201 33 210 66 186 225 243 124 241 79 229 244 231 83
172 25 2813 244 167 246 205 249 103 232 29 247 128 241 201 245 1 237 118 183 116 248 229 194 165 240 210 238 81 243 20 226 153 242 30 236 2 228 104 52 51 231 184 233 115 219 243 205 243 239 114 229 245
173 25 2782 249 91 248 91 247 249 239 180 199 230 227 195 244 133 245 179 246 53 241 121 240 144 236 104 242 161 235 47 216 130 243 243 191 155 217 249 230 117 223 119 232 230 234 67 60 15 233 213 147 122
174 25 2733 241 209 242 32 248 244 249 194 247 241 244 141 226 162 224 217 230 214 238 168 161 184 233 121 246 94 240 76 245 27 215 52 243 18 45 173 232 5 99 196 236 128 235 31 227 214 181 11 239 82
175 25 2873 249 42 234 92 248 8 243 111 239 194 247 43 245 94 246 53 213 246 200 46 238 114 242 159 229 135 231 105 244 248 237 143 222 146 235 230 225 90 240 145 226 4 218 169 232 239 153 216 211 30
176 25 2854 248 137 227 47 249 60 195 194 247 17 244 46 243 59 234 140 245 119 223 90 204 138 240 77 246 15 219 146 241 94 239 113 179 219 203 100 228 69 233 84 237 193 224 66 238 156 242 27 181 95
177 25 2851 249 188 247 116 246 250 248 62 244 106 224 184 241 116 237 15 239 42 243 31 235 1 240 115 231 249 242 190 222 95 245 119 216 105 238 93 118 62 221 46 228 109 199 132 188 172 236 72 226 23
178 25 2866 247 73 248 217 249 141 118 202 245 195 233 103 239 1 241 235 240 15 236 166 242 178 221 69 237 13 246 47 243 199 219 249 225 225 244 147 234 20 229 201 227 194 179 224 238 15 235 235 218 211
179 25 2812 247 11 224 198 244 173 249 141 246 63 213 91 245 47 241 109 248 236 238 115 152 123 236 92 240 150 229 86 242 40 151 194 243 133 140 46 225 55 232 232 226 87 230 2 234 238 223 154 227 30
180 25 2615 243 118 249 223 248 62 246 136 228 133 244 123 241 246 247 97 225 64 210 120 232 193 89 156 237 43 245 40 242 218 238 212 131 47 214 232 240 39 177 105 18 34 212 29 108 231 234 85 233 117
181 25 2677 243 39 166 193 249 169 245 160 239 208 246 173 237 101 248 68 247 192 184 82 244 244 240 97 241 213 217 128 190 40 129 247 110 145 236 143 230 125 242 172 83 123 225 24 226 9 228 234 210 7
182 25 2803 249 225 248 127 201 63 242 183 247 1 244 67 246 11 171 161 243 26 240 88 230 161 195 176 238 89 218 3 237 120 223 91 190 189 192 63 157 7 226 152 229 195 245 80 233 16 228 91 235 164
183 25 2856 245 165 246 87 239 143 204 201 249 164 244 151 247 249 237 236 243 244 241 122 248 127 233 34 203 117 199 142 198 98 224 39 223 190 240 80 226 57 218 232 235 189 216 115 227 146 192 68 236 130
184 25 2673 249 180 246 58 235 206 247 174 241 163 248 244 224 7 245 81 244 220 243 215 240 238 226 75 189 113 239 204 212 27 231 91 236 242 172 75 121 127 148 43 53 129 242 206 200 18 184 19 232 45
185 25 2748 249 64 247 153 195 158 244 239 248 81 245 189 242 170 241 233 240 92 154 9 246 39 233 95 238 246 237 175 229 14 217 225 224 44 200 146 219 204 201 69 232 73 236 195 239 159 9 85 231 214
186 25 2665 248 179 243 100 249 155 238 218 244 108 246 3 247 175 229 56 239 243 105 243 236 4 245 226 189 246 234 218 190 191 232 106 71 9 78 56 217 91 222 8 233 93 241 164 221 20 242 24 191 240
187 25 2572 249 184 247 46 246 182 245 194 76 129 248 32 135 191 225 88 239 91 241 5 244 153 243 69 19 85 238 216 242 83 232 97 215 162 231 144 230 44 240 196 207 250 85 214 221 189 145 161 202 3
188 25 2754 249 222 247 120 244 144 220 175 241 166 248 9 246 117 243 238 245 124 111 229 226 122 242 46 205 38 234 241 224 178 213 188 228 204 237 100 164 50 227 162 233 8 239 213 146 224 172 91 225 181
189 25 2917 226 226 249 197 242 80 246 250 248 194 247 80 243 46 241 22 221 183 239 122 244 205 228 222 235 208 232 58 209 246 237 238 216 91 238 92 231 45 240 97 245 177 236 35 225 93 224 99 193 230
190 25 2846 234 231 248 62 249 156 246 105 247 230 228 216 244 147 215 50 242 12 238 189 240 214 245 26 236 13 243 1 224 18 239 185 237 148 241 123 205 109 116 80 195 112 235 17 185 185 231 38 230 86
191 25 2685 249 89 247 179 245 153 244 221 246 228 248 42 243 151 235 57 234 130 242 203 218 182 227 65 205 202 207 205 241 244 231 177 228 25 204 37 221 237 229 133 239 186 9 18 237 208 5 116 236 93
192 25 2809 248 173 249 162 246 35 244 225 247 97 214 66 220 201 245 51 243 220 241 197 229 66 107 199 221 59 242 239 210 242 217 28 235 129 236 191 207 83 231 215 205 202 223 223 219 118 199 106 240 241
193 25 2722 249 49 240 65 248 169 229 207 243 166 217 39 81 180 247 68 94 233 178 175 221 237 246 154 230 210 236 54 244 70 223 12 245 192 204 147 202 216 216 97 224 175 211 31 233 217 242 104 241 56
194 25 2810 248 80 124 44 236 10 247 169 249 231 223 192 194 226 243 6 242 225 239 37 245 56 246 205 241 90 233 55 237 92 244 242 204 221 180 249 232 242 227 174 231 220 224 220 207 200 209 54 215 46
195 25 2717 248 135 246 7 247 60 249 40 240 131 213 101 244 104 90 73 242 51 243 49 231 28 245 234 235 193 239 226 220 213 237 113 228 227 133 191 226 19 146 182 238 33 172 141 216 78 171 192 236 142
196 25 2907 245 72 222 95 244 109 242 153 249 172 243 155 246 173 208 60 248 185 204 55 247 21 238 105 233 92 239 60 231 248 192 157 228 64 234 99 224 240 241 223 226 111 240 146 235 113 237 2 219 199
197 25 2652 247 102 243 188 249 76 248 109 246 70 180 226 241 130 237 23 242 90 56 137 219 169 81 83 235 232 190 222 244 212 239 72 218 65 245 216 229 113 220 69 223 184 236 50 178 237 167 41 192 208
198 25 2916 249 8 233 216 248 225 246 149 241 130 245 104 247 25 239 136 234 59 244 216 243 44 240 70 242 134 218 133 235 173 186 181 237 73 231 48 236 90 224 6 204 25 227 170 229 6 230 149 225 82
199 25 2835 203 169 248 249 249 142 247 124 244 249 240 78 243 98 106 88 232 49 234 214 237 48 245 20 235 27 231 120 233 76 208 175 241 123 246 46 228 28 238 177 220 91 196 13 185 214 239 69 242 167
200 25 2790 249 208 248 94 232 26 247 12 238 181 226 27 244 202 245 26 246 37 218 167 240 149 243 26 139 53 239 231 235 207 241 7 223 108 229 1 149 241 242 159 162 40 151 13 236 95 225 117 234 130
201 25 2809 244 95 249 62 248 188 246 10 203 119 241 38 179 180 223 177 243 19 247 4 245 17 234 224 196 228 133 239 231 207 242 104 219 228 226 83 217 122 210 142 232 222 214 145 222 34 236 50 238 22
202 25 2755 246 69 173 124 249 247 243 7 248 124 242 2 230 48 216 3 247 225 244 91 107 209 131 180 238 113 231 248 213 216 220 178 241 2 240 224 245 211 233 194 226 123 206 102 235 167 200 189 207 9
203 25 2921 246 149 239 208 247 154 249 136 248 237 242 94 244 63 238 102 236 20 233 26 235 78 229 176 234 195 245 193 240 94 241 109 243 170 237 118 225 28 222 56 223 7 202 227 230 11 204 58 210 16
204 25 2880 249 75 248 144 234 206 247 111 246 80 244 102 240 34 223 136 239 132 245 34 213 9 242 102 232 121 241 191 236 36 225 101 243 43 152 36 238 27 222 5 210 239 215 57 235 175 211 17 231 103
205 25 2766 249 196 243 243 248 127 245 171 235 93 241 185 247 40 233 121 246 136 236 100 146 138 239 46 228 146 237 219 204 14 203 71 238 227 244 139 240 52 180 53 121 43 227 52 229 184 202 54 171 74
206 25 2784 246 104 248 162 239 69 249 216 245 63 232 82 243 228 240 116 247 71 242 122 155 107 108 123 237 11 235 153 181 64 213 104 199 37 220 35 244 43 225 95 210 229 236 102 212 37 228 127 234 183
207 25 2867 248 103 245 23 218 86 249 12 226 144 207 162 209 219 236 114 198 192 228 106 247 163 242 33 246 209 184 56 241 115 235 211 240 202 238 6 239 187 229 170 174 223 237 55 231 86 243 176 244 229
208 25 2838 238 180 249 27 244 124 175 65 243 94 248 206 245 70 237 29 246 45 241 205 182 79 247 183 224 133 220 103 225 27 236 180 229 237 228 41 227 29 234 49 215 98 233 167 239 162 142 37 230 173
209 25 2757 247 52 248 125 249 231 243 144 245 115 244 27 237 12 239 57 235 222 208 168 223 12 238 114 72 77 231 105 241 30 226 77 240 68 233 57 246 118 177 95 136 73 224 167 202 207 189 158 242 133
210 25 2444 233 213 249 64 246 189 248 220 247 204 41 42 245 216 243 238 223 13 237 202 61 181 244 94 188 95 238 189 221 160 177 4 167 204 239 15 179 166 13 177 182 201 79 135 217 159 230 72 242 100
211 25 2818 242 130 249 138 248 47 245 178 246 25 247 131 240 29 235 236 243 65 234 188 244 13 237 68 241 33 239 69 232 229 231 224 116 115 229 12 182 161 230 41 222 129 113 222 236 108 217 201 238 131
212 25 2720 248 60 249 79 244 216 245 234 222 58 247 16 243 209 235 90 246 165 237 50 242 225 233 35 196 120 238 203 125 218 232 200 151 169 224 214 239 36 240 157 230 213 209 228 193 138 31 236 241 103
213 25 2776 240 197 248 63 247 85 249 149 246 84 243 17 239 175 214 27 234 63 245 46 230 31 242 46 215 74 238 50 229 219 244 72 194 237 232 203 196 200 225 208 137 232 166 212 241 241 123 216 236 217
214 25 2786 224 18 246 20 249 12 248 22 227 233 247 8 222 171 233 108 211 185 242 179 245 66 239 16 240 49 241 174 238 58 189 108 236 142 76 32 237 184 186 247 202 225 226 71 244 1 206 130 219 39
215 25 2861 249 224 246 213 226 226 164 155 212 194 248 27 179 206 230 154 245 41 247 63 211 210 244 146 243 178 240 65 239 70 225 172 242 212 233 15 238 93 207 109 213 214 236 9 241 43 237 145 227 117
216 25 2818 249 3 243 3 248 19 247 55 235 194 238 116 246 33 226 183 242 227 232 129 241 46 240 22 217 112 245 241 237 127 231 9 195 86 104 176 244 215 239 98 222 120 229 165 171 64 234 95 181 31
217 25 2838 194 200 247 123 248 105 242 171 246 61 241 175 240 11 209 84 249 16 239 220 231 205 244 62 245 108 237 85 236 102 159 75 213 58 243 81 230 183 216 140 232 62 180 161 220 192 210 83 225 65
218 25 2749 247 123 246 19 248 187 244 13 249 155 240 244 239 25 200 87 185 20 242 191 167 187 243 166 245 246 232 69 148 232 215 16 236 223 233 159 217 237 121 244 234 176 237 21 238 213 201 219 191 144
219 25 2747 184 204 240 170 249 96 236 232 247 37 248 145 142 7 244 240 246 136 234 111 239 219 245 64 242 145 185 42 241 120 243 204 227 92 224 211 169 242 233 234 238 144 231 225 109 18 180 153 219 141
220 25 2881 247 223 249 144 244 171 221 2 248 227 246 191 231 130 241 151 245 4 184 5 237 54 242 108 226 123 200 131 243 240 238 26 240 110 230 234 232 135 235 125 233 124 194 170 227 54 210 187 219 60
221 25 2856 248 248 249 135 246 40 247 204 193 244 239 132 240 135 234 80 245 180 197 21 241 181 159 242 242 222 173 8 243 145 237 176 244 22 222 16 223 73 232 217 235 82 233 160 238 120 225 65 228 92
222 25 2766 249 134 69 155 248 153 247 207 212 39 245 126 239 31 246 5 242 78 243 95 182 114 241 157 244 82 209 173 240 96 234 12 233 53 232 15 208 100 124 136 235 220 236 75 214 60 231 52 229 163
223 25 2816 248 222 209 74 241 74 249 167 141 26 247 160 243 24 246 184 244 204 229 239 242 166 239 116 245 136 235 37 215 215 231 112 171 64 212 159 236 224 177 22 240 98 227 191 205 101 237 228 224 107
224 25 2833 246 47 249 185 248 228 242 195 243 248 237 179 247 137 234 27 238 24 244 2 223 97 245 167 240 160 224 1 239 46 190 134 217 88 104 56 233 35 228 22 213 51 241 175 195 6 215 227 232 249
225 25 2809 248 42 246 154 249 23 206 76 243 142 241 149 247 11 217 56 244 115 138 104 238 207 223 91 215 129 229 90 240 154 245 20 236 109 242 75 185 241 212 231 230 135 163 227 227 214 234 163 221 199
226 25 2753 244 208 247 78 249 136 248 220 225 84 235 16 245 95 234 33 228 247 242 222 24 171 241 208 246 31 240 91 243 96 237 230 231 101 238 155 207 137 208 116 140 42 181 157 232 69 215 79 227 1
227 25 2628 248 171 249 154 245 194 244 31 226 237 247 19 136 167 246 130 242 26 237 213 239 147 212 196 184 136 231 68 214 168 238 213 91 241 61 145 217 139 112 39 236 197 234 143 243 81 207 219 218 65
228 25 2887 248 88 242 30 249 206 244 33 217 204 247 111 239 203 246 139 241 71 243 173 245 125 225 207 240 217 229 187 223 103 234 224 214 104 221 118 238 223 236 63 220 214 178 144 228 48 212 117 216 106
229 25 2712 249 112 240 243 246 105 248 74 247 60 227 185 212 71 203 109 216 151 228 30 230 180 243 174 245 27 232 149 225 215 222 84 237 50 244 188 226 79 241 93 229 92 224 245 238 218 71 129 1 190
230 25 2771 197 171 249 186 247 19 248 182 245 33 180 113 205 173 242 56 226 43 184 115 246 169 231 219 217 189 241 1 227 98 244 166 194 66 243 222 238 97 211 67 195 192 229 23 228 244 232 237 144 130
231 25 2875 248 212 247 37 249 115 245 159 242 71 236 235 246 245 241 243 238 56 244 117 237 93 227 34 217 93 234 87 243 47 239 223 231 97 219 171 214 230 240 139 222 109 235 68 134 132 190 160 233 65
232 25 2604 239 48 249 110 247 59 248 54 214 3 245 220 37 88 233 110 240 250 236 2 232 98 183 122 242 65 243 145 241 215 246 124 244 90 217 185 39 223 223 181 205 14 108 103 141 166 231 194 226 204
233 25 2774 242 49 224 34 244 171 249 215 247 38 215 210 240 166 245 20 248 162 238 78 246 193 236 59 225 221 185 220 235 115 227 55 243 133 187 4 228 186 183 41 241 165 214 243 173 132 103 89 230 246
234 25 2773 249 231 246 203 248 45 244 72 155 235 240 174 247 171 242 16 243 249 213 245 234 174 245 175 221 203 239 218 241 11 232 245 218 164 236 117 215 207 192 204 223 147 38 250 238 119 220 137 227 245
235 25 2658 245 167 249 95 242 212 248 99 237 229 246 173 44 182 230 28 247 86 244 21 238 25 243 192 173 242 235 19 227 128 239 169 13 185 228 32 236 185 189 49 240 226 174 132 201 30 241 153 207 172
236 25 2827 244 189 248 236 238 188 163 51 224 36 249 93 241 199 201 159 243 178 245 146 246 161 239 98 234 60 226 39 247 94 240 132 209 216 236 98 205 154 242 208 175 144 210 198 237 164 184 1 228 79
237 25 2638 239 214 249 101 247 42 246 218 248 190 245 120 244 111 223 37 203 36 217 110 234 99 22 211 240 241 243 14 241 208 41 116 202 243 236 199 230 95 210 104 126 42 242 163 193 102 229 174 226 191
238 25 2908 247 79 249 11 245 76 248 81 221 100 233 216 246 49 244 157 242 209 241 162 240 15 195 42 235 82 236 94 215 181 232 148 225 107 243 211 207 18 238 159 206 208 226 43 239 27 230 199 234 68
239 25 2759 249 185 247 190 245 77 55 185 246 214 248 101 237 143 239 135 207 163 243 127 238 44 233 114 230 138 242 134 201 35 244 62 225 89 241 186 67 243 240 55 216 242 229 100 236 16 226 219 234 180
240 25 2788 248 94 249 110 237 48 247 228 235 156 230 182 243 86 245 222 242 121 157 133 139 50 210 30 244 2 216 246 189 85 246 92 223 84 218 155 238 48 241 191 147 180 240 30 229 244 231 244 233 19
241 25 2676 222 199 235 174 244 50 249 214 193 17 245 46 247 205 248 210 241 2 196 163 130 125 246 9 232 201 186 236 181 128 176 35 233 23 127 1 146 67 203 99 229 228 226 41 236 48 239 120 243 247
242 25 2814 248 175 249 204 244 184 247 17 242 103 233 56 245 203 241 173 222 228 99 83 227 56 234 63 246 204 225 51 237 126 198 1 226 60 213 170 236 209 243 47 169 139 240 221 214 98 215 125 235 70
243 25 2669 249 93 243 77 247 44 246 235 248 182 197 36 242 210 232 126 223 112 235 161 118 164 220 176 225 30 224 245 238 77 213 154 241 224 244 205 245 152 110 53 117 113 240 23 76 17 229 229 237 183
244 25 2651 248 55 249 1 231 117 246 140 245 11 247 232 239 105 240 27 233 29 244 90 101 56 238 222 201 10 241 22 242 111 111 199 229 148 234 20 243 204 183 65 155 182 125 18 213 110 130 53 235 146
245 25 2777 247 121 237 26 249 125 248 188 198 239 239 165 244 29 180 82 246 181 228 136 211 31 243 118 242 120 245 24 241 26 150 36 218 233 231 225 184 28 174 104 226 189 229 40 219 233 188 19 238 8
246 25 2849 248 234 247 136 249 99 246 76 240 233 201 38 245 229 228 20 238 102 243 87 203 18 229 1 242 242 237 235 213 206 244 17 197 71 239 109 232 220 226 160 200 152 159 214 221 67 236 109 235 224
247 25 2659 249 181 245 245 240 45 247 68 248 90 244 141 221 203 246 154 242 212 238 203 204 150 213 77 241 106 235 149 243 237 214 69 236 179 135 20 41 112 203 159 139 87 191 166 179 229 186 17 239 9
248 25 2833 241 72 249 100 236 32 226 9 248 104 242 208 247 120 245 238 238 227 206 46 246 75 244 146 239 225 243 45 240 61 229 22 208 35 231 235 237 134 178 3 227 81 234 33 228 185 130 178 174 149
249 25 2724 245 129 247 228 248 95 200 92 249 45 246 33 233 63 243 110 235 125 244 196 197 163 242 155 142 159 234 72 226 63 206 112 1 211 241 118 236 170 177 151 240 36 231 38 237 173 239 62 210 8
250 25 2867 249 130 227 103 243 26 244 230 238 196 247 13 246 223 242 165 217 149 236 242 235 249 148 69 240 225 241 205 245 115 229 107 248 197 186 35 237 191 226 36 239 120 220 180 232 212 205 8 214 144
251 25 2688 243 97 249 83 247 175 244 8 229 179 246 67 248 142 198 161 242 101 228 187 230 31 241 145 240 238 234 84 237 186 56 191 245 227 73 153 238 54 202 195 239 160 221 141 177 166 137 205 232 115
252 25 2881 247 141 245 96 249 72 244 51 239 16 248 185 243 58 181 180 246 55 240 142 208 86 222 118 235 71 242 19 237 200 218 108 207 189 224 80 241 138 214 154 221 2 228 147 238 27 229 180 216 140
253 25 2630 249 37 247 207 245 115 234 189 207 152 243 191 241 31 97 220 170 18 248 66 246 80 213 12 242 56 240 170 238 172 209 115 28 195 203 68 233 99 244 26 205 97 239 119 229 128 171 98 139 29
254 25 2776 236 162 248 24 243 152 245 203 249 206 242 64 244 32 239 216 241 177 221 113 234 207 237 173 247 148 228 128 170 201 235 102 238 132 225 110 207 12 246 71 176 97 59 86 222 54 233 188 187 27
255 25 2904 249 3 245 90 243 76 248 146 247 248 244 9 246 216 242 59 213 244 241 135 232 124 238 98 217 141 233 78 239 110 216 31 228 235 235 247 227 172 236 133 225 130 230 212 221 96 223 231 191 221
256 25 2755 243 28 247 114 249 189 244 245 246 103 248 20 177 64 239 54 232 49 242 4 240 65 234 167 233 151 228 136 119 5 217 215 86 212 245 79 225 104 221 233 237 164 153 201 241 62 229 247 235 190
257 25 2702 247 67 240 227 248 167 243 108 239 230 249 179 244 201 241 144 246 247 221 13 245 235 48 162 217 63 220 67 242 133 238 61 233 28 232 232 34 189 219 90 236 150 235 146 201 26 156 136 231 5
258 25 2900 246 167 248 53 244 115 249 51 235 127 247 10 222 175 211 123 245 80 236 227 242 158 238 52 227 29 210 241 239 208 200 64 240 53 241 59 206 46 237 164 226 105 243 111 215 204 229 164 224 21
259 25 2799 171 161 249 246 202 239 248 220 246 179 245 196 247 98 244 97 203 129 239 245 241 123 243 2 234 248 224 8 211 239 184 80 242 82 230 77 218 242 200 68 228 227 152 201 236 244 227 117 235 39
260 25 2670 247 220 239 41 249 112 242 233 248 76 246 224 205 102 243 60 244 162 241 129 229 37 231 95 240 238 218 176 245 103 235 129 226 122 234 25 103 66 138 217 221 66 196 158 186 80 185 93 49 183
261 25 2800 246 206 232 174 221 149 247 173 249 239 201 14 182 193 235 104 241 143 248 5 242 93 238 33 239 171 244 250 245 109 236 69 240 105 243 138 223 73 229 172 77 30 233 98 228 61 234 124 148 165
262 25 2618 249 134 247 25 248 219 208 11 241 193 229 204 245 178 246 98 226 171 94 45 102 15 231 8 242 214 244 83 193 229 240 65 116 150 216 194 209 176 243 119 123 139 238 148 239 61 196 166 172 19
263 25 2763 249 223 248 86 244 204 247 219 240 235 246 193 243 130 198 42 237 11 197 123 238 237 241 145 131 212 163 176 245 195 204 212 180 143 230 82 239 208 232 84 242 69 145 209 219 223 233 139 235 1
264 25 2830 249 239 248 216 243 32 234 197 226 153 232 194 247 175 244 180 181 136 235 223 207 231 227 191 246 230 242 56 236 230 216 31 239 89 58 42 238 114 240 167 237 62 245 218 241 218 229 101 221 247
265 25 2780 223 227 248 162 238 128 249 72 247 208 236 12 244 132 240 129 246 81 245 10 224 61 232 233 243 27 229 190 126 8 231 82 242 111 239 96 241 184 219 208 233 42 37 31 228 221 199 50 221 151
266 25 2846 249 222 244 55 248 1 247 198 246 25 239 3 245 39 240 160 213 187 242 244 234 116 202 210 237 231 238 12 215 9 235 128 230 243 243 58 241 225 210 42 229 232 236 195 99 195 199 41 232 28
267 25 2836 249 155 248 10 247 7 244 80 239 239 237 7 240 37 162 80 246 244 236 61 245 97 225 77 242 110 214 34 227 119 210 194 235 231 228 156 243 202 200 37 217 201 233 60 229 114 193 25 183 116
268 25 2904 248 229 245 242 249 166 240 248 247 13 227 101 243 81 237 43 246 167 239 74 241 62 242 121 238 91 234 95 244 249 228 128 202 232 216 42 236 27 204 234 229 189 187 177 220 179 235 56 232 91
269 25 2799 249 164 244 141 237 14 225 59 245 137 248 136 226 214 243 61 247 160 210 82 242 225 246 137 241 217 234 16 219 213 138 227 215 199 240 164 192 218 238 12 102 92 231 38 224 223 236 39 227 210
270 25 2748 249 23 248 215 238 64 175 136 114 135 237 97 247 49 245 212 244 71 242 111 243 90 246 17 234 179 225 174 212 184 231 54 239 129 94 127 182 25 232 198 241 81 228 99 214 33 224 211 213 77
271 25 2828 210 203 245 32 243 233 237 71 249 64 248 50 221 102 247 192 244 45 246 122 242 201 233 126 239 229 236 191 211 64 230 146 241 205 238 60 51 182 232 170 240 197 217 211 235 150 234 213 187 52
272 25 2752 249 197 242 138 247 220 221 166 244 159 241 232 234 75 209 157 248 138 245 240 246 185 243 72 222 19 165 178 237 92 236 191 239 203 233 8 240 204 226 245 232 97 111 95 63 95 218 197 214 237
273 25 2853 249 2 248 161 247 30 243 89 224 23 220 244 246 38 241 104 216 212 244 210 242 42 230 191 211 11 229 129 199 135 236 190 245 191 239 133 125 64 240 6 237 74 207 187 238 141 218 116 233 56
274 25 2874 249 229 248 92 247 99 245 106 231 94 246 195 238 21 236 42 240 249 244 196 243 102 235 56 242 126 241 67 200 75 237 1 232 193 178 242 213 232 223 171 228 153 225 153 216 141 196 145 215 113
275 25 2725 248 226 249 91 247 208 230 112 228 160 246 108 240 72 241 181 183 199 236 202 243 8 92 179 226 143 192 176 231 235 235 81 239 48 242 38 237 144 244 103 33 193 245 235 193 174 216 84 234 47
276 25 2792 189 53 249 120 238 141 239 120 247 147 248 95 243 178 246 70 245 39 235 19 158 173 244 215 223 84 240 175 232 118 242 78 227 180 175 76 237 56 241 31 233 147 225 221 226 222 202 48 100 243
277 25 2728 102 168 242 224 173 134 240 133 248 97 249 184 245 36 235 56 238 249 243 103 246 86 225 49 247 149 213 32 244 14 236 86 239 135 231 163 228 148 241 63 230 215 215 170 53 26 171 12 222 101
278 25 2787 247 29 245 227 217 90 249 167 242 125 237 180 248 2 246 55 240 147 243 149 232 7 202 103 64 58 230 166 228 35 185 11 239 107 224 229 238 34 231 169 209 8 168 8 244 192 241 75 226 107
279 25 2837 249 63 246 165 248 144 235 133 244 7 225 182 243 181 247 80 226 40 240 129 239 245 245 49 234 83 237 112 241 215 232 17 210 138 211 150 224 240 242 151 186 125 124 118 233 50 229 246 184 125
280 25 2898 243 29 249 167 247 63 248 122 246 126 241 15 242 19 213 102 235 30 236 33 203 210 240 207 212 207 239 183 244 231 229 231 233 7 238 67 225 114 232 250 245 192 221 20 216 108 230 116 189 97
281 25 2804 249 88 248 148 246 57 245 94 247 99 242 161 235 209 216 178 244 180 237 55 243 38 241 50 63 151 217 204 229 92 233 78 236 168 220 80 211 47 210 248 205 80 240 122 239 186 204 42 209 129
282 25 2656 17 158 248 64 249 78 247 41 245 146 246 129 244 86 239 185 232 116 185 233 220 53 35 113 224 11 223 234 240 230 200 117 237 106 215 99 241 187 242 170 236 134 162 132 233 135 235 248 218 246
283 25 2801 247 171 249 152 231 2 248 184 243 112 246 66 245 175 233 55 242 133 238 108 191 68 67 178 237 65 218 46 244 127 229 181 239 240 236 66 241 76 232 243 235 116 228 179 240 121 146 181 197 207
284 25 2718 249 108 241 19 248 92 234 40 245 47 172 139 157 195 247 103 246 200 243 196 225 65 238 77 117 165 227 196 242 212 208 176 204 203 195 6 145 44 240 226 222 129 228 64 226 241 231 19 207 55
285 25 2835 242 78 249 116 248 226 243 25 246 171 245 58 223 122 227 5 247 121 244 148 239 164 240 222 230 124 214 201 187 164 237 144 236 219 232 3 241 39 197 74 161 107 158 221 228 70 238 34 218 16
286 25 2724 249 123 248 210 243 148 247 57 204 215 245 111 246 64 241 42 244 19 184 173 226 191 239 186 227 174 242 19 63 26 146 34 148 106 199 221 235 78 238 145 217 168 221 36 236 214 220 155 240 26
287 25 2772 249 20 248 147 245 11 247 126 241 108 246 5 193 237 216 79 239 128 232 24 231 225 242 238 243 189 240 127 228 93 244 72 221 98 3 58 233 212 237 181 174 86 238 18 211 60 230 55 213 177
288 25 2750 248 72 235 21 249 133 236 151 234 21 246 156 245 150 247 224 239 179 238 177 244 158 111 101 233 216 94 50 240 74 213 171 227 55 241 171 222 79 208 69 225 53 209 170 196 15 232 149 189 25
289 25 2849 245 2 249 214 248 222 237 51 229 201 227 151 244 230 241 143 246 59 240 165 247 133 222 206 232 227 242 31 243 42 207 120 211 199 154 101 176 247 238 22 236 178 235 5 197 185 218 161 234 220
290 25 2812 244 55 248 201 249 168 164 16 205 66 242 249 246 109 168 23 247 41 181 80 221 52 215 203 230 224 235 116 240 219 245 183 243 15 189 227 233 157 232 30 225 219 211 185 234 140 238 25 239 136
291 25 2796 249 207 246 156 248 137 242 46 229 241 247 38 241 107 244 26 208 157 243 162 233 45 175 71 186 83 235 90 219 76 237 28 93 208 245 189 225 88 214 195 202 39 239 152 221 112 240 242 231 12
292 25 2749 248 33 249 155 247 79 232 189 192 2 226 159 219 217 243 148 228 225 242 77 236 13 233 183 241 165 245 35 246 144 211 199 235 67 240 235 48 188 227 189 238 94 237 3 218 210 83 203 234 59
293 25 2726 249 204 248 37 246 4 234 181 237 33 238 146 244 134 243 35 245 34 201 244 219 75 240 168 247 15 135 131 189 67 224 89 232 132 236 124 230 173 111 237 241 67 200 242 239 53 132 220 192 44
294 25 2857 249 13 248 216 88 195 247 145 246 89 226 80 242 219 245 187 232 145 219 209 240 80 244 51 239 210 236 194 241 2 238 136 230 145 243 156 228 47 205 54 231 3 216 152 223 33 234 35 224 169
295 25 2908 249 190 248 38 247 238 237 150 240 150 246 201 245 204 219 173 242 124 244 98 241 101 243 31 232 61 228 241 238 145 236 181 229 194 227 249 222 2 235 54 205 171 239 250 171 191 221 70 233 109
296 25 2785 248 119 249 186 246 64 244 184 247 116 242 245 245 106 241 67 209 149 219 18 236 115 226 211 227 43 243 250 146 196 240 116 206 68 234 217 222 165 214 85 237 236 232 24 229 195 198 216 90 201
297 25 2760 246 177 248 181 231 98 249 179 247 70 234 160 244 208 240 87 201 160 245 207 241 44 232 98 243 200 236 208 221 44 235 89 228 80 242 243 239 46 188 232 215 183 6 198 213 17 196 46 200 94
298 25 2733 248 25 247 45 246 157 249 122 245 140 244 121 208 5 241 15 243 11 238 171 242 39 212 42 227 198 149 226 136 238 228 79 216 139 235 22 233 205 240 188 129 33 239 157 191 53 209 66 172 93
299 25 2776 248 110 220 58 249 206 247 146 200 124 235 110 246 43 245 4 244 108 208 162 224 84 243 173 240 31 209 37 242 209 188 186 231 142 225 235 241 13 239 83 233 75 65 96 201 250 202 225 227 238
