0 25 2915 250 213 249 199 246 157 247 196 248 67 242 64 236 18 245 175 238 44 240 215 226 119 244 162 243 193 233 119 202 162 234 4 229 96 206 151 237 113 241 160 232 99 231 70 212 188 199 95 221 48
1 25 2941 249 207 248 17 246 97 247 215 245 120 242 218 244 147 230 130 243 56 241 211 234 40 240 92 237 167 239 232 238 116 233 225 218 86 235 30 212 92 236 12 219 107 232 23 221 146 224 74 229 30
2 25 2898 249 213 246 13 248 232 234 102 244 244 241 148 218 50 245 189 242 151 247 178 243 124 238 117 237 148 236 74 240 61 239 58 230 102 213 221 220 163 232 247 235 185 196 37 215 241 233 165 176 91
3 25 2937 249 234 248 231 247 13 245 199 244 183 246 178 243 84 241 121 234 195 238 203 230 106 220 107 219 197 227 58 239 148 235 105 229 147 242 24 237 209 233 154 207 233 240 12 228 142 236 225 218 138
4 25 2886 246 198 247 162 249 48 248 248 245 163 242 180 243 197 237 170 241 42 244 199 235 69 240 64 224 224 234 187 239 7 223 59 228 175 236 187 214 203 194 30 219 25 183 144 213 80 210 74 238 50
5 25 2895 248 161 249 199 247 196 245 232 238 93 244 17 196 58 235 219 246 17 237 194 234 74 243 177 242 172 240 99 229 230 241 14 203 107 190 45 228 65 226 156 224 76 212 163 232 121 223 106 239 54
6 25 2894 249 50 247 158 248 203 246 12 245 2 242 51 223 99 230 245 228 204 241 16 244 181 217 155 243 37 240 216 216 166 236 75 239 214 238 250 231 245 220 37 196 207 211 168 237 200 187 205 234 78
7 25 2827 248 59 249 161 246 78 247 97 245 195 243 101 244 56 242 4 241 84 234 208 98 177 238 66 240 211 239 57 179 74 233 51 231 15 237 194 236 250 181 232 225 211 221 214 230 86 200 236 228 131
8 25 2895 229 183 249 92 247 240 248 8 246 120 244 92 239 160 245 78 242 47 243 112 188 199 240 235 241 122 230 92 235 226 238 54 236 167 204 64 186 170 233 193 228 123 221 10 225 129 237 201 216 107
9 25 2932 248 165 249 214 246 101 244 176 245 143 234 89 241 82 247 246 243 172 239 104 230 209 236 151 238 170 232 8 240 204 242 221 233 135 219 150 237 166 225 7 235 86 231 162 182 89 222 229 227 204
10 25 2880 240 35 249 230 248 15 247 76 246 213 245 96 242 100 244 74 243 222 131 202 224 119 238 135 241 188 237 73 221 235 234 189 231 234 232 45 210 172 233 130 239 117 236 49 235 44 194 195 220 33
11 25 2880 245 242 248 140 247 54 243 180 246 72 249 135 158 160 244 155 235 182 173 66 240 157 242 201 237 21 233 14 239 201 241 82 222 170 227 232 226 174 205 37 238 21 231 203 234 246 230 75 228 144
12 25 2930 248 164 249 224 247 98 246 127 245 224 243 35 239 160 234 38 242 73 244 64 238 245 194 224 232 77 241 132 224 150 233 80 221 130 235 93 231 52 209 121 240 27 237 165 226 72 227 238 236 36
13 25 2879 249 241 246 57 247 26 243 30 248 11 240 122 242 120 245 49 235 237 236 50 244 205 233 112 225 237 223 37 231 25 241 129 173 33 232 217 228 189 238 185 226 99 214 57 216 236 234 54 169 12
14 25 2901 247 105 249 225 245 35 246 183 220 48 248 122 242 28 238 157 240 117 243 87 241 36 235 69 204 70 244 1 223 73 236 184 234 20 153 74 226 165 232 78 228 99 224 70 229 59 239 97 237 107
15 25 2873 249 181 243 239 246 116 247 208 248 45 239 101 241 128 244 199 231 2 236 166 245 25 191 184 240 116 237 126 238 168 242 68 227 155 233 229 229 139 235 53 154 158 228 203 221 247 186 180 216 222
16 25 2918 249 191 248 130 241 139 243 197 246 221 245 57 247 127 242 214 233 135 236 93 219 248 221 67 237 27 244 227 240 173 210 53 230 66 201 136 235 37 232 95 239 148 209 41 231 100 225 121 234 22
17 25 2877 249 231 247 6 245 105 226 36 248 128 236 78 242 121 246 44 238 19 240 94 244 244 237 70 243 69 229 237 239 106 216 29 241 16 230 29 228 219 227 201 225 145 231 173 222 199 164 237 161 133
18 25 2920 247 205 249 48 248 206 246 231 226 108 233 79 245 187 244 87 242 239 243 142 212 216 241 225 234 202 239 123 240 131 237 22 228 43 235 216 231 97 209 169 229 36 238 57 232 228 216 73 196 24
19 25 2894 249 63 245 24 248 227 246 122 247 204 244 135 243 213 231 137 242 190 239 33 237 164 241 18 199 90 238 100 190 126 240 175 219 198 236 140 223 86 204 171 213 8 234 54 225 43 226 232 230 11
20 25 2914 248 166 249 57 247 185 245 203 246 208 243 30 241 99 242 146 235 244 244 169 238 184 236 179 240 27 230 88 232 124 219 65 233 204 237 88 239 116 200 145 199 90 223 239 217 216 231 152 215 208
21 25 2917 249 11 248 224 247 217 246 141 244 36 216 204 245 20 239 97 240 41 238 177 242 177 231 97 220 80 241 228 227 72 243 129 223 197 232 81 235 53 236 224 237 119 175 73 234 209 229 8 217 85
22 25 2903 249 91 248 107 247 89 245 9 240 134 239 120 237 65 246 1 244 63 243 84 213 114 242 80 232 91 226 138 238 232 241 124 236 47 210 142 231 103 233 178 209 120 215 154 206 212 202 177 234 27
23 25 2911 248 188 249 50 246 203 245 159 244 212 247 184 242 112 241 22 239 250 237 53 240 74 243 140 238 214 222 219 235 99 197 206 232 172 236 21 216 77 234 236 233 71 217 95 204 72 214 210 224 80
24 25 2866 249 220 248 35 246 127 247 143 245 14 233 150 243 244 241 2 244 238 242 228 237 70 240 27 235 17 239 153 178 247 238 166 196 65 222 59 226 247 155 247 217 80 216 228 230 170 234 37 231 203
25 25 2946 248 118 247 72 249 206 246 44 243 236 242 18 245 103 235 54 240 43 244 3 241 176 226 219 237 181 222 80 238 158 239 123 217 126 234 229 228 64 227 71 236 198 230 178 229 5 231 64 219 223
26 25 2910 249 216 248 151 247 146 243 138 245 142 237 49 225 72 244 196 246 248 239 228 242 161 213 75 240 173 222 201 232 113 226 228 236 142 234 212 241 51 238 185 164 29 228 36 233 188 219 199 229 17
27 25 2903 249 11 232 96 246 72 248 208 247 140 245 208 240 132 244 250 233 172 243 210 242 120 239 22 229 145 237 208 241 186 231 121 198 241 224 141 226 200 194 43 238 162 235 244 186 189 234 157 225 88
28 25 2904 249 250 247 78 248 225 246 228 244 168 233 33 234 223 245 24 241 215 237 30 239 164 240 209 227 106 243 19 242 44 238 77 235 177 213 210 220 108 225 84 236 43 221 38 231 11 152 95 223 61
29 25 2897 249 228 246 27 248 241 237 174 247 110 245 250 244 174 189 102 243 45 220 167 233 42 240 216 241 72 242 124 219 129 232 111 235 140 201 235 224 132 229 64 209 225 236 205 238 124 217 203 230 34
30 25 2950 248 65 249 39 247 5 244 187 245 5 246 32 243 66 239 11 233 96 236 224 229 139 241 19 231 210 228 133 212 186 234 173 242 16 240 201 237 18 238 96 220 180 225 44 227 60 232 24 235 105
31 25 2852 249 138 243 39 241 42 248 14 245 33 244 38 247 2 246 88 242 73 205 2 238 233 240 226 237 190 233 96 221 110 231 69 239 20 219 135 227 70 225 229 229 17 223 114 220 65 230 155 83 111
32 25 2921 249 128 248 146 247 42 246 194 243 92 239 140 245 182 238 49 240 185 234 19 231 180 233 144 236 245 244 246 227 83 228 27 242 104 229 7 241 201 237 58 193 91 207 192 230 77 222 173 214 135
33 25 2862 237 29 248 83 249 180 247 31 233 178 246 104 245 72 244 164 230 193 243 157 242 5 239 32 240 197 232 7 235 192 238 232 241 163 194 20 236 4 226 146 175 123 228 135 231 124 130 22 216 57
34 25 2879 248 136 249 140 245 123 247 102 246 218 244 117 243 98 223 25 241 45 239 206 200 78 242 10 233 9 240 134 236 17 109 11 238 33 227 147 220 50 222 245 237 3 235 164 231 119 234 166 229 71
35 25 2846 249 183 242 146 247 86 248 187 246 239 245 57 243 21 238 171 241 89 244 232 239 209 218 161 237 81 232 51 240 117 234 70 235 53 227 233 206 220 214 201 236 23 225 135 230 93 233 202 44 198
36 25 2939 249 149 246 103 247 1 248 132 238 136 234 24 245 118 191 211 225 122 241 79 239 67 237 91 242 132 243 50 244 14 235 106 240 82 231 13 224 169 236 245 222 144 230 89 233 83 227 230 232 151
37 25 2903 249 167 247 220 248 180 236 4 244 23 245 146 246 12 210 224 241 238 243 156 242 9 216 210 240 8 239 207 234 130 212 57 238 101 232 124 224 197 218 79 237 164 200 1 207 76 233 3 225 161
38 25 2923 249 231 246 79 248 32 240 142 247 40 243 116 244 159 245 219 242 71 237 156 239 197 236 16 241 24 235 223 229 106 227 55 238 135 166 40 231 97 234 109 233 122 226 123 215 185 225 200 230 215
39 25 2881 249 185 246 180 248 37 245 138 244 221 247 108 234 76 242 152 240 34 239 4 236 102 226 88 229 239 243 239 235 108 233 98 241 149 238 151 228 191 237 73 231 102 210 53 135 117 212 45 194 161
40 25 2870 249 119 247 122 248 139 246 99 244 178 245 177 226 179 238 229 241 97 235 106 239 158 242 154 237 250 243 123 143 45 228 90 240 132 236 93 192 124 234 169 233 227 170 82 231 155 225 174 229 23
41 25 2892 248 129 249 23 246 193 236 125 242 28 247 16 245 228 241 36 238 228 243 117 244 137 210 158 240 224 237 115 239 44 209 60 231 48 230 222 218 82 224 86 233 184 235 88 150 48 229 91 220 152
42 25 2935 249 19 236 36 246 85 245 162 248 166 247 111 239 160 241 101 231 41 244 195 242 90 237 181 243 19 238 94 228 91 196 118 222 138 233 225 216 239 240 103 235 75 221 104 232 110 227 231 234 63
43 25 2931 246 246 249 241 248 40 245 59 247 62 236 216 244 215 243 188 241 127 230 45 240 18 239 35 216 1 238 90 242 215 225 167 235 15 233 229 220 50 202 218 237 167 213 225 234 193 232 242 227 199
44 25 2857 249 7 245 71 248 121 247 102 244 124 241 168 240 173 236 194 233 2 228 151 246 167 237 222 238 39 242 115 243 190 222 90 231 163 194 71 232 220 235 164 99 137 226 87 239 34 214 225 205 53
45 25 2930 249 216 245 148 236 142 248 156 246 53 244 105 240 162 247 215 239 247 235 197 231 46 243 127 242 25 238 200 222 100 241 174 233 61 187 98 237 232 234 237 228 17 230 29 227 180 214 165 225 127
46 25 2951 246 118 249 206 248 33 244 82 245 72 240 177 247 85 225 5 243 23 235 2 226 250 236 250 229 225 233 61 242 190 241 238 239 118 237 32 228 114 231 64 209 249 238 128 227 202 234 225 230 155
47 25 2923 249 180 248 21 244 3 247 171 245 129 236 6 241 137 246 222 235 130 243 33 222 56 207 39 242 192 239 155 228 154 240 229 221 236 237 245 181 233 232 5 229 187 233 109 238 243 234 2 230 222
48 25 2905 247 6 249 244 248 50 231 72 246 41 244 29 240 129 245 21 243 231 212 151 241 193 237 201 239 125 242 188 236 14 238 173 235 123 233 136 192 95 224 224 196 245 228 148 218 69 227 179 219 133
49 25 2890 249 150 248 239 246 7 247 127 203 151 242 112 240 168 244 39 243 118 245 37 237 159 231 236 238 48 241 18 234 14 235 248 239 159 233 18 236 89 226 136 220 199 212 180 225 31 230 167 137 58
50 25 2859 249 232 247 48 248 214 238 125 240 208 244 79 213 87 246 149 226 236 242 64 241 120 225 202 243 224 245 133 231 50 201 216 232 22 162 167 154 178 234 104 218 212 237 63 239 193 235 237 228 148
51 25 2856 249 97 248 119 241 94 247 19 245 103 246 104 244 144 243 40 242 117 222 246 230 76 240 54 235 202 239 195 234 7 213 217 238 181 227 2 236 40 191 16 232 35 226 196 77 136 231 208 237 230
52 25 2896 248 177 245 177 243 153 247 165 249 1 246 221 237 142 233 154 239 171 231 140 242 58 244 15 240 131 241 194 236 115 216 50 223 76 201 137 230 130 207 231 224 66 192 95 226 91 221 93 232 113
53 25 2919 248 102 249 127 246 95 245 105 236 239 247 203 243 165 198 139 193 164 242 114 238 93 241 1 237 54 232 190 226 140 244 138 231 45 240 36 239 160 230 237 235 27 221 3 220 89 228 153 229 185
54 25 2857 249 31 248 101 238 227 146 230 245 184 244 22 237 220 247 241 243 69 241 54 240 28 246 98 239 243 227 110 235 96 242 160 214 109 228 18 234 246 230 114 229 61 236 25 220 114 233 164 123 227
55 25 2845 248 194 249 104 238 210 247 244 246 208 244 43 242 11 222 127 240 66 243 92 241 240 245 205 233 43 234 45 218 228 237 115 235 118 232 26 220 231 212 165 223 95 82 226 227 250 239 79 193 239
56 25 2864 248 148 249 6 246 238 247 61 240 159 231 234 244 208 245 250 242 177 224 146 243 91 239 216 233 215 234 132 238 145 237 157 241 3 230 38 236 92 228 148 221 198 155 7 177 18 195 100 205 225
57 25 2905 248 63 249 190 245 230 247 70 243 40 218 205 246 19 242 3 244 23 240 31 210 185 225 44 241 112 231 205 205 105 238 240 235 157 237 44 232 42 227 61 230 226 217 107 215 196 229 188 216 24
58 25 2809 248 199 249 14 242 199 245 20 243 36 241 238 247 218 236 153 244 221 246 203 240 115 153 62 232 207 239 101 190 19 234 89 226 156 237 174 238 26 203 241 172 187 235 159 146 56 209 3 224 62
59 25 2842 249 111 247 245 244 187 248 232 231 249 237 45 245 24 183 240 241 210 246 122 174 145 242 229 240 132 238 19 157 3 239 219 243 223 206 131 236 174 234 78 229 39 217 215 235 93 233 243 190 143
60 25 2839 248 162 249 40 239 14 246 174 245 157 243 70 242 112 244 15 247 44 241 68 235 125 237 40 240 223 219 48 236 148 234 148 187 103 238 78 182 228 103 160 229 188 233 97 230 163 201 41 231 58
61 25 2838 249 72 248 44 247 242 244 192 246 205 243 135 241 121 245 209 231 114 227 129 242 136 232 71 239 91 230 59 228 112 226 22 238 91 235 176 237 214 220 22 134 223 180 245 183 28 240 16 191 188
62 25 2875 249 210 248 95 230 221 246 53 247 121 217 189 245 38 241 104 242 142 244 183 237 75 229 106 231 181 243 51 240 105 235 101 228 157 236 237 204 79 239 136 226 241 175 46 234 171 146 125 238 109
63 25 2841 249 198 248 152 247 93 245 130 246 114 243 104 244 178 240 170 235 190 238 172 228 209 230 95 180 160 239 93 241 20 242 31 237 199 214 235 236 42 233 13 223 33 229 114 66 153 222 159 227 31
64 25 2911 248 15 249 114 247 230 245 5 246 33 239 200 237 202 243 43 231 86 240 134 242 80 241 164 226 71 244 96 235 120 238 135 192 145 234 21 198 232 232 152 229 76 233 76 205 144 236 102 212 73
65 25 2892 249 211 248 226 246 110 245 48 247 167 238 123 244 84 243 199 239 91 242 157 240 7 241 108 234 5 231 35 224 217 225 124 228 239 233 136 236 76 235 26 237 211 227 23 220 250 102 189 230 176
66 25 2920 248 132 247 54 249 129 183 49 245 248 246 15 244 103 225 103 231 63 241 151 237 174 240 193 243 166 238 173 242 8 211 92 229 182 219 107 234 48 224 12 239 208 232 216 236 51 228 68 230 195
67 25 2933 247 230 249 250 248 204 245 180 241 51 246 150 238 180 239 184 237 228 240 190 244 203 242 82 243 111 225 23 236 136 222 10 231 93 220 236 227 219 233 159 229 247 203 59 224 1 232 7 226 174
68 25 2949 249 43 247 129 248 86 245 237 232 194 246 219 241 151 242 164 243 83 230 90 234 209 244 203 231 28 237 168 219 144 235 187 217 165 233 111 238 229 239 97 240 37 236 52 224 175 223 172 226 86
69 25 2944 249 114 248 208 247 159 239 229 245 11 246 122 242 39 231 72 243 165 234 52 236 1 244 170 221 3 241 229 232 148 217 241 235 238 228 183 233 211 238 35 237 125 212 144 240 211 220 111 230 218
70 25 2817 249 118 247 181 248 242 246 157 241 141 243 38 244 155 237 212 242 247 213 29 245 46 238 16 239 244 165 242 236 246 196 178 232 54 219 179 240 101 93 229 207 108 216 190 234 209 235 37 229 245
71 25 2924 248 19 246 197 249 7 247 245 245 10 244 12 243 23 239 106 242 165 241 26 220 231 234 44 240 89 238 14 221 44 228 1 204 90 213 80 233 241 232 199 210 38 235 90 236 232 224 65 237 130
72 25 2867 249 110 243 93 245 227 248 165 244 91 247 37 241 147 246 33 242 205 235 163 240 239 239 37 233 141 236 128 230 166 217 232 238 129 237 154 159 137 232 90 144 18 226 118 214 100 229 128 221 187
73 25 2898 249 4 248 105 245 27 244 89 247 208 246 207 242 202 205 1 241 240 240 243 239 211 243 113 233 223 235 52 236 3 238 182 237 171 231 241 168 113 228 199 232 87 217 150 223 40 220 222 210 45
74 25 2903 249 97 244 70 246 84 248 166 243 241 245 131 247 54 240 177 239 142 242 227 201 200 237 210 241 92 221 171 238 94 231 97 236 105 220 182 228 136 232 8 230 63 234 2 214 241 173 204 227 32
75 25 2883 248 249 246 184 249 86 245 213 247 53 240 207 239 152 242 60 238 29 244 98 237 153 232 137 136 86 236 15 241 51 243 23 234 19 235 183 196 180 229 64 218 210 230 180 225 224 206 163 231 101
76 25 2751 249 22 245 117 243 219 248 125 246 247 244 69 247 246 239 139 240 16 43 57 202 168 229 166 242 65 217 138 226 186 222 79 233 65 190 28 235 58 151 30 238 180 219 7 231 48 182 166 241 59
77 25 2906 249 201 247 141 245 12 248 215 240 182 246 188 243 208 242 29 236 141 241 61 244 101 239 111 237 87 222 67 234 109 232 240 219 83 178 41 198 15 238 145 227 46 228 223 229 186 218 101 233 79
78 25 2913 249 138 248 204 244 243 246 210 247 201 233 167 242 26 243 194 231 184 222 28 245 7 239 153 237 98 235 44 236 59 241 161 234 132 223 188 232 115 240 117 171 144 238 76 218 231 224 103 208 171
79 25 2866 249 132 246 113 245 55 248 199 247 77 228 159 243 248 242 168 239 144 244 10 236 219 237 147 241 205 240 229 238 183 234 245 231 98 212 12 233 80 235 248 197 100 210 54 144 201 218 31 195 33
80 25 2888 249 104 247 155 244 205 248 191 243 209 245 96 246 211 229 105 205 40 234 234 236 100 226 154 235 66 214 43 225 215 222 161 242 9 227 44 239 248 138 53 240 195 232 208 241 227 237 75 233 112
81 25 2927 249 64 247 104 246 58 248 117 245 186 244 58 243 93 236 29 239 150 228 86 242 18 241 33 238 228 220 47 231 121 209 144 230 180 237 144 213 103 240 42 210 92 235 34 216 14 234 134 233 35
82 25 2888 249 166 248 239 242 162 246 72 247 30 245 196 233 205 243 158 244 48 240 162 221 179 241 107 238 31 212 65 232 133 235 176 227 210 209 59 213 36 236 239 158 121 211 103 239 208 237 166 231 236
83 25 2935 249 157 247 103 245 63 248 63 243 118 242 2 246 53 241 54 240 56 220 217 227 67 237 127 244 118 238 170 239 28 232 159 234 184 233 105 217 104 230 219 229 89 216 60 235 136 236 38 203 34
84 25 2895 249 194 244 35 246 233 248 115 239 99 245 165 241 100 247 123 236 225 235 86 243 70 232 224 187 211 240 145 196 178 210 20 229 34 230 27 238 151 242 124 233 106 211 103 215 152 237 26 217 117
85 25 2855 249 158 248 104 247 35 245 173 244 213 246 139 242 188 236 119 241 140 226 226 239 35 243 106 240 43 233 145 234 177 238 29 235 193 220 10 237 66 232 160 219 197 191 202 223 129 214 55 88 214
86 25 2877 249 34 246 5 241 27 244 125 248 29 247 137 234 126 240 61 245 191 239 38 243 125 154 53 228 150 189 148 242 73 238 67 235 61 218 56 226 192 182 92 236 201 237 130 231 174 230 243 233 2
87 25 2930 249 197 248 90 247 245 246 94 241 190 237 25 244 76 235 59 245 47 239 15 242 32 240 156 231 92 243 147 234 184 238 37 213 75 233 137 236 51 220 56 223 14 215 13 227 45 224 59 210 200
88 25 2830 249 103 248 124 246 168 247 34 242 185 245 104 244 79 225 139 240 32 235 96 238 230 243 47 224 228 229 198 231 249 241 217 232 194 220 70 68 56 219 139 239 221 199 225 198 250 233 48 226 228
89 25 2791 248 108 249 216 247 158 240 63 219 199 244 158 241 102 242 40 245 144 243 2 246 231 238 210 232 208 239 158 150 94 205 67 236 73 230 164 228 208 89 192 224 66 173 247 204 152 237 118 233 242
90 25 2906 244 30 247 91 249 7 248 82 242 140 243 23 246 58 245 166 235 82 238 185 240 188 234 93 241 27 225 23 239 200 237 107 228 152 231 98 219 248 233 168 223 80 222 122 180 130 215 195 208 53
91 25 2923 249 49 248 145 245 87 247 56 243 35 246 230 244 177 241 25 239 131 238 213 236 113 242 218 230 135 240 25 206 172 226 54 217 85 218 196 232 238 231 242 201 82 234 171 235 85 221 186 237 23
92 25 2929 249 140 246 11 247 207 227 23 242 239 248 136 244 70 245 124 229 79 243 117 240 59 238 172 231 149 233 117 235 132 241 48 228 96 239 247 221 21 237 116 232 104 210 45 203 125 236 131 214 241
93 25 2871 249 246 248 106 247 186 243 43 245 77 234 141 246 232 231 189 237 89 240 105 244 104 242 182 228 107 238 250 239 53 241 36 226 138 236 58 204 209 187 27 220 126 179 49 233 187 235 1 171 112
94 25 2761 248 75 249 204 245 76 246 87 91 84 247 63 237 44 230 224 242 93 241 88 244 165 228 226 239 151 243 42 232 9 233 79 21 176 238 103 205 216 225 209 235 129 213 144 234 159 240 113 216 243
95 25 2898 249 213 247 237 236 101 248 244 246 11 245 160 244 155 238 179 242 235 235 211 176 52 240 230 243 152 225 246 171 71 231 156 241 115 234 140 239 110 223 19 220 45 221 168 232 109 237 174 233 157
96 25 2911 248 163 244 159 249 62 247 205 245 103 239 88 246 84 233 19 241 77 243 113 182 223 242 104 232 31 237 125 238 194 234 63 218 138 235 200 240 101 205 219 224 144 228 106 211 44 225 68 236 22
97 25 2890 249 114 243 75 248 88 245 77 246 234 242 203 247 10 244 33 236 164 237 90 229 201 241 104 239 133 240 211 238 35 210 135 233 175 234 37 228 217 231 50 232 11 235 226 220 232 225 200 108 49
98 25 2918 248 155 249 37 245 218 247 227 244 202 239 47 246 97 243 58 237 137 241 169 235 238 236 78 228 208 242 37 240 91 216 242 238 15 232 163 209 121 234 217 230 87 214 86 213 76 197 9 233 131
99 25 2886 248 77 249 224 247 42 237 62 245 58 246 19 244 155 242 197 239 14 241 37 236 97 234 145 179 223 232 161 238 39 240 28 213 125 233 91 210 44 223 236 204 119 243 192 208 96 212 205 229 120
100 25 2949 249 209 248 231 246 48 247 206 241 110 240 98 244 38 242 86 229 192 232 164 245 164 239 19 235 223 231 1 237 7 243 78 224 209 238 75 227 242 228 120 217 201 230 236 236 2 216 241 234 133
101 25 2901 248 98 249 130 247 217 241 179 245 93 240 217 246 90 242 17 244 113 238 84 211 119 239 150 243 179 235 120 231 246 232 83 202 47 234 51 227 204 226 114 192 204 233 52 230 111 224 8 203 73
102 25 2925 249 132 247 176 248 165 230 159 245 109 241 97 246 42 244 127 242 124 213 209 236 178 243 150 224 115 231 221 233 69 234 19 239 183 225 8 220 226 237 198 238 202 232 79 240 146 226 36 188 15
103 25 2938 249 218 248 45 246 56 245 31 247 25 244 150 241 238 243 216 238 57 240 30 239 24 231 221 229 44 237 26 233 20 221 120 232 25 242 233 222 247 230 186 236 140 219 8 235 234 216 84 213 88
104 25 2804 248 84 247 54 249 207 235 110 246 40 236 78 241 77 245 146 244 57 243 28 242 202 233 67 240 173 232 163 239 197 238 156 152 29 231 233 219 87 29 139 229 164 201 133 234 155 218 231 237 107
105 25 2954 249 212 247 36 248 213 245 33 243 110 242 29 246 140 241 199 234 40 239 144 244 224 227 235 235 84 236 170 231 244 228 47 233 96 240 152 238 61 237 229 230 18 229 125 225 39 226 14 216 64
106 25 2941 248 40 249 74 246 4 247 56 242 35 245 37 231 146 243 171 244 77 238 19 217 12 232 174 218 211 239 183 236 124 230 55 241 26 234 134 240 104 233 43 223 60 210 221 237 127 235 211 225 179
107 25 2928 249 217 245 230 248 222 243 112 247 212 244 50 239 106 246 62 223 92 219 81 240 103 242 37 233 160 226 152 241 106 231 165 234 197 238 151 225 165 237 215 230 215 192 107 236 115 214 33 235 135
108 25 2913 249 51 246 232 241 149 247 181 248 51 245 149 243 42 244 48 231 50 239 43 236 24 237 80 242 8 240 35 216 147 225 217 230 186 200 167 235 186 183 183 221 171 238 242 233 232 229 104 228 1
109 25 2945 249 192 246 137 247 207 248 237 244 187 245 99 232 2 211 80 240 32 234 167 243 99 239 36 241 23 228 222 242 200 236 109 233 20 230 48 235 166 231 138 237 233 207 117 225 78 229 49 238 208
110 25 2893 246 234 248 194 249 171 247 161 244 26 241 33 239 236 245 224 178 121 242 231 240 7 235 48 243 48 232 129 231 141 238 217 223 240 237 50 234 187 236 39 228 55 199 160 203 100 226 49 202 63
111 25 2876 249 212 248 102 240 46 247 26 239 218 243 206 245 97 242 232 207 207 244 71 246 38 225 167 232 140 200 240 241 155 237 219 185 226 234 139 229 37 238 187 220 77 201 151 216 149 208 190 236 1
112 25 2913 248 147 246 18 249 102 247 218 245 24 240 69 239 200 241 91 238 42 243 204 242 19 225 173 244 128 232 180 218 54 213 122 237 5 195 92 221 63 233 103 231 124 226 102 236 72 214 166 224 209
113 25 2912 249 6 248 67 241 210 243 208 246 25 247 221 245 224 244 55 239 86 229 238 198 122 231 35 232 77 240 83 238 55 242 2 233 162 236 196 221 242 226 17 219 83 235 86 237 71 234 202 172 97
114 25 2882 245 2 249 5 246 245 247 81 243 116 248 223 190 34 223 15 242 147 241 222 240 226 244 6 146 38 222 145 238 120 225 169 231 142 221 178 237 59 212 14 239 81 235 159 232 95 236 61 233 84
115 25 2928 249 66 248 77 247 126 229 147 246 225 241 127 245 236 240 134 244 110 197 39 237 62 242 106 243 149 234 85 215 105 231 226 239 190 233 1 223 125 238 170 236 147 235 110 227 41 209 234 228 42
116 25 2905 249 92 248 196 247 194 245 32 244 73 241 46 246 151 235 205 234 88 240 131 194 71 233 99 243 78 242 213 205 167 226 43 227 225 236 129 209 169 238 125 203 10 239 103 228 214 230 42 229 100
117 25 2909 249 7 247 195 248 92 242 172 246 15 245 14 238 67 244 98 240 229 241 29 243 219 232 191 237 36 235 22 239 37 236 81 230 59 234 65 223 126 222 242 184 163 233 124 228 71 206 122 197 154
118 25 2934 246 245 242 225 249 112 236 114 248 247 247 227 230 148 244 83 238 63 226 229 240 201 245 138 243 138 203 148 239 117 234 213 237 246 235 46 233 163 232 243 241 65 229 150 225 202 195 216 231 113
119 25 2882 248 202 249 8 245 131 247 108 240 51 246 151 241 102 236 185 244 54 238 210 243 64 214 215 235 126 242 29 225 77 228 137 206 157 123 155 218 85 239 37 230 93 233 37 226 137 237 155 231 167
120 25 2931 249 176 248 131 235 187 245 71 247 4 241 140 246 68 219 169 244 233 229 125 230 71 243 249 239 85 242 62 240 225 234 146 222 74 237 215 221 4 227 211 238 102 236 236 232 223 228 171 191 93
121 25 2908 249 103 247 139 239 55 248 123 230 180 246 190 243 108 245 80 235 86 242 198 236 35 244 135 240 180 241 238 231 18 212 244 225 50 233 238 238 192 232 165 222 229 211 49 198 1 201 11 228 241
122 25 2895 249 184 247 65 248 162 244 105 245 56 239 106 246 161 243 179 241 18 242 32 221 203 234 183 240 90 238 57 223 232 225 130 237 138 236 122 216 202 235 146 219 238 228 161 233 58 218 73 144 185
123 25 2919 249 207 248 192 247 131 245 248 246 237 238 220 243 231 229 124 241 91 244 207 242 42 237 196 194 97 232 180 234 51 240 167 222 213 239 22 230 30 211 139 226 81 227 39 233 108 205 64 236 223
124 25 2764 246 232 248 63 245 55 249 59 247 221 242 110 244 217 237 183 239 3 240 190 241 28 232 19 236 198 243 191 210 245 228 214 44 33 194 183 155 83 230 143 216 110 235 105 229 126 226 167 173 117
125 25 2878 249 198 244 155 247 28 248 169 245 193 243 223 240 70 236 85 238 176 246 205 239 234 234 53 241 155 223 35 242 210 232 106 198 49 225 25 233 202 229 156 219 121 237 138 182 57 152 217 235 236
126 25 2915 249 53 248 185 247 84 238 132 246 1 241 42 245 99 244 230 243 102 233 79 242 200 236 152 239 31 240 15 237 26 231 178 229 189 226 122 235 175 228 46 230 224 156 165 223 235 220 246 225 238
127 25 2797 247 238 249 149 245 133 248 10 246 168 241 24 243 207 244 82 237 178 242 32 238 52 199 192 233 9 239 205 223 21 224 23 217 246 1 192 240 54 235 151 225 209 236 185 204 7 205 140 234 209
128 25 2950 249 130 232 171 243 44 248 170 246 152 239 149 247 246 244 225 242 90 238 195 226 77 240 104 225 110 245 34 233 140 237 37 230 139 241 222 219 206 217 74 235 180 224 201 236 230 234 245 231 69
129 25 2816 248 83 249 200 98 204 244 40 245 111 247 151 242 225 243 48 225 49 246 133 241 192 238 86 237 206 232 129 234 19 229 61 213 172 212 53 240 224 224 247 217 112 183 164 177 27 236 182 233 215
130 25 2882 249 87 248 21 247 136 241 91 246 87 243 103 215 249 245 78 239 4 244 74 242 139 236 228 152 111 203 230 226 224 233 36 237 141 238 209 240 16 235 16 228 193 206 82 216 244 234 199 222 154
131 25 2927 249 22 246 158 248 29 247 230 245 107 241 75 240 247 236 171 239 218 244 249 242 114 238 164 215 107 243 132 229 144 231 106 230 13 216 145 235 88 200 43 226 109 227 61 232 212 223 170 233 115
132 25 2804 249 96 248 5 246 95 247 97 217 104 238 190 240 171 243 17 242 183 245 47 244 84 235 206 241 15 79 40 232 202 236 237 231 51 230 82 239 132 237 42 234 82 210 191 212 141 214 164 119 142
133 25 2912 249 247 248 216 242 85 246 29 244 123 247 104 240 23 245 243 237 206 221 129 241 114 239 240 236 145 243 79 227 198 223 125 234 194 198 54 226 190 232 76 230 74 233 37 231 204 194 201 219 44
134 25 2938 249 167 245 206 248 2 247 172 246 131 244 155 241 86 239 107 243 178 226 159 240 201 234 157 229 53 242 141 238 122 231 64 217 230 233 168 221 81 236 157 224 131 223 101 237 246 218 203 225 198
135 25 2912 249 147 243 230 248 185 247 101 246 204 245 237 244 188 241 118 242 18 235 219 236 152 240 94 237 127 239 148 226 242 232 170 231 108 234 83 238 73 176 165 194 218 222 65 223 108 228 219 229 99
136 25 2887 249 55 248 100 244 170 247 143 246 143 234 45 245 183 235 216 211 61 241 212 243 105 242 91 230 205 238 122 216 249 237 71 226 187 227 73 240 221 220 135 231 82 143 235 229 152 224 179 228 233
137 25 2894 249 109 244 47 247 249 248 11 239 211 242 64 241 205 245 47 243 239 227 244 246 17 230 157 130 94 238 20 240 146 222 206 233 161 231 161 237 22 236 18 235 17 234 188 213 154 217 82 221 83
138 25 2943 248 105 249 35 246 65 245 107 247 110 240 105 242 244 241 156 244 248 243 115 230 190 234 118 239 179 233 249 217 8 236 209 235 70 223 243 237 225 238 1 219 108 232 12 226 200 231 101 212 116
139 25 2912 249 175 247 193 248 123 245 117 244 117 243 232 246 151 232 228 228 55 218 101 169 60 241 112 234 100 242 53 227 223 236 234 230 188 238 43 225 16 240 15 216 67 239 163 215 149 235 244 237 216
140 25 2916 249 91 248 197 244 68 232 50 247 125 243 162 246 153 239 19 221 24 242 248 245 241 220 21 241 85 233 139 238 184 234 105 235 166 236 6 230 161 228 223 240 247 226 125 231 1 222 70 162 13
141 25 2944 249 206 247 21 248 201 245 2 246 213 234 182 235 133 243 114 244 246 242 83 240 11 239 230 241 187 238 137 230 24 232 60 215 191 231 212 236 88 219 31 228 186 224 234 227 157 233 44 222 119
142 25 2915 248 83 249 23 242 120 244 51 226 172 246 58 247 140 220 34 245 9 234 192 243 243 238 211 241 149 183 16 236 1 240 60 218 250 235 24 227 85 228 239 215 138 232 165 230 9 239 105 224 99
143 25 2927 249 143 242 2 245 182 248 98 247 158 243 131 240 146 244 11 246 184 230 241 234 238 235 134 241 199 233 248 231 124 236 127 222 114 237 154 238 180 229 179 228 50 208 243 217 193 239 133 193 102
144 25 2910 249 226 248 167 246 44 247 13 245 199 241 186 243 51 244 69 240 60 242 188 238 92 233 198 227 159 239 79 230 10 225 94 229 144 236 172 237 104 232 147 226 13 154 20 234 238 204 37 231 199
145 25 2878 247 55 249 13 246 67 248 2 243 155 230 204 236 166 245 107 235 241 244 131 241 200 242 143 237 174 201 31 239 236 238 168 213 198 193 176 233 139 240 152 180 134 232 196 189 180 221 195 234 72
146 25 2869 249 240 244 172 162 244 247 110 246 85 248 94 242 177 238 61 245 26 239 193 235 152 174 244 234 78 228 82 241 111 240 128 243 101 209 153 236 88 219 184 214 112 223 220 232 116 229 118 222 46
147 25 2911 243 222 249 7 248 215 246 195 247 196 242 46 244 198 245 175 238 66 241 239 228 158 218 122 237 100 234 174 230 156 240 192 239 201 219 232 235 222 236 136 198 30 233 202 224 200 205 221 203 23
148 25 2940 249 235 248 110 246 44 247 219 238 26 243 176 244 174 232 71 245 124 242 4 225 113 231 100 233 44 235 58 222 214 239 110 226 66 237 68 240 89 241 88 218 190 236 147 227 249 224 127 213 15
149 25 2856 249 40 246 144 247 165 248 80 240 165 242 174 244 92 245 248 243 235 241 78 238 174 236 202 237 200 231 195 112 118 176 11 226 224 218 93 235 135 219 56 229 119 214 96 239 98 234 118 224 132
150 25 2923 245 136 249 77 248 155 237 47 247 13 246 62 240 122 243 103 242 144 244 25 241 104 236 142 228 91 238 112 234 60 233 73 218 202 235 211 239 4 222 220 231 84 214 229 210 138 197 106 229 217
151 25 2922 248 219 249 212 247 237 244 46 245 53 238 182 236 210 246 159 241 168 226 224 243 125 242 246 240 97 232 24 237 207 213 48 235 201 239 191 188 104 225 54 222 80 234 18 218 4 227 148 229 148
152 25 2889 249 129 248 58 247 112 246 112 243 179 245 2 244 183 241 80 242 110 233 37 240 96 238 11 210 83 215 154 239 202 218 155 235 190 232 247 202 119 228 236 174 79 221 217 225 15 234 212 230 36
153 25 2887 248 228 249 35 242 171 246 173 244 116 247 11 243 49 245 203 237 246 236 163 240 9 241 239 239 203 230 81 210 213 231 72 229 178 238 214 235 1 226 160 157 137 233 41 234 218 168 108 227 85
154 25 2886 248 172 249 142 247 114 244 78 246 77 245 39 243 214 234 50 242 186 162 28 240 143 238 214 233 66 239 43 223 59 235 73 241 175 178 205 209 83 231 196 213 106 237 135 232 249 227 230 236 99
155 25 2911 246 106 245 175 249 83 248 172 244 233 243 106 247 39 241 129 231 73 229 236 240 193 237 4 238 52 242 168 235 154 239 54 218 215 230 197 212 117 234 11 228 10 217 115 161 43 236 43 232 130
156 25 2920 249 127 245 227 248 155 234 236 247 121 238 27 241 61 246 225 243 127 227 81 244 124 215 27 242 114 233 189 235 120 237 62 220 20 231 197 240 169 236 224 209 95 229 85 239 199 216 125 196 39
157 25 2942 249 68 247 221 248 117 241 103 245 71 246 59 216 152 244 54 243 203 242 114 233 108 238 102 237 75 232 172 239 231 235 94 222 124 209 244 230 225 227 106 234 233 236 163 240 219 231 209 220 230
158 25 2885 247 133 249 163 248 10 245 50 243 187 240 39 246 198 237 83 239 158 244 37 224 30 234 210 242 76 241 150 225 103 232 173 233 20 216 69 236 198 238 86 235 4 231 131 228 181 104 157 213 164
159 25 2898 249 60 247 245 248 126 243 82 246 72 245 168 240 215 234 93 229 87 239 183 242 59 244 227 241 224 236 106 237 212 188 243 205 156 238 154 206 219 200 64 233 182 213 118 235 35 231 108 227 231
160 25 2884 249 16 248 101 247 49 245 64 238 86 240 224 246 145 153 38 244 44 239 119 241 92 234 83 243 122 215 240 242 210 226 122 225 234 233 222 237 152 235 219 181 162 230 215 236 46 227 127 214 212
161 25 2842 249 191 247 8 248 42 246 222 245 207 244 125 217 201 238 32 208 30 175 9 241 79 240 20 239 33 243 141 235 127 209 48 233 49 242 5 236 80 237 4 110 193 234 159 230 249 224 224 214 167
162 25 2933 245 84 249 67 248 49 229 178 240 131 247 62 246 80 230 118 242 187 239 158 244 113 221 144 243 124 216 229 238 151 241 114 235 62 223 74 218 234 234 78 236 111 232 244 222 157 212 231 237 202
163 25 2867 249 209 248 44 246 30 247 169 243 187 234 110 245 122 237 107 216 59 241 168 236 43 107 97 242 3 244 179 230 77 239 41 238 90 240 44 215 64 224 149 220 244 218 131 208 204 235 76 233 61
164 25 2895 249 160 245 44 246 13 247 100 244 228 243 189 214 54 248 80 231 214 242 72 230 3 241 70 240 94 236 238 232 200 234 213 209 218 239 225 216 166 218 33 215 42 238 25 237 188 174 183 223 245
165 25 2912 249 6 246 230 242 45 248 156 247 39 245 164 232 34 243 72 189 159 244 178 240 6 241 130 238 135 239 10 221 159 226 23 223 182 237 132 224 232 233 215 236 85 234 96 235 23 187 89 225 79
166 25 2874 249 172 248 228 246 212 247 245 243 222 244 247 230 25 240 14 242 151 245 10 241 227 223 33 218 119 155 60 237 226 234 121 233 229 239 225 236 249 231 108 238 87 220 244 235 181 215 181 160 152
167 25 2938 245 62 249 100 247 126 248 218 244 142 246 250 243 54 236 156 240 82 239 176 241 168 235 59 234 43 242 134 238 148 231 132 228 235 237 226 226 159 223 172 233 153 220 3 213 245 215 15 224 115
168 25 2813 249 140 248 95 247 179 244 159 245 100 225 203 246 36 243 183 241 95 176 58 242 34 220 162 239 232 123 94 230 115 235 153 216 183 153 92 238 17 240 121 228 206 201 75 229 38 237 53 231 125
169 25 2939 249 173 248 109 231 239 245 219 243 34 239 36 246 60 222 45 247 244 242 217 236 63 232 225 244 250 234 111 235 107 240 156 225 173 241 91 228 169 227 137 237 152 233 96 214 204 238 79 203 215
170 25 2872 249 117 248 16 247 87 238 220 245 247 243 64 240 39 242 224 246 62 241 217 244 99 237 79 239 78 234 162 155 170 198 240 216 158 231 119 233 192 236 221 183 111 214 30 235 172 218 32 232 90
171 25 2931 249 177 246 207 248 134 247 30 245 67 241 243 243 188 232 59 242 53 244 78 237 226 233 18 229 29 239 60 234 183 240 133 179 248 231 28 226 111 235 105 230 229 236 101 238 24 222 240 216 196
172 25 2943 249 238 244 46 247 88 242 240 248 15 246 44 241 19 240 142 235 164 230 189 233 191 245 181 243 32 231 33 229 193 211 67 232 201 236 155 238 10 234 240 219 134 223 246 227 180 226 127 237 119
173 25 2852 249 82 248 241 246 166 245 170 247 145 242 227 241 178 238 143 244 168 243 159 240 12 237 85 236 33 225 235 216 138 223 120 233 72 226 138 227 24 234 89 239 50 75 31 232 16 229 132 189 114
174 25 2924 248 47 247 26 249 234 246 134 245 50 239 214 235 149 241 187 243 29 242 235 244 14 229 250 223 59 230 227 217 170 208 196 240 240 234 122 236 159 220 2 238 137 237 3 216 231 218 164 224 71
175 25 2822 249 81 204 16 248 12 243 204 247 220 245 81 233 94 244 176 246 137 230 169 224 5 235 86 239 226 242 130 221 99 240 134 236 174 241 188 232 236 218 158 234 36 237 118 201 20 44 90 211 164
176 25 2878 249 72 246 58 248 235 244 168 247 207 241 132 242 19 245 8 236 138 243 249 131 23 238 206 231 161 240 147 239 53 223 30 196 108 224 128 237 214 235 17 234 244 216 96 226 218 228 154 217 26
177 25 2852 248 30 249 8 233 138 247 25 245 91 246 225 244 65 243 156 230 52 224 68 242 19 240 30 237 35 238 190 239 51 241 111 234 25 228 48 123 155 236 239 150 73 214 123 215 122 235 166 223 11
178 25 2917 249 194 248 191 247 238 244 103 245 170 246 216 236 234 241 9 229 238 238 72 243 43 237 50 225 69 240 219 242 80 239 22 227 70 235 63 226 128 232 101 139 157 231 212 228 90 233 82 234 185
179 25 2876 249 97 232 72 248 183 247 101 246 77 244 133 243 173 245 16 242 51 230 17 241 46 240 171 234 160 220 175 233 40 239 67 238 168 223 206 235 243 198 224 225 133 216 196 171 121 237 98 176 160
180 25 2884 248 157 249 62 247 211 233 156 241 202 239 88 245 236 243 33 246 83 244 134 242 62 237 146 223 170 240 155 236 247 100 39 219 30 230 153 238 220 225 170 234 64 231 171 235 158 226 98 217 170
181 25 2917 249 236 248 41 247 152 237 15 239 245 244 55 223 233 238 250 245 82 242 5 246 75 231 57 240 112 243 130 241 166 235 32 236 98 221 133 224 115 234 56 195 152 232 32 233 237 196 145 216 8
182 25 2920 248 57 249 135 230 117 247 228 245 21 242 30 246 231 243 231 234 182 244 121 239 96 235 106 241 225 238 42 240 232 237 142 210 174 227 108 219 23 233 7 236 201 188 106 216 152 228 96 226 78
183 25 2930 249 246 248 225 247 145 246 108 241 143 244 53 234 230 245 219 227 68 243 43 238 167 235 155 240 201 242 68 233 215 232 194 219 122 239 176 236 159 230 127 226 33 217 111 214 113 237 17 198 83
184 25 2882 239 182 246 57 249 154 247 60 248 114 244 169 245 51 240 84 243 55 242 79 237 88 238 154 221 109 241 206 194 214 233 228 227 207 206 28 158 169 220 74 225 118 230 22 231 101 232 60 229 236
185 25 2901 249 123 238 132 248 78 246 234 243 24 247 238 245 196 240 179 199 237 241 163 244 47 204 147 239 160 237 206 235 40 242 22 228 82 223 115 216 155 213 147 230 105 236 25 226 140 219 229 215 70
186 25 2856 248 216 249 167 247 174 243 91 238 125 245 102 230 166 246 222 241 108 239 58 240 74 242 185 244 34 237 20 226 35 206 38 234 164 222 90 235 139 224 178 214 170 176 176 232 4 177 47 178 60
187 25 2845 249 226 247 160 246 170 248 155 245 113 230 241 234 21 243 102 233 185 239 5 231 114 244 85 235 45 240 10 238 219 241 66 242 45 205 50 200 149 237 69 229 159 179 37 128 164 201 106 227 97
188 25 2847 249 91 243 238 246 35 248 78 245 22 247 100 244 43 242 215 166 94 229 110 240 180 227 105 230 209 241 31 235 25 84 230 238 158 231 19 236 240 237 190 228 169 239 150 233 139 213 209 223 72
189 25 2946 244 61 246 164 249 5 242 237 248 14 247 184 237 134 235 79 226 224 239 200 241 247 245 129 243 116 236 207 231 244 240 3 232 105 221 64 238 45 233 78 212 110 234 93 224 201 227 138 222 189
190 25 2833 249 199 247 17 248 124 245 109 244 78 233 132 241 151 242 231 246 126 237 38 217 244 243 179 231 76 76 143 193 119 220 161 226 225 240 40 228 78 225 45 235 98 211 181 215 31 239 102 236 207
191 25 2904 249 161 247 31 233 129 248 11 246 37 245 107 244 49 242 67 243 14 240 211 235 85 239 43 178 136 237 17 236 174 238 68 241 5 232 232 228 155 225 87 224 42 231 99 164 158 230 114 234 133
192 25 2944 249 226 248 55 246 55 247 185 245 43 243 158 244 107 240 46 237 38 226 243 234 34 241 214 233 22 238 80 242 244 214 196 235 132 230 220 239 56 224 157 228 84 221 153 222 231 236 33 227 114
193 25 2905 247 173 249 83 248 204 246 115 242 141 245 47 240 28 235 75 243 23 241 179 229 172 244 54 216 148 231 226 236 198 238 7 239 203 178 216 230 134 215 62 232 246 237 45 233 26 211 55 205 219
194 25 2926 249 66 245 45 244 83 248 81 247 227 243 166 231 17 237 121 246 124 238 78 229 57 240 87 239 128 226 175 242 92 236 187 241 218 218 123 234 182 232 242 230 123 182 222 233 19 224 102 219 184
195 25 2914 249 204 248 203 245 168 246 136 247 249 244 249 243 131 241 60 219 46 240 94 197 57 226 162 238 98 239 172 229 40 242 94 237 102 233 17 215 30 225 127 230 179 234 104 232 108 231 228 198 206
196 25 2814 246 86 249 51 247 248 109 83 248 182 107 124 242 96 243 55 245 200 239 232 238 11 244 171 226 205 240 219 194 190 241 23 237 231 216 109 229 226 236 105 235 206 220 37 233 186 234 10 231 232
197 25 2912 249 59 247 42 248 198 246 158 242 37 244 166 243 13 239 131 236 15 245 14 231 7 219 213 241 29 234 172 238 180 226 106 235 124 232 241 240 216 229 231 227 229 196 239 221 182 203 20 213 51
198 25 2834 248 116 249 50 247 99 243 113 246 219 245 3 241 213 226 55 238 208 244 231 229 230 215 185 235 1 74 202 228 202 219 228 214 91 242 89 182 219 240 20 239 115 225 99 232 243 233 158 234 248
199 25 2921 249 227 248 133 247 234 246 130 243 177 244 156 245 182 240 52 239 161 241 167 236 23 232 51 242 168 189 180 234 146 230 66 238 16 227 39 226 88 222 2 219 125 237 60 229 223 209 29 231 88
200 25 2877 249 78 248 40 247 20 244 97 239 126 232 18 225 47 246 34 233 66 241 49 242 55 245 150 243 191 240 11 238 235 223 189 230 42 204 154 231 125 219 173 236 213 237 164 229 166 220 80 114 167
201 25 2841 249 100 248 198 247 186 246 200 245 4 243 33 244 195 236 117 188 217 222 37 238 122 185 191 241 219 225 45 229 13 239 112 240 176 242 218 234 217 237 123 106 32 233 57 224 54 235 222 207 144
202 25 2918 249 180 248 61 247 135 246 168 245 138 238 173 239 9 243 148 205 231 240 44 228 234 241 134 216 232 244 16 234 29 231 107 233 172 242 36 212 219 223 55 219 54 215 106 229 102 232 3 237 233
203 25 2930 249 127 246 208 248 191 247 223 244 248 241 246 243 50 240 155 245 19 227 143 242 238 233 144 238 107 231 196 236 159 187 162 232 182 234 64 230 65 237 217 239 101 215 101 225 148 235 241 217 169
204 25 2913 249 209 248 133 247 62 244 91 243 48 246 7 245 201 238 187 231 34 209 179 239 243 237 220 236 100 232 77 241 248 242 128 240 56 235 220 233 57 218 160 221 129 225 27 210 42 234 67 184 71
205 25 2922 249 135 244 198 246 176 248 74 241 202 247 210 236 110 245 48 230 152 237 231 240 204 242 171 243 42 212 10 235 14 221 54 238 102 219 124 228 178 225 194 229 139 239 105 223 59 233 24 194 60
206 25 2882 248 24 249 63 247 3 246 208 245 17 242 247 235 22 240 165 241 239 236 151 244 48 243 219 220 190 224 34 197 98 229 114 232 183 238 9 239 41 234 212 230 104 183 169 172 244 237 187 214 239
207 25 2737 249 71 248 227 244 217 246 226 247 217 245 106 242 70 237 135 243 139 238 171 236 102 241 212 239 120 240 69 82 104 230 196 235 192 233 68 229 171 155 12 210 14 56 208 195 2 224 37 231 248
208 25 2863 249 67 248 31 247 141 246 157 241 7 245 102 225 145 243 104 239 125 244 192 240 141 235 106 237 143 232 75 230 186 234 9 71 147 238 47 229 11 218 240 242 33 223 87 236 126 201 19 233 163
209 25 2943 249 100 246 129 244 79 248 246 220 82 247 39 245 40 241 128 243 165 242 78 234 67 230 208 233 83 235 242 240 45 231 38 222 72 236 205 238 51 226 244 229 226 206 244 237 109 239 203 225 5
210 25 2890 249 208 248 81 183 149 238 13 247 220 230 57 245 150 220 226 246 177 244 151 239 159 243 33 242 217 235 217 240 4 231 56 241 216 234 82 237 178 225 179 188 87 212 122 222 102 224 238 218 106
211 25 2902 248 217 249 137 246 57 213 165 247 224 240 129 239 201 245 44 244 147 235 166 242 107 223 177 243 81 184 29 198 73 225 11 238 55 232 233 229 155 241 55 222 197 216 108 237 148 233 157 236 70
212 25 2925 248 181 249 142 237 85 247 19 243 151 228 200 246 129 245 14 232 189 244 182 242 34 238 241 179 248 224 121 241 224 239 13 231 235 227 40 223 109 240 225 234 40 229 175 236 36 213 94 235 96
213 25 2911 249 206 240 162 248 227 247 36 244 36 245 135 246 215 202 47 236 125 230 241 242 57 224 192 241 71 243 113 231 145 234 147 225 198 220 169 235 60 219 103 238 41 186 249 228 237 237 86 233 88
214 25 2889 249 80 248 79 247 185 242 22 246 52 244 137 195 250 200 233 224 159 245 89 243 7 240 109 219 245 238 128 235 107 236 213 241 71 239 194 231 107 212 160 230 170 185 16 232 43 234 34 223 162
215 25 2943 249 250 240 178 248 131 247 236 246 184 244 110 243 120 234 220 242 19 235 5 245 19 214 94 238 32 241 200 230 221 236 158 233 30 226 177 239 102 224 79 228 131 237 26 229 106 231 234 208 198
216 25 2893 249 166 248 98 247 56 246 125 196 154 243 151 245 237 242 149 234 165 238 245 239 198 240 183 207 33 241 186 244 101 237 211 225 234 170 44 229 6 236 246 228 107 226 72 233 209 230 8 213 10
217 25 2883 249 217 248 216 246 233 245 213 247 41 242 166 243 64 244 34 239 247 240 232 234 7 238 96 241 122 224 123 236 216 235 107 232 106 226 219 222 155 233 228 237 50 210 185 168 113 189 151 199 183
218 25 2919 247 67 243 147 249 67 248 185 244 26 224 107 209 96 246 27 242 51 240 161 241 249 245 84 239 220 208 202 231 188 230 93 236 208 238 246 237 157 200 79 222 240 220 60 234 73 232 115 233 37
219 25 2903 249 177 247 109 243 189 246 156 238 180 248 132 245 164 240 29 241 30 242 164 244 38 239 249 233 11 236 126 235 238 237 146 232 31 226 119 234 52 229 209 220 127 223 249 153 175 202 237 224 92
220 25 2931 247 94 249 22 238 160 246 228 248 43 243 122 229 122 239 179 232 230 215 190 245 245 244 236 207 139 241 126 240 233 236 196 213 108 227 24 242 175 224 213 237 148 219 19 234 185 233 122 235 240
221 25 2882 249 116 240 100 247 183 246 5 248 94 243 84 244 24 107 32 245 9 225 24 237 16 239 111 233 203 241 146 229 200 231 188 242 63 234 118 235 101 236 180 206 58 238 75 223 38 217 234 230 56
222 25 2884 249 136 247 141 248 22 246 118 236 164 242 211 241 161 244 130 238 96 245 76 240 166 87 45 234 23 237 60 239 245 243 122 235 17 224 192 230 51 231 58 222 202 233 212 220 197 232 64 226 166
223 25 2876 249 43 248 100 247 152 243 174 245 213 246 205 239 203 237 219 224 248 232 8 244 214 241 72 238 67 242 165 240 197 226 95 221 245 236 16 235 220 234 67 172 75 227 196 124 153 230 183 233 39
224 25 2948 248 58 247 33 249 193 244 167 229 45 243 161 241 3 246 73 226 40 245 95 242 161 240 187 238 218 236 199 225 211 220 134 237 16 239 171 234 74 233 190 209 244 232 17 231 31 235 124 228 109
225 25 2875 249 209 247 127 241 150 248 48 242 213 244 250 246 87 234 185 205 110 243 129 245 85 239 5 217 21 240 194 212 77 224 167 231 117 236 30 237 91 222 73 221 205 235 2 184 60 223 32 185 179
226 25 2907 248 238 249 172 247 148 232 165 246 27 244 63 243 102 205 28 218 155 242 108 245 149 241 188 236 147 230 235 240 83 233 42 197 12 239 63 229 229 238 200 237 73 222 190 231 30 234 20 189 92
227 25 2916 249 171 248 130 247 234 246 232 200 14 241 249 245 148 243 71 244 117 238 150 242 250 237 112 225 118 232 225 240 206 236 81 234 206 239 166 233 171 203 59 231 212 235 156 228 106 229 42 188 155
228 25 2918 249 154 248 22 247 75 245 106 243 82 240 76 246 131 238 60 244 212 241 101 206 231 196 111 225 106 236 168 239 96 237 55 242 36 235 115 234 86 231 182 212 230 233 98 219 101 230 168 221 23
229 25 2898 249 157 246 107 244 247 247 151 248 104 243 71 242 139 245 75 240 211 237 17 239 156 232 109 234 67 230 140 222 142 238 218 170 246 221 218 219 153 236 165 235 35 228 213 218 237 225 197 209 30
230 25 2906 248 145 249 167 247 155 232 41 234 177 246 90 238 98 245 163 243 178 241 34 223 221 235 71 244 189 237 58 233 118 242 43 239 92 231 136 236 230 230 28 217 210 240 81 225 222 151 228 207 39
231 25 2931 249 112 229 99 248 133 247 242 246 182 242 84 238 87 245 5 243 109 230 20 244 16 221 196 231 88 232 109 237 63 239 129 235 60 240 176 241 126 219 167 196 114 236 101 215 228 233 237 226 230
232 25 2883 249 37 248 6 247 4 243 108 245 87 240 143 238 179 242 129 226 200 244 2 241 168 176 199 231 132 239 247 224 211 246 144 237 58 209 12 235 103 228 202 221 68 225 248 227 7 211 95 195 78
233 25 2879 249 158 248 216 245 88 247 119 236 104 239 228 243 134 246 83 230 86 244 141 232 182 234 77 241 166 237 201 225 13 235 200 242 51 201 83 213 92 202 190 181 161 238 139 192 152 226 92 233 210
234 25 2888 249 9 248 98 247 188 234 5 244 224 246 217 241 12 245 218 165 124 239 219 237 137 243 215 242 248 219 66 168 14 231 11 235 47 226 8 240 74 228 86 236 118 225 113 238 46 223 124 227 182
235 25 2909 249 97 243 239 248 189 245 183 247 131 244 46 246 158 237 110 242 113 239 184 240 10 219 144 238 248 226 183 225 42 241 34 231 211 233 97 227 213 234 194 223 218 235 180 179 128 228 44 200 228
236 25 2868 249 189 247 248 248 39 246 236 243 41 244 83 242 99 239 68 241 138 231 204 245 145 154 209 240 88 233 78 236 1 219 148 235 29 223 180 208 176 234 105 237 53 217 99 177 214 220 45 229 49
237 25 2883 249 52 242 220 247 30 244 133 239 238 248 220 241 126 246 180 240 135 245 136 243 32 233 53 230 135 238 138 237 196 193 149 217 93 234 139 227 216 218 242 169 89 229 66 223 68 236 113 198 192
238 25 2905 249 71 248 231 246 12 247 218 243 229 242 164 245 164 241 228 236 222 214 95 244 102 240 49 225 123 238 101 234 179 216 225 237 47 212 195 228 23 239 212 207 51 210 212 235 29 232 188 202 22
239 25 2815 246 6 249 186 248 24 234 17 245 208 244 228 240 96 236 41 247 198 243 133 241 125 239 68 238 246 210 190 117 68 242 197 209 164 237 202 235 63 221 145 199 198 226 107 188 124 169 184 228 172
240 25 2928 235 211 247 233 248 241 249 50 245 98 239 136 246 151 243 2 244 165 242 46 240 148 237 69 232 18 227 151 231 147 217 168 238 164 228 89 233 99 241 231 234 84 182 168 224 236 226 113 229 12
241 25 2813 248 166 249 162 247 181 232 10 240 48 242 232 244 150 246 2 168 142 245 84 227 246 243 105 238 78 237 145 219 136 236 207 226 166 239 70 241 162 233 105 231 1 228 86 56 104 177 240 234 176
242 25 2823 249 116 248 93 244 34 247 6 246 92 245 212 240 15 111 106 237 158 234 168 243 101 225 138 230 210 242 223 241 172 236 224 214 14 239 126 172 134 198 21 238 81 217 99 228 50 196 126 227 220
243 25 2913 249 192 248 44 240 135 246 179 247 216 244 71 245 235 241 115 243 212 242 69 229 217 237 5 150 14 238 197 225 190 230 135 226 171 234 50 239 13 233 208 227 14 211 2 235 3 236 47 232 198
244 25 2954 249 98 248 232 247 106 245 84 238 203 246 126 242 92 224 148 243 7 241 21 244 118 229 225 240 59 235 149 228 64 231 134 233 208 237 200 223 4 239 224 236 17 232 29 230 161 215 146 234 180
245 25 2896 247 93 249 39 248 93 240 94 246 166 243 171 217 110 244 131 219 84 245 140 206 244 239 32 241 231 235 9 242 6 238 180 159 134 229 172 231 29 227 174 224 214 233 109 236 32 232 151 223 166
246 25 2815 248 53 249 64 247 237 245 16 246 150 184 64 221 128 244 181 219 25 243 153 229 18 242 44 239 20 233 131 240 239 237 196 228 182 238 186 93 176 235 214 220 117 241 208 234 95 153 244 223 81
247 25 2919 248 154 242 184 245 12 249 220 244 229 247 148 239 129 246 143 233 79 234 113 241 118 236 167 243 18 240 18 237 18 235 241 213 116 232 52 197 245 231 217 212 80 216 20 215 65 238 20 225 139
248 25 2873 249 171 248 178 243 127 247 58 240 13 245 158 246 68 141 142 244 173 236 9 242 223 227 240 201 19 239 84 203 171 235 58 199 2 241 197 238 16 231 7 237 19 221 176 229 143 232 103 233 14
249 25 2857 247 2 249 56 248 147 245 62 246 74 242 187 213 199 227 124 236 121 239 228 237 203 243 60 244 119 201 51 228 200 222 137 150 166 214 45 224 213 241 240 240 246 238 53 230 81 215 116 196 185
250 25 2948 249 135 248 143 247 229 233 90 246 189 244 182 245 166 238 46 243 200 241 133 218 75 239 214 240 134 235 80 242 241 231 57 229 85 215 20 224 178 236 232 225 106 237 103 230 21 234 104 227 171
251 25 2929 249 153 247 16 245 167 248 229 246 138 242 78 243 13 244 20 238 130 222 93 241 246 217 97 237 132 234 73 239 79 228 171 240 107 206 85 230 125 214 86 221 123 233 4 227 195 235 116 232 235
252 25 2894 247 18 249 64 244 238 248 124 224 139 245 232 239 92 246 103 234 101 236 30 241 224 240 13 243 238 242 1 235 150 238 184 229 152 208 59 226 34 228 226 237 205 219 174 189 225 181 68 220 144
253 25 2911 249 129 248 170 223 32 245 148 246 195 243 154 247 240 244 106 242 118 241 157 234 21 239 131 204 161 235 147 237 141 238 247 232 44 240 21 233 115 226 137 220 28 228 114 236 170 211 199 182 130
254 25 2948 249 239 248 222 246 134 247 228 241 226 245 58 240 133 244 130 242 169 231 73 243 185 237 10 238 206 239 123 230 131 233 97 223 119 227 155 236 181 226 69 210 92 228 146 225 228 235 153 234 141
255 25 2834 248 194 249 129 247 243 236 167 246 58 245 137 238 165 244 49 242 188 237 7 241 20 50 5 225 80 211 190 239 168 234 109 202 179 228 132 240 55 243 97 226 144 232 8 231 26 233 167 201 248
256 25 2938 249 92 247 205 248 64 241 101 242 49 239 5 246 119 226 144 245 167 244 105 237 158 243 176 236 119 232 174 240 135 238 123 233 190 201 26 234 151 235 119 231 133 225 38 224 73 221 135 219 19
257 25 2943 249 90 247 137 245 237 234 223 248 174 246 160 244 90 238 151 235 106 243 15 232 243 241 225 242 40 240 167 231 21 237 67 239 234 209 143 236 79 229 185 230 215 211 118 227 70 226 26 228 104
258 25 2903 249 236 247 143 245 199 241 55 248 38 246 179 244 135 243 240 176 147 242 217 236 36 231 38 229 39 210 173 239 245 234 200 217 26 237 182 238 75 235 59 228 41 224 103 222 234 240 215 205 246
259 25 2890 249 121 248 221 244 239 242 155 245 149 243 242 246 78 247 109 226 225 240 75 233 150 235 33 241 191 237 72 239 36 216 141 238 244 220 89 236 167 230 206 190 77 228 103 231 79 210 20 166 34
260 25 2830 249 191 244 31 247 184 248 113 243 219 246 79 245 7 226 227 241 32 235 143 238 230 242 244 232 97 239 161 237 219 197 4 21 93 229 52 240 38 233 101 230 72 221 4 220 228 231 92 227 178
261 25 2783 249 166 244 78 246 240 248 248 247 108 245 240 233 208 241 241 242 119 243 11 239 139 236 189 237 60 222 110 240 220 50 139 204 12 226 140 203 177 229 172 227 29 225 23 156 236 199 51 235 4
262 25 2933 249 194 248 110 245 39 246 75 237 6 247 102 232 37 229 234 243 212 244 145 239 224 241 246 242 6 240 101 202 109 230 102 226 183 235 106 238 84 233 134 211 82 234 204 220 122 224 185 231 66
263 25 2894 249 198 248 227 244 203 247 141 245 157 186 156 236 209 246 219 239 114 214 145 232 177 243 144 241 66 217 225 242 183 238 157 219 163 229 157 240 56 234 206 230 94 231 12 237 198 216 157 185 61
264 25 2895 249 211 248 184 247 175 236 123 243 206 246 228 245 1 244 5 237 59 238 123 241 215 231 217 234 157 223 181 229 98 242 227 233 39 226 113 213 50 224 207 240 187 153 68 216 158 220 111 232 7
265 25 2919 249 45 246 84 248 207 247 101 219 173 245 57 240 72 238 218 236 81 232 90 242 185 244 146 234 21 230 139 241 171 214 6 226 65 243 151 235 162 209 160 228 108 239 182 224 116 193 186 237 137
266 25 2916 246 84 248 194 243 207 249 247 247 226 241 124 245 8 237 94 244 239 242 111 240 119 235 122 238 69 226 9 199 222 239 244 236 137 221 126 232 230 210 237 233 128 220 233 214 52 213 78 234 210
267 25 2931 249 198 241 69 246 93 247 28 248 164 228 224 245 70 240 37 244 185 221 136 238 52 242 155 243 34 239 150 225 226 227 73 237 94 234 72 219 2 231 99 236 133 224 220 233 153 235 119 191 154
268 25 2913 248 35 249 133 247 170 245 48 240 107 233 63 244 99 246 245 239 16 241 48 224 68 243 141 238 127 235 234 236 149 242 170 215 142 232 184 229 241 234 157 223 96 218 129 237 101 231 183 158 53
269 25 2942 248 46 249 79 247 212 244 195 242 90 240 178 245 74 246 152 236 28 238 68 227 4 241 31 233 244 243 23 237 44 239 227 235 98 234 93 209 11 229 153 222 141 225 45 231 41 221 6 223 138
270 25 2902 248 90 249 233 247 163 246 33 244 148 229 22 245 89 238 169 216 237 228 179 237 188 242 235 241 63 176 232 224 250 243 75 235 113 234 182 226 244 232 13 183 91 236 166 239 8 240 68 227 100
271 25 2799 245 132 249 153 246 228 229 33 244 45 247 175 248 241 242 38 125 138 237 26 241 30 243 195 239 248 217 40 240 21 236 244 231 3 173 181 227 2 175 190 232 211 238 84 224 148 146 152 225 243
272 25 2883 246 188 249 165 243 94 247 74 248 221 237 205 245 56 200 157 234 55 240 28 244 240 242 136 239 64 236 124 241 82 222 191 205 54 213 26 230 46 238 81 235 40 229 221 224 152 186 249 193 146
273 25 2935 249 64 231 193 246 94 247 119 245 31 248 7 227 85 240 104 244 250 237 219 239 93 243 214 238 72 232 165 234 182 216 232 242 198 241 183 235 90 236 8 219 137 225 16 233 208 212 125 211 110
274 25 2904 249 210 234 149 245 247 248 99 247 105 246 116 242 122 244 119 243 200 238 240 219 155 241 198 232 179 230 87 197 215 229 43 211 131 235 49 237 70 222 237 239 167 240 71 189 204 223 242 228 82
275 25 2890 249 132 248 63 246 155 247 213 245 182 242 64 244 222 243 112 240 107 231 16 241 103 235 130 206 4 223 38 236 53 238 180 234 56 239 97 219 57 202 94 225 117 230 173 237 30 229 164 152 229
276 25 2901 249 202 247 132 248 57 234 106 246 144 245 130 239 58 242 130 226 56 240 105 243 230 236 38 244 150 241 2 233 91 238 163 220 34 235 45 237 208 232 51 229 18 214 16 203 96 154 121 227 93
277 25 2881 249 246 248 112 246 135 247 2 206 90 245 57 244 127 240 124 243 9 236 64 239 127 241 108 242 62 233 189 238 205 212 97 191 172 235 61 237 128 192 227 181 209 227 234 229 238 234 93 228 60
278 25 2898 247 61 249 50 248 206 176 207 242 235 246 47 204 91 243 54 244 179 227 182 239 201 232 81 240 208 245 123 237 38 241 131 225 39 206 171 219 181 215 205 236 84 234 36 228 218 235 209 238 57
279 25 2913 249 48 248 29 244 125 247 55 240 91 243 105 241 69 246 109 225 93 245 2 242 146 239 33 234 92 237 106 158 147 233 89 229 175 228 125 238 1 227 8 235 205 220 114 221 235 232 71 226 240
280 25 2901 228 143 239 214 249 170 248 229 247 153 226 90 245 101 244 110 246 117 243 42 229 109 242 153 236 3 241 36 208 219 199 91 235 148 193 182 238 238 230 138 234 160 240 192 227 119 220 199 216 50
281 25 2893 249 189 248 32 246 163 247 176 244 190 237 217 243 176 245 67 242 133 178 177 231 191 205 131 223 228 222 225 241 69 239 46 207 149 240 63 235 173 234 218 238 5 230 177 232 129 211 181 220 178
282 25 2942 248 205 228 236 247 61 249 146 244 39 242 88 246 169 245 36 239 38 235 97 243 44 241 109 227 163 238 53 233 180 225 236 234 227 236 204 240 230 237 198 207 77 231 171 216 58 223 113 230 84
283 25 2904 249 185 245 82 248 184 242 56 247 162 243 33 231 116 246 206 240 202 244 206 224 126 238 85 222 52 226 200 198 202 236 69 241 217 230 37 237 177 235 135 239 213 186 4 227 219 219 191 216 208
284 25 2866 249 75 248 177 237 5 246 33 235 235 247 238 238 163 245 20 241 141 234 9 243 86 240 51 244 39 236 190 242 11 219 206 239 63 227 10 169 39 213 147 225 133 183 1 233 245 182 184 217 231
285 25 2914 249 38 248 96 247 163 241 35 244 28 246 8 237 65 245 144 232 83 243 199 242 94 229 7 225 147 240 180 239 10 235 36 238 76 236 38 227 117 138 145 234 185 233 140 230 230 231 164 220 75
286 25 2943 249 248 248 10 246 116 236 23 245 25 247 144 241 236 243 105 244 46 240 87 237 169 238 186 242 86 235 248 231 134 218 233 233 156 228 230 239 153 223 242 219 130 234 178 214 25 232 223 224 228
287 25 2860 249 169 245 2 248 131 246 246 247 157 244 53 237 123 239 30 234 102 243 190 241 71 242 221 232 215 197 62 238 225 236 220 240 104 227 32 158 105 231 203 235 87 128 138 233 86 229 80 222 28
288 25 2875 246 231 249 209 248 139 244 54 242 243 247 192 240 13 245 40 243 222 239 26 241 23 235 191 230 11 227 236 211 22 236 34 237 7 232 167 238 183 234 165 214 112 205 240 215 230 126 168 226 185
289 25 2887 247 18 238 129 249 124 248 124 246 1 244 8 241 250 240 7 224 207 243 41 213 98 245 249 242 35 236 91 230 55 233 210 214 245 228 111 158 227 239 25 222 55 235 97 225 44 203 56 231 154
290 25 2884 249 150 248 240 247 75 240 146 246 76 199 155 242 37 244 89 243 109 245 50 239 196 215 155 228 152 231 177 238 219 241 114 230 66 233 76 207 200 237 75 184 92 234 29 226 53 200 100 222 41
291 25 2885 248 128 249 103 244 23 247 156 246 2 245 61 243 137 241 11 240 152 238 190 239 41 206 206 236 188 197 243 242 103 222 179 219 36 213 79 232 240 211 43 184 125 237 223 230 103 229 245 233 172
292 25 2950 249 48 248 68 247 162 231 238 239 99 244 214 245 59 246 134 241 61 235 78 240 83 243 152 238 10 242 212 234 49 236 140 229 117 230 19 233 7 232 154 237 44 222 20 221 125 227 229 211 80
293 25 2909 249 162 246 210 248 184 247 221 241 66 244 64 245 71 243 167 144 114 225 136 232 59 238 125 242 165 240 143 233 48 236 119 239 224 230 30 237 147 235 46 213 6 231 128 234 201 224 245 223 175
294 25 2900 248 150 249 208 246 242 245 125 247 240 239 24 234 245 225 219 240 59 244 144 203 167 242 174 241 37 207 17 232 30 237 242 222 26 243 93 230 140 226 53 215 237 236 174 223 39 192 146 235 79
295 25 2940 249 34 248 181 246 142 242 124 247 46 245 13 236 104 238 69 233 98 244 200 241 66 228 82 243 2 239 155 226 176 237 105 220 242 235 61 240 125 231 151 215 113 221 201 234 111 210 221 232 132
296 25 2899 248 32 249 55 245 222 247 46 236 30 241 249 244 230 238 208 246 173 203 54 243 19 228 177 211 82 242 198 204 101 239 140 234 11 235 119 237 36 226 239 230 34 210 67 214 92 208 237 240 89
297 25 2911 249 223 244 157 247 235 245 224 248 103 243 60 238 127 246 197 241 174 239 242 234 231 184 135 203 60 240 91 242 38 236 85 237 229 224 29 216 248 225 248 223 194 235 84 227 50 226 221 230 246
298 25 2848 245 192 249 138 248 83 247 248 213 158 241 148 240 128 246 115 243 164 244 4 242 69 238 241 231 209 239 167 226 161 228 192 236 119 70 81 237 82 235 244 221 224 199 146 225 36 219 231 234 112
299 25 2884 249 49 248 26 224 156 241 134 247 97 246 228 239 95 245 35 244 122 236 163 240 189 234 205 235 248 233 152 238 39 243 155 225 221 242 3 228 101 237 222 227 100 155 228 232 33 152 77 229 242
