0 25 2923 250 10 249 180 246 69 248 139 247 195 242 155 245 7 244 210 243 32 241 214 232 144 233 146 235 250 234 9 240 220 236 168 227 243 239 45 237 74 229 188 209 138 238 134 216 195 159 1 228 217
1 25 2910 249 126 247 24 242 37 248 30 244 125 246 32 243 212 245 191 238 10 240 137 239 23 234 203 233 141 236 138 237 167 241 147 221 144 170 41 229 142 235 133 227 2 232 204 225 196 220 26 199 246
2 25 2836 248 36 249 195 247 65 246 229 245 65 243 197 241 50 238 129 244 230 242 23 228 97 240 162 217 233 239 86 236 105 235 61 230 21 233 192 232 203 237 153 223 66 80 156 234 105 231 212 134 181
3 25 2894 249 34 247 18 248 115 246 54 244 248 245 183 238 126 243 245 240 166 241 103 237 19 233 140 239 167 242 161 231 167 228 87 236 233 234 65 235 9 218 14 227 93 223 193 229 45 104 87 232 74
4 25 2911 245 126 249 209 248 198 246 101 247 162 241 49 242 55 244 96 237 174 238 39 239 154 243 120 227 147 236 156 231 109 222 176 240 14 226 18 228 190 233 225 139 187 235 169 230 80 232 17 224 15
5 25 2935 249 130 248 54 247 52 246 214 243 61 245 43 230 200 244 44 239 15 237 50 241 16 215 11 233 215 240 131 232 59 235 149 242 73 238 117 212 209 203 50 236 176 231 120 223 174 228 213 234 84
6 25 2871 249 122 247 128 248 118 245 28 243 41 244 140 241 47 242 143 246 58 240 196 229 244 236 43 239 230 235 18 238 155 231 86 217 130 237 95 234 153 219 169 233 155 228 153 232 243 60 165 230 159
7 25 2952 249 59 243 68 248 52 226 139 247 187 245 81 246 219 240 159 237 25 242 196 244 124 238 159 236 158 241 93 239 232 232 163 234 203 227 185 229 166 228 62 213 116 233 245 231 132 235 192 222 149
8 25 2942 248 160 249 83 247 152 246 201 244 30 242 42 245 184 240 209 239 105 211 102 238 165 241 204 236 218 210 217 243 89 237 165 228 176 235 1 230 237 231 143 234 122 232 90 221 72 225 190 233 119
9 25 2953 249 91 247 246 248 148 238 16 244 54 246 104 245 81 243 184 236 238 242 178 232 162 240 78 226 90 237 164 241 16 228 193 230 66 235 224 239 120 233 56 234 89 216 87 224 94 223 128 231 157
10 25 2888 249 162 248 18 245 237 247 86 246 205 241 249 242 137 244 31 243 167 214 239 240 61 215 247 232 53 239 193 234 58 237 97 231 135 235 161 238 50 236 53 164 24 192 29 206 183 228 229 230 59
11 25 2913 249 193 248 236 247 187 246 63 245 44 242 151 221 12 244 212 241 4 240 155 208 111 239 115 243 56 238 89 235 24 224 98 236 27 233 165 237 46 206 139 232 158 213 83 217 52 230 193 212 147
12 25 2955 249 128 244 31 248 248 245 73 247 240 246 137 233 1 238 73 243 188 241 106 242 232 225 120 240 107 237 82 232 142 236 27 231 182 234 89 239 115 235 174 228 198 229 173 230 245 218 172 220 173
13 25 2930 249 226 247 88 248 247 245 66 246 177 242 11 244 239 241 179 238 18 240 105 237 15 236 228 243 11 220 126 239 55 189 188 229 223 233 238 232 37 235 99 230 245 212 55 234 240 231 129 221 33
14 25 2941 249 27 239 193 248 33 246 156 244 69 247 39 245 226 238 51 241 88 240 36 242 189 237 247 243 153 200 113 227 103 236 80 225 98 234 94 230 206 221 108 235 36 231 218 223 212 228 42 233 241
15 25 2943 249 4 248 171 247 11 242 118 243 163 246 229 245 147 244 59 240 67 238 125 237 198 201 164 239 59 234 64 235 156 241 55 225 28 231 222 227 102 233 188 236 13 232 106 226 141 218 230 230 168
16 25 2953 248 247 249 239 247 242 244 224 243 172 246 16 234 221 245 126 228 223 238 152 241 65 242 189 239 47 231 191 229 91 212 179 240 156 232 180 236 87 235 34 237 52 226 128 227 179 233 181 224 69
17 25 2931 249 1 248 236 243 93 247 29 242 62 245 43 244 61 246 229 241 19 205 195 239 91 240 148 221 19 238 241 223 197 225 130 224 145 233 137 229 77 237 170 236 224 234 242 235 88 226 140 213 52
18 25 2936 242 174 249 83 248 92 247 231 246 227 241 71 245 102 244 144 228 214 243 49 227 153 239 62 235 133 214 65 240 203 238 101 237 52 236 210 234 150 229 163 215 166 230 38 233 168 200 151 232 35
19 25 2933 249 228 247 249 245 45 248 204 246 211 244 160 241 215 242 100 243 99 240 96 237 106 212 171 236 26 227 189 228 222 232 143 216 26 238 130 211 172 221 170 239 239 226 76 235 134 230 218 233 36
20 25 2932 249 222 248 71 247 180 245 23 244 169 246 100 242 228 202 43 243 142 241 18 227 208 239 176 240 39 238 108 237 69 236 49 219 111 213 141 234 68 231 125 233 64 232 120 226 70 217 135 235 50
21 25 2943 249 6 248 13 245 217 247 147 221 153 246 248 237 90 238 22 243 100 244 233 241 224 240 43 230 156 242 163 236 81 227 83 233 124 235 178 234 208 239 178 229 15 218 197 216 39 231 52 217 233
22 25 2950 249 84 245 45 248 74 244 105 247 137 246 109 239 37 238 81 241 205 237 87 242 94 240 68 243 116 230 29 233 213 234 36 225 17 236 182 229 8 216 37 231 98 226 57 232 135 227 136 223 98
23 25 2865 249 90 246 58 248 70 247 18 245 2 241 56 244 115 242 32 243 22 239 143 234 124 238 91 240 7 231 189 236 30 237 145 235 94 232 216 233 68 225 111 227 164 223 147 187 211 175 187 134 187
24 25 2941 249 99 247 179 248 73 244 200 243 222 245 227 241 154 246 180 242 68 237 199 240 219 228 64 238 169 230 24 233 236 227 180 234 155 239 213 232 230 235 157 236 190 212 26 229 82 208 215 219 124
25 25 2908 248 239 246 134 249 136 247 178 245 183 244 121 243 172 241 46 238 119 242 250 240 186 239 139 237 159 225 129 230 113 189 21 227 196 236 228 235 65 216 213 224 83 226 126 233 76 204 185 213 202
26 25 2929 249 214 248 100 247 215 242 20 245 24 246 219 232 207 244 196 243 203 240 103 241 172 226 211 230 122 239 174 237 121 233 44 185 131 223 225 238 141 235 19 234 186 215 30 229 216 231 18 227 248
27 25 2896 249 121 248 137 247 189 246 223 245 15 242 240 244 9 241 25 240 222 243 85 221 96 235 191 236 154 238 142 239 230 226 83 237 158 227 191 196 212 170 159 203 34 232 181 220 48 234 207 233 85
28 25 2945 249 225 244 1 248 67 246 135 243 40 247 147 245 5 241 165 240 142 242 25 239 118 237 77 217 92 233 37 236 95 238 198 235 240 234 58 228 193 232 212 225 16 230 215 231 235 224 70 206 39
29 25 2940 249 220 248 28 244 90 247 215 245 61 246 106 233 228 243 146 200 65 232 96 239 246 234 117 238 228 242 55 237 184 241 56 236 217 235 59 227 137 230 65 240 117 225 126 213 25 231 233 226 108
30 25 2875 248 2 249 24 247 93 246 89 243 69 237 1 236 72 244 208 245 198 241 81 242 92 240 245 239 67 238 132 145 199 235 206 234 210 191 249 224 178 233 10 190 13 223 78 230 203 228 207 222 140
31 25 2923 249 233 248 139 247 118 245 219 246 120 230 66 244 123 239 71 242 26 243 99 238 116 240 95 235 108 241 177 227 125 237 122 223 174 229 150 236 191 212 86 234 122 198 179 207 223 224 107 232 50
32 25 2947 248 31 249 153 244 67 247 237 239 93 243 132 245 68 246 168 226 62 237 150 240 154 219 26 235 14 242 144 241 174 236 80 238 196 233 131 234 30 229 222 232 205 218 20 231 97 227 143 215 138
33 25 2935 249 56 248 214 246 158 234 203 239 123 247 1 242 192 245 247 244 12 235 46 241 11 243 230 240 120 237 2 238 223 236 111 224 217 222 121 230 233 229 154 215 120 231 202 219 147 221 228 216 154
34 25 2942 249 38 248 70 244 45 247 104 246 189 245 154 243 229 242 237 239 239 217 207 241 147 236 148 240 155 237 85 235 181 233 246 234 182 210 118 238 163 221 32 231 224 232 247 230 227 223 56 224 67
35 25 2934 248 160 249 166 247 22 243 239 245 64 246 61 237 62 241 201 244 236 242 168 240 177 222 78 233 65 231 169 238 43 239 18 192 221 234 179 236 57 230 148 232 137 220 69 235 109 225 59 219 144
36 25 2933 248 142 249 17 247 17 246 201 245 102 243 78 244 248 241 231 230 97 242 114 217 43 239 199 212 150 238 79 237 244 232 196 227 58 240 102 231 188 222 81 233 5 228 213 235 167 236 225 204 238
37 25 2934 249 240 248 186 246 115 247 23 245 247 244 214 240 67 241 119 243 183 242 27 239 214 233 214 235 24 236 246 238 74 234 247 231 233 207 29 237 167 209 39 214 175 226 83 224 158 232 128 228 48
38 25 2954 249 198 246 64 247 53 248 99 241 224 231 38 245 71 243 23 240 179 239 192 244 115 236 102 233 164 242 179 238 79 237 9 232 198 229 65 228 56 230 243 235 86 226 226 234 49 210 181 225 202
39 25 2923 249 116 248 145 246 135 247 244 245 28 219 194 241 153 244 181 242 26 236 181 243 233 240 32 239 220 233 45 237 193 238 87 231 86 235 165 209 152 230 18 226 180 232 69 179 49 234 107 223 73
40 25 2912 249 8 248 87 247 172 243 211 246 30 245 59 240 47 244 202 239 71 242 91 236 2 232 84 238 154 229 202 241 82 233 57 234 161 212 15 223 209 230 145 237 206 227 216 168 12 214 184 228 142
41 25 2938 249 78 246 181 247 144 248 134 245 4 244 10 243 13 241 154 240 33 239 174 230 119 242 38 231 59 233 185 232 12 236 96 238 113 234 37 221 153 235 249 237 60 217 60 206 8 229 208 214 112
42 25 2955 249 34 248 36 247 144 246 186 242 81 243 86 245 239 244 141 238 28 229 164 234 92 240 195 237 190 233 144 236 235 239 187 241 191 235 67 231 159 221 52 230 14 223 50 227 157 232 238 220 116
43 25 2943 249 190 246 147 248 77 247 122 244 227 241 85 208 102 245 48 233 32 235 33 243 50 234 188 239 178 242 213 237 213 240 137 238 91 228 233 222 74 232 49 231 209 236 34 210 163 229 59 230 183
44 25 2915 249 234 248 131 247 190 246 72 245 223 243 58 221 91 216 33 244 171 242 222 238 219 237 127 241 224 240 130 236 120 239 191 227 55 226 115 166 73 234 135 229 64 235 185 233 115 220 160 228 167
45 25 2949 249 110 248 8 247 164 243 108 246 58 244 29 245 59 240 170 238 15 242 84 228 84 239 98 215 51 237 198 236 9 241 166 229 193 230 222 235 139 231 223 225 199 233 101 232 128 222 53 223 160
46 25 2946 249 86 248 205 247 198 246 176 245 220 241 37 242 225 234 159 244 17 243 97 239 174 237 77 235 108 236 90 240 94 238 87 232 222 209 69 233 44 231 33 227 44 221 18 228 87 222 174 225 199
47 25 2922 249 115 248 6 245 205 247 151 242 196 244 102 246 14 236 186 241 115 219 172 243 247 231 106 239 21 240 86 238 57 234 196 235 132 230 88 224 246 237 40 225 118 206 59 233 85 186 4 227 52
48 25 2945 249 136 247 54 246 148 248 210 240 207 244 69 245 22 243 15 237 153 242 85 241 3 233 60 239 194 227 185 236 106 230 162 228 198 238 172 235 193 232 57 234 16 231 131 226 65 224 35 195 142
49 25 2949 248 129 249 213 247 143 246 65 243 226 245 189 242 121 238 198 240 5 239 223 244 31 237 164 206 68 234 165 235 130 241 12 236 217 229 205 232 229 224 129 231 220 227 168 230 34 233 141 223 98
50 25 2962 249 242 248 4 246 116 247 172 243 35 245 56 244 196 240 236 241 81 237 78 242 231 238 213 239 94 236 38 235 190 233 204 234 26 231 1 232 250 224 165 230 51 227 78 226 134 228 132 229 107
51 25 2905 249 87 247 241 248 186 239 132 245 32 243 97 228 19 244 46 242 181 246 215 241 22 217 87 178 118 240 239 235 67 236 190 234 77 237 231 238 246 232 150 224 193 233 101 231 58 229 103 174 217
52 25 2950 249 209 248 182 242 2 243 175 246 78 247 194 245 2 229 218 238 129 241 200 222 66 244 209 237 109 235 212 239 62 240 193 232 8 236 218 231 3 233 53 234 61 216 98 223 166 227 181 224 72
53 25 2927 249 144 248 6 246 33 247 111 244 135 245 193 235 193 243 52 242 233 219 235 237 99 241 248 236 247 233 152 223 37 239 55 240 83 221 11 238 157 234 28 230 121 209 216 231 196 201 162 224 49
54 25 2918 249 195 248 241 247 111 246 219 245 47 235 130 242 161 230 29 241 30 244 198 243 37 240 111 237 245 238 231 205 188 236 77 232 250 229 115 239 194 233 77 178 247 226 157 218 227 231 170 225 172
55 25 2952 249 120 245 129 247 81 246 244 248 137 244 81 242 229 243 195 236 158 241 175 237 89 230 175 240 214 234 120 220 39 235 194 232 3 238 200 227 74 239 143 233 35 231 207 222 129 216 119 229 224
56 25 2955 249 171 248 173 247 100 246 142 245 245 240 108 242 207 237 53 244 167 241 87 238 234 243 2 232 242 235 13 231 31 219 84 239 49 236 116 228 46 230 51 233 106 229 80 234 23 217 192 227 55
57 25 2921 249 209 248 99 247 82 246 98 238 2 245 106 242 57 241 29 244 173 239 108 243 148 222 125 228 111 232 238 236 146 231 43 240 29 219 101 233 37 229 148 237 100 235 34 215 176 169 138 234 101
58 25 2942 249 214 248 162 247 81 245 13 246 145 243 212 241 67 244 63 238 181 231 28 242 212 229 64 227 143 240 208 236 69 230 40 232 57 237 92 233 191 239 112 196 31 234 41 220 96 235 244 222 135
59 25 2957 249 74 248 52 245 153 247 216 246 124 239 201 243 70 244 243 241 64 236 193 218 81 242 167 240 46 238 163 228 211 235 5 237 111 234 76 230 98 229 145 232 52 231 31 224 141 233 233 225 165
60 25 2951 249 75 248 125 247 229 243 131 244 134 246 32 245 224 237 147 241 184 240 158 236 111 242 169 232 2 233 69 239 65 238 195 231 187 221 232 225 209 230 211 229 215 224 134 235 25 214 170 234 57
61 25 2941 247 90 249 57 248 71 246 85 245 106 244 68 243 219 242 132 239 189 240 111 233 22 241 82 231 218 234 40 232 204 238 228 221 216 237 181 236 123 222 210 228 164 224 83 235 176 207 208 220 172
62 25 2936 249 141 241 53 248 103 246 179 247 63 244 108 245 29 242 138 240 167 236 233 234 93 243 24 239 186 238 139 230 37 237 202 235 92 231 149 215 81 233 227 221 194 209 60 218 168 228 105 224 227
63 25 2935 249 97 248 102 246 17 247 205 238 54 245 145 243 178 244 197 240 50 227 43 242 214 241 179 239 164 228 184 232 122 235 197 237 25 229 69 195 102 236 111 233 185 234 130 225 246 211 185 226 99
64 25 2935 248 201 249 53 247 115 246 223 243 199 239 173 245 13 240 63 244 83 241 112 231 91 237 111 242 69 233 136 234 37 236 43 238 133 194 204 232 244 235 122 222 102 226 140 216 188 225 60 227 245
65 25 2943 249 203 248 189 244 97 247 61 246 172 242 74 245 152 243 93 240 201 241 136 234 234 236 98 232 159 239 25 220 174 238 33 235 1 231 79 233 184 237 159 221 12 228 34 229 161 225 17 204 99
66 25 2956 249 245 248 141 246 196 247 150 244 229 239 25 241 203 245 181 242 111 243 121 236 204 240 194 234 163 238 169 237 115 233 120 231 162 230 30 220 116 221 126 228 233 232 14 229 179 225 9 235 61
67 25 2911 249 30 235 130 246 180 248 206 245 83 240 136 244 179 247 176 241 193 243 108 233 233 238 83 242 3 230 62 234 67 236 168 239 102 231 69 214 130 237 47 229 25 136 102 226 67 232 177 228 59
68 25 2931 249 103 245 151 248 40 247 247 242 38 246 231 240 176 243 150 239 238 244 219 236 107 241 226 230 214 232 209 225 152 237 169 189 119 235 250 238 129 228 52 234 224 233 168 227 7 221 136 214 141
69 25 2944 248 68 249 68 247 80 246 199 240 176 245 73 236 212 244 55 242 215 233 35 243 9 200 84 238 9 241 58 237 57 239 223 232 124 230 157 235 180 234 9 227 186 229 75 223 37 231 205 219 147
70 25 2876 249 34 248 80 241 147 247 204 246 90 243 30 245 127 244 96 242 228 238 79 228 146 239 167 240 81 225 18 237 152 235 203 177 158 188 5 236 186 229 184 218 135 212 213 233 40 196 129 216 58
71 25 2911 247 181 249 25 248 96 244 229 243 238 233 55 246 177 245 54 236 177 242 81 238 117 234 82 240 205 239 154 235 129 241 30 237 223 232 85 162 32 220 123 228 199 200 151 231 63 226 96 227 151
72 25 2865 249 197 239 20 248 97 247 22 245 29 243 108 232 233 246 7 240 226 244 143 238 34 242 146 241 232 237 112 236 16 235 43 215 176 233 62 228 79 179 116 229 98 231 105 119 11 211 160 223 198
73 25 2947 249 237 247 120 248 28 246 178 240 74 245 215 243 24 244 69 235 192 242 170 241 63 237 135 239 128 234 196 228 219 238 46 236 143 230 233 218 51 233 111 227 111 232 244 231 214 225 100 207 145
74 25 2936 249 181 248 41 247 230 246 232 245 167 244 129 240 181 241 2 242 148 238 46 243 90 239 102 237 130 193 20 236 30 235 198 223 157 228 51 232 102 233 160 226 214 231 165 220 34 222 139 234 180
75 25 2933 249 52 247 247 246 229 248 195 244 80 242 116 245 191 239 181 243 122 241 53 238 158 230 225 240 221 232 138 235 215 237 119 234 249 184 129 236 194 233 12 227 87 231 96 225 109 228 158 213 67
76 25 2823 249 116 248 104 245 221 247 147 239 4 243 234 237 177 246 104 244 34 242 30 238 146 230 160 228 226 129 152 241 240 236 129 240 88 203 235 124 37 235 218 214 54 215 217 234 133 233 35 206 239
77 25 2956 249 143 247 197 248 232 246 218 238 92 242 46 245 139 244 110 243 82 240 51 239 79 213 200 241 91 237 18 236 208 234 123 231 43 228 194 235 181 226 80 230 197 233 103 227 180 232 237 229 217
78 25 2950 249 204 248 218 244 163 247 209 246 140 245 47 243 222 238 61 241 128 240 147 235 82 236 114 233 96 237 55 232 152 230 226 242 61 234 48 219 189 229 78 239 236 228 12 218 92 227 203 220 25
79 25 2885 247 44 249 125 245 105 248 152 244 4 246 117 242 238 241 189 243 109 162 231 231 3 240 171 238 86 236 96 221 196 213 84 239 122 233 160 237 80 219 187 222 14 198 137 228 60 235 122 214 172
80 25 2934 249 192 246 237 248 233 244 69 247 235 245 119 241 107 243 157 242 159 240 241 239 197 229 144 233 51 193 198 224 68 237 88 238 230 236 129 234 214 222 76 231 48 215 32 235 188 227 69 230 46
81 25 2950 249 215 244 226 248 160 247 26 246 109 242 101 245 41 243 198 225 223 239 197 223 72 238 88 236 146 241 138 229 85 240 183 224 80 233 55 237 140 234 37 221 187 232 163 222 128 228 104 235 62
82 25 2941 249 136 247 207 248 183 224 203 246 70 245 30 241 69 244 200 243 62 240 228 239 91 242 62 234 25 237 156 219 123 236 107 238 115 231 224 208 150 223 157 235 216 232 62 233 12 229 172 220 153
83 25 2952 249 181 239 237 248 166 247 225 244 173 243 245 234 166 245 17 246 58 242 13 238 42 237 64 215 211 240 119 231 180 233 72 228 206 241 71 229 68 236 14 227 82 230 52 225 243 232 57 226 200
84 25 2936 249 219 247 58 246 8 248 9 245 117 244 36 237 218 243 35 241 11 240 250 239 130 242 120 238 246 229 77 235 250 234 245 225 139 227 145 232 51 236 132 215 156 230 137 210 73 217 45 224 43
85 25 2956 249 194 247 22 248 94 242 133 225 183 245 13 239 213 246 200 243 233 244 19 234 221 237 112 232 46 241 55 223 189 236 141 240 90 231 39 235 176 233 230 221 105 238 3 230 184 226 217 228 169
86 25 2946 249 2 247 19 248 148 245 233 239 161 244 27 246 149 243 250 242 134 225 71 241 226 205 23 232 127 240 132 231 144 229 139 234 237 238 76 235 158 237 5 236 243 230 150 223 96 226 229 228 199
87 25 2944 247 235 248 236 249 224 245 95 242 106 246 184 241 72 243 206 244 8 240 65 227 17 237 4 234 92 239 167 216 226 238 73 236 196 218 202 233 21 225 150 235 229 213 13 230 37 232 195 231 11
88 25 2954 249 152 248 145 246 189 247 188 244 203 240 239 237 78 243 19 245 50 242 144 239 5 227 52 241 145 236 48 235 208 228 120 238 102 234 158 233 155 231 151 222 153 221 16 226 158 232 116 224 67
89 25 2916 248 156 243 126 247 32 249 37 246 163 245 224 244 139 239 56 242 244 241 50 233 8 220 172 240 84 237 100 211 48 235 210 222 63 234 128 238 68 215 237 236 185 207 141 232 207 199 39 229 11
90 25 2952 249 60 247 234 245 40 248 67 235 58 246 183 242 141 241 200 236 192 244 79 239 10 243 174 218 130 238 172 237 27 240 49 234 128 232 193 228 106 220 203 226 36 231 169 230 244 229 99 227 23
91 25 2918 249 143 248 125 246 45 247 235 240 123 243 93 245 26 244 205 241 143 242 168 235 35 237 95 238 137 239 145 215 139 228 65 232 78 234 80 227 168 212 172 229 144 221 130 233 167 202 22 209 53
92 25 2911 249 172 247 238 248 151 245 212 246 96 242 113 243 75 238 18 244 230 235 59 186 141 241 44 240 174 239 201 233 113 230 154 223 154 234 41 237 242 236 218 232 216 227 168 176 243 220 73 231 36
93 25 2942 249 40 248 216 246 142 247 14 241 163 243 113 245 116 244 139 237 217 242 195 235 217 229 222 240 16 233 90 238 211 236 15 227 52 224 227 239 121 209 123 232 44 225 232 234 32 231 62 211 170
94 25 2957 249 83 243 49 244 53 248 16 247 56 245 44 246 241 241 203 239 224 242 76 237 15 231 22 240 33 236 65 238 125 222 216 229 229 233 187 226 100 234 232 235 29 230 127 227 119 232 193 220 51
95 25 2941 249 67 248 236 247 24 246 38 242 32 245 211 243 74 244 233 240 135 235 137 222 114 239 5 226 109 236 250 241 200 238 188 230 215 237 62 212 111 233 206 234 212 211 35 229 208 232 222 224 106
96 25 2949 247 225 249 217 246 87 248 9 243 89 245 65 242 35 230 83 244 118 241 48 232 154 239 125 238 78 237 170 240 88 236 215 235 99 231 114 233 41 234 165 207 168 229 101 219 104 225 156 228 159
97 25 2951 248 66 249 122 243 71 247 234 246 177 233 136 244 63 245 233 241 120 239 25 242 222 240 68 236 113 237 106 238 164 210 176 234 69 224 61 235 10 229 100 228 104 225 179 231 35 226 54 232 38
98 25 2940 248 98 249 25 247 171 246 249 242 59 239 164 245 157 244 116 240 174 241 151 243 17 221 158 236 100 237 212 234 203 218 242 232 146 230 204 214 62 238 220 235 100 229 9 212 52 233 180 228 49
99 25 2945 248 155 249 86 242 41 247 33 246 194 245 230 239 107 244 97 243 181 240 53 238 13 241 174 229 94 237 93 227 220 236 141 233 33 232 115 235 3 225 242 209 88 231 238 221 244 224 163 230 98
100 25 2951 249 109 245 24 248 166 246 172 247 164 244 70 241 160 236 57 243 48 232 90 240 238 242 166 206 155 224 21 229 154 237 164 238 89 231 26 227 108 233 210 239 57 235 174 230 115 234 134 226 67
101 25 2933 249 190 247 248 248 244 246 147 234 222 245 120 242 180 244 158 241 55 237 12 243 102 240 133 233 152 231 148 190 75 215 160 232 237 236 4 235 236 238 110 229 214 239 171 217 73 230 29 226 13
102 25 2931 249 178 248 192 247 50 246 67 239 116 245 55 244 9 242 103 241 212 235 243 243 94 238 237 236 80 240 152 237 218 233 221 214 94 206 246 228 75 227 233 229 74 208 241 234 59 230 29 224 110
103 25 2926 247 211 249 128 248 151 241 221 246 55 244 53 245 69 237 200 243 154 231 243 242 141 229 202 225 82 234 188 218 77 240 70 239 218 238 234 236 130 235 39 233 63 192 134 232 82 222 158 207 183
104 25 2923 249 225 248 217 247 148 246 195 245 210 244 198 243 4 241 204 239 65 238 214 240 227 233 146 225 219 242 198 203 92 232 115 229 146 237 130 195 105 236 240 224 30 223 42 234 176 218 245 235 235
105 25 2957 249 111 248 194 245 83 247 58 243 60 244 142 246 110 230 169 242 38 239 35 241 100 238 26 240 91 232 5 227 14 235 85 237 123 236 26 224 3 233 249 228 101 231 117 220 193 234 54 226 221
106 25 2937 249 72 241 157 248 140 247 248 245 187 246 105 244 209 239 214 237 114 242 119 225 166 243 191 236 9 235 10 232 190 240 166 234 182 227 9 238 217 231 105 222 80 230 229 205 97 213 74 226 24
107 25 2943 248 216 249 99 243 46 246 96 247 118 244 64 245 230 239 188 240 54 219 234 235 147 238 200 242 98 241 211 231 213 237 211 233 214 236 108 232 206 227 22 230 2 206 67 234 6 223 54 222 28
108 25 2855 249 211 248 59 247 95 246 162 245 41 243 100 241 245 242 119 244 135 230 116 236 42 238 142 239 166 240 125 224 6 233 140 229 173 219 129 29 209 235 48 237 43 225 121 234 57 227 90 231 75
109 25 2949 249 83 248 72 247 167 243 217 246 147 244 55 241 9 228 186 245 175 239 52 240 163 242 248 235 24 233 109 232 134 224 46 236 201 212 203 234 148 227 106 238 46 218 73 237 194 231 208 230 187
110 25 2937 249 176 247 205 248 114 243 89 246 2 245 182 244 148 237 62 240 138 239 74 226 240 241 147 238 122 242 237 234 241 232 164 221 224 235 97 194 247 231 227 236 97 224 150 225 127 228 21 230 20
111 25 2955 249 141 248 98 247 214 242 208 246 101 245 211 243 116 244 221 241 181 232 126 239 117 237 170 234 62 228 102 233 217 235 143 227 12 238 43 240 199 236 202 224 22 229 162 231 116 223 11 219 32
112 25 2943 247 131 249 168 248 17 238 198 245 7 243 1 246 45 239 241 242 19 244 89 240 137 241 190 236 77 235 219 224 3 237 29 229 139 223 46 233 180 232 206 226 246 210 112 227 2 230 235 222 249
113 25 2938 249 61 247 98 248 10 246 138 244 143 245 10 242 189 240 17 243 142 237 31 238 144 232 116 241 115 225 184 233 127 229 2 239 142 235 131 192 218 236 128 218 157 234 76 231 180 230 65 223 192
114 25 2932 249 244 248 123 247 129 242 248 246 31 245 149 244 12 237 134 238 246 234 61 241 119 243 46 231 249 202 83 236 19 239 30 240 171 227 236 212 131 228 208 213 240 235 39 223 207 232 107 233 178
115 25 2920 249 160 245 140 248 44 247 47 242 210 246 169 243 149 240 26 244 151 210 204 237 221 241 82 238 175 180 5 239 56 233 62 225 48 235 207 234 76 228 38 236 86 229 109 224 53 215 247 232 5
116 25 2930 249 73 248 61 247 82 243 129 242 112 245 194 246 221 236 199 240 250 244 36 234 66 232 183 229 136 241 239 235 216 204 105 233 68 231 61 220 107 224 62 239 219 237 104 238 178 218 177 206 214
117 25 2934 249 162 248 165 244 150 234 154 241 20 247 108 246 97 243 85 245 29 238 53 242 215 237 11 222 159 235 125 239 14 232 124 231 228 227 175 195 76 240 87 236 187 228 86 208 81 229 12 233 18
118 25 2894 249 18 247 104 248 20 244 44 246 132 238 82 240 111 245 155 236 21 242 82 243 198 241 198 167 8 235 209 234 65 228 181 217 202 239 158 219 193 209 192 237 46 201 201 232 191 226 134 225 128
119 25 2921 249 117 247 7 244 207 248 11 245 89 246 62 243 85 241 60 238 212 242 94 236 62 221 117 224 47 219 27 240 83 239 113 226 200 237 206 235 29 225 114 233 50 227 247 192 59 228 211 218 100
120 25 2938 247 150 249 33 248 164 242 222 246 126 245 166 244 37 243 211 240 213 241 200 230 229 238 24 237 244 239 172 184 148 236 112 231 56 224 234 228 37 233 60 234 28 229 192 222 79 235 167 232 220
121 25 2917 249 27 248 83 246 66 247 208 245 151 242 70 244 192 243 22 239 175 240 16 237 39 241 234 238 90 231 60 236 146 230 210 232 25 234 6 235 78 174 205 226 165 196 83 228 167 220 28 233 160
122 25 2917 249 63 248 137 247 74 246 41 240 171 245 24 243 152 244 27 242 199 216 74 241 48 236 143 237 185 239 85 224 173 227 32 225 20 199 168 235 200 232 105 238 214 234 86 221 38 220 166 207 71
123 25 2894 249 109 248 145 245 28 247 124 246 194 244 58 240 181 243 25 238 35 242 149 237 139 241 219 235 132 108 31 234 47 239 123 233 225 232 15 236 175 225 234 231 144 230 41 224 198 215 139 227 54
124 25 2934 248 133 249 178 247 98 246 37 241 59 244 223 242 184 245 113 243 20 238 151 229 191 240 180 239 162 237 239 226 101 213 60 235 225 208 114 233 28 232 95 236 227 228 236 224 234 214 167 231 152
125 25 2947 249 111 240 246 248 68 243 218 247 186 242 93 246 74 244 48 245 59 241 218 236 212 235 25 237 39 238 9 210 224 239 105 231 81 226 44 232 85 233 219 229 129 212 148 227 228 230 187 234 37
126 25 2941 248 119 249 134 247 250 243 113 240 181 246 158 244 98 245 219 237 6 242 134 238 112 241 240 239 152 235 24 231 70 228 228 236 127 213 45 233 228 225 61 212 137 232 32 229 153 226 144 223 146
127 25 2948 249 30 248 203 247 150 244 188 245 9 243 235 246 189 238 48 242 118 234 98 239 169 240 3 228 155 241 154 237 158 211 27 233 154 236 117 232 207 221 111 235 93 230 58 224 20 227 57 226 248
128 25 2938 249 161 247 5 248 2 246 115 245 36 244 82 238 201 239 106 242 213 240 54 243 239 235 74 241 188 232 138 233 177 237 26 236 151 221 1 234 194 225 206 216 12 229 250 224 50 214 10 218 12
129 25 2919 249 77 248 214 247 154 244 73 246 219 245 137 243 21 238 54 236 142 241 95 233 214 242 17 235 125 240 70 229 248 237 117 239 146 230 100 226 192 234 70 213 30 224 245 222 19 196 97 202 54
130 25 2958 249 14 247 86 246 150 248 226 242 158 244 165 245 42 241 49 231 197 243 68 239 59 235 196 229 117 236 114 238 58 240 216 233 140 224 117 232 241 237 21 227 130 225 88 234 108 222 114 230 130
131 25 2943 249 147 248 82 247 21 244 88 246 172 240 18 241 38 245 45 243 11 242 147 214 101 236 63 238 136 237 75 239 88 226 224 235 183 234 1 227 47 232 194 222 205 231 35 228 219 218 71 225 10
132 25 2959 248 70 249 221 247 151 246 231 241 60 245 195 237 96 239 66 236 77 243 204 244 48 240 159 242 28 232 62 224 145 233 216 230 93 223 59 238 214 235 194 231 123 226 65 227 102 234 37 229 149
133 25 2919 249 69 248 14 247 48 245 167 246 116 244 10 240 14 242 118 243 249 215 170 241 23 235 106 237 56 216 118 238 89 230 192 239 160 225 42 236 199 217 11 223 33 191 238 234 126 226 97 232 186
134 25 2906 248 156 247 95 249 147 246 57 245 146 233 136 240 244 244 224 243 59 241 195 242 173 174 245 236 110 191 232 239 202 237 209 234 210 208 175 231 147 225 207 232 198 228 91 238 116 235 175 226 239
135 25 2890 249 191 248 199 243 87 247 69 245 7 246 18 242 244 244 220 240 149 233 238 241 188 239 92 237 30 234 56 238 123 222 17 225 134 235 111 236 243 154 73 232 24 227 169 173 178 231 200 219 222
136 25 2954 249 9 248 192 247 48 245 82 246 117 240 19 238 242 239 239 241 217 242 177 244 141 243 210 228 116 235 71 220 25 237 101 226 55 233 175 227 166 232 161 231 151 234 47 217 156 236 20 230 59
137 25 2869 249 233 248 236 247 27 243 166 246 153 241 239 244 44 245 230 235 246 204 61 242 87 238 173 237 175 239 174 231 195 217 151 240 144 236 155 225 235 229 139 233 5 74 39 230 90 234 54 232 47
138 25 2848 249 161 248 52 247 181 246 117 245 15 244 161 239 44 240 229 243 181 242 199 241 204 229 184 238 144 233 162 213 32 204 197 237 249 230 176 231 207 235 104 234 39 57 126 228 5 236 185 208 77
139 25 2955 248 113 249 182 247 154 246 157 245 244 242 138 243 208 244 19 239 19 237 89 241 51 229 113 240 47 234 184 231 173 235 242 233 177 238 250 232 2 227 128 236 35 230 51 228 158 222 96 215 231
140 25 2909 249 179 246 236 247 114 248 121 245 209 242 76 244 71 243 31 241 46 240 93 238 223 233 228 232 103 239 46 236 163 229 105 237 138 227 155 220 237 230 135 226 34 193 79 224 131 235 242 174 15
141 25 2951 247 98 249 80 248 203 244 236 243 190 241 1 246 117 245 58 237 87 231 31 242 3 238 215 240 8 232 157 236 185 227 136 233 229 239 105 234 128 230 104 228 203 210 181 235 130 225 56 222 158
142 25 2913 249 108 247 44 248 125 246 43 245 159 239 248 243 41 244 17 240 174 242 108 215 73 231 241 234 25 241 213 238 22 226 134 236 193 235 165 237 178 227 196 186 244 209 3 224 177 216 189 229 71
143 25 2924 249 231 248 106 246 65 247 131 245 188 240 53 242 173 244 169 236 32 243 220 241 191 239 191 237 13 231 78 234 225 230 138 207 40 238 126 216 191 232 130 228 238 225 17 220 245 233 179 198 43
144 25 2945 249 16 247 115 248 28 244 76 245 136 246 125 241 83 242 105 243 73 239 158 238 17 236 101 237 107 240 237 220 132 235 104 228 194 215 117 225 8 221 163 230 66 232 59 229 98 226 61 234 191
145 25 2891 245 84 249 15 248 54 247 171 246 27 127 113 243 19 230 167 241 53 244 13 242 180 239 239 237 143 221 127 240 239 238 130 235 208 232 88 224 199 236 47 225 47 226 246 234 105 231 142 203 220
146 25 2952 246 39 249 203 247 82 248 250 244 68 229 180 243 230 245 192 241 44 242 228 238 136 239 70 236 221 230 166 240 122 235 135 237 82 233 2 231 48 224 17 232 1 234 10 225 182 209 50 227 191
147 25 2892 247 203 249 15 248 137 246 123 244 91 243 68 242 114 245 174 241 56 240 80 239 250 196 73 230 163 234 186 235 139 236 82 217 24 228 21 125 166 238 214 237 29 233 162 231 156 232 173 229 41
148 25 2877 249 158 248 217 246 116 247 114 245 95 243 189 244 186 242 200 231 6 237 197 240 42 238 135 235 200 227 248 239 128 210 31 199 75 241 192 233 37 211 248 234 11 186 106 218 198 236 243 175 25
149 25 2924 249 173 247 12 248 50 242 179 243 27 246 64 245 40 244 76 239 65 241 148 230 14 240 43 225 169 235 66 234 211 233 16 208 41 237 244 204 174 236 53 207 77 222 234 232 174 238 156 223 142
150 25 2880 249 249 248 227 247 48 243 94 246 81 237 18 245 101 242 218 244 133 240 4 239 118 241 26 236 234 238 63 228 244 234 183 187 134 233 191 230 160 211 232 224 207 232 145 226 189 173 76 188 73
151 25 2918 249 83 246 64 248 74 247 194 243 181 245 222 244 79 233 32 234 184 242 16 230 231 240 8 241 25 239 52 237 3 225 245 235 131 210 99 156 89 232 184 238 242 236 74 231 168 229 59 227 40
152 25 2942 249 176 247 30 240 50 248 194 246 139 245 94 244 158 243 199 238 82 242 131 237 152 239 171 241 150 236 219 204 24 231 5 223 140 227 118 230 130 234 99 235 16 233 35 232 23 225 5 216 4
153 25 2905 249 239 241 157 246 170 247 148 248 112 244 97 242 75 245 232 243 153 238 233 228 201 236 139 239 13 234 103 240 72 235 2 232 7 233 61 183 220 237 48 209 158 195 126 223 64 212 51 231 240
154 25 2958 249 49 248 24 247 161 243 138 246 191 245 231 237 100 244 172 241 158 239 112 242 65 233 103 222 170 236 238 231 246 240 209 235 237 229 71 238 123 234 48 232 89 225 69 228 235 226 81 227 119
155 25 2950 249 216 248 110 246 218 247 125 237 219 242 36 244 96 245 238 239 106 243 31 241 133 236 29 240 158 238 12 235 6 220 225 234 19 224 159 229 120 225 29 222 137 233 172 230 181 227 242 226 146
156 25 2953 249 21 248 22 243 24 246 92 247 107 245 196 242 100 241 168 239 227 240 106 244 7 235 246 233 162 224 97 216 229 231 161 238 187 237 177 236 223 226 45 228 215 225 77 232 177 234 247 227 194
157 25 2955 249 215 248 193 247 49 246 76 244 76 245 234 241 245 242 13 240 48 243 10 239 82 218 188 237 246 235 80 236 21 238 96 230 172 232 66 229 230 234 190 224 20 233 58 223 30 231 174 226 4
158 25 2942 249 173 248 116 246 196 247 201 245 91 243 148 242 178 244 83 241 168 236 85 238 90 232 81 239 242 237 204 240 150 235 142 224 22 228 155 222 32 231 199 225 155 233 174 223 62 219 174 218 64
159 25 2919 249 86 248 190 246 185 244 236 247 5 245 36 242 120 240 115 241 109 243 153 235 200 238 169 239 25 237 234 229 82 231 18 234 225 212 38 233 235 236 138 219 227 202 20 226 77 208 108 215 11
160 25 2954 249 245 248 106 247 10 242 66 244 165 246 211 239 176 245 241 228 72 238 67 243 93 241 25 235 87 236 242 237 18 231 5 240 89 229 150 216 155 221 119 233 203 232 61 224 117 230 23 234 99
161 25 2864 249 188 245 199 248 19 246 154 247 227 244 73 240 180 225 72 241 2 243 27 194 3 236 25 242 243 234 99 237 141 238 225 223 162 222 152 239 118 230 177 231 63 233 169 229 59 235 4 78 232
162 25 2931 248 166 249 84 247 124 244 212 246 88 242 119 245 101 241 137 243 8 231 131 240 103 238 231 194 189 237 65 236 70 235 111 239 27 234 139 219 148 229 41 232 223 233 174 214 104 216 142 230 233
163 25 2952 249 4 248 240 247 162 246 44 243 5 245 150 244 208 242 1 237 241 241 211 217 56 238 81 233 3 232 76 239 194 223 190 240 72 236 140 234 167 230 74 221 177 227 58 226 230 235 27 231 146
164 25 2943 249 43 248 140 243 183 247 231 245 107 246 177 239 238 240 179 244 106 242 177 238 53 231 17 222 92 237 122 219 39 234 38 236 9 241 53 232 248 235 36 227 21 233 36 225 249 228 203 205 228
165 25 2913 249 71 248 23 246 179 247 211 244 203 245 124 243 188 235 191 238 246 242 154 228 13 239 130 237 229 236 23 210 19 241 188 212 55 223 28 240 155 205 1 231 15 233 84 208 9 227 50 219 106
166 25 2941 247 98 249 14 248 71 246 189 245 142 242 217 244 211 231 116 238 219 233 18 241 244 243 44 237 65 199 136 240 166 229 151 239 179 236 39 230 44 223 10 226 230 232 201 215 212 235 3 234 118
167 25 2939 249 98 247 42 244 93 246 91 248 222 245 44 241 238 239 239 232 37 243 220 209 126 237 8 234 103 242 112 240 202 231 189 238 142 233 26 236 27 235 223 219 75 229 229 225 33 230 111 207 81
168 25 2924 248 115 249 147 247 214 243 124 245 122 241 124 246 109 236 146 237 116 244 189 238 23 242 219 239 193 235 61 232 40 220 62 199 161 240 138 215 79 223 23 234 95 221 206 219 186 226 6 229 18
169 25 2944 248 97 247 231 249 229 246 214 245 175 243 74 244 72 239 180 242 23 240 3 214 216 238 48 232 224 241 33 234 228 233 111 237 236 236 7 231 183 225 111 226 248 227 205 235 2 219 63 218 3
170 25 2943 248 221 249 118 243 94 247 40 245 11 246 14 239 29 242 19 244 249 241 139 238 8 234 151 230 122 240 182 237 133 231 32 233 210 224 147 229 228 236 126 216 153 209 202 232 15 235 132 219 56
171 25 2933 247 176 249 81 246 173 248 232 245 71 243 49 236 92 242 49 240 19 244 136 196 234 241 69 238 34 239 233 229 93 224 102 225 56 234 4 233 91 232 124 216 114 217 210 237 37 235 62 231 37
172 25 2937 249 183 243 207 248 205 247 115 246 22 244 107 245 90 228 137 242 92 239 32 241 4 235 39 240 191 230 130 232 157 217 166 236 151 227 161 238 99 231 114 237 13 222 29 214 120 234 248 210 156
173 25 2955 249 134 245 117 248 48 246 98 244 241 247 125 242 75 227 166 243 134 241 6 230 242 240 48 236 43 235 129 237 130 239 87 221 120 219 25 234 64 228 99 232 11 225 206 238 87 233 164 231 245
174 25 2948 249 48 248 39 247 29 236 2 244 159 241 118 245 58 243 244 246 120 237 86 242 155 240 26 232 44 228 126 238 199 239 137 235 239 231 91 221 26 225 72 233 95 215 225 223 50 224 104 234 92
175 25 2942 249 147 248 246 244 156 241 1 247 189 243 125 245 237 246 172 239 171 242 146 236 194 240 190 238 112 237 223 228 24 233 53 199 88 232 164 229 227 235 101 227 186 219 107 230 74 223 114 234 32
176 25 2942 249 96 248 71 247 237 242 46 246 207 245 236 244 244 243 243 238 128 240 116 236 18 241 206 239 165 222 114 232 109 231 191 233 20 228 67 237 142 230 165 213 95 234 115 221 80 226 202 220 107
177 25 2852 249 96 248 115 247 149 219 194 236 172 246 249 242 233 244 228 245 144 240 59 238 174 241 211 243 74 234 22 230 150 237 181 227 182 239 230 224 187 235 4 77 121 188 153 225 32 228 95 222 37
178 25 2915 247 188 249 14 248 219 245 64 246 74 242 31 243 11 238 97 236 233 234 104 244 20 237 113 240 119 241 60 233 55 190 130 239 112 226 70 232 32 192 162 235 50 217 86 231 109 230 218 216 135
179 25 2938 248 24 249 14 246 45 247 147 244 34 242 234 245 225 243 85 240 124 238 226 239 35 229 216 241 219 237 247 236 245 233 114 216 30 230 217 235 206 234 248 225 90 207 215 232 196 223 72 218 215
180 25 2928 249 4 248 248 247 67 246 209 241 151 245 69 237 119 242 112 243 34 239 168 244 200 238 234 232 162 235 82 234 202 240 119 233 159 208 181 236 29 231 60 189 167 221 247 224 39 227 23 228 54
181 25 2948 249 41 248 250 247 219 245 91 246 245 233 176 244 27 241 112 242 104 227 95 243 36 237 84 231 102 239 22 240 5 238 64 236 123 220 243 235 239 216 100 234 84 225 110 229 150 228 110 224 20
182 25 2916 247 173 249 28 248 38 246 135 222 220 244 194 243 140 245 155 242 46 214 19 241 88 238 137 220 205 236 23 234 175 240 105 224 162 237 62 232 152 235 208 239 32 192 66 227 44 212 90 226 138
183 25 2889 248 150 249 176 246 73 244 229 247 31 243 54 241 222 245 123 229 237 237 243 239 222 238 59 242 119 233 210 240 24 236 212 210 238 196 138 235 250 234 235 230 172 231 229 212 99 149 38 225 25
184 25 2949 249 5 248 228 246 213 245 241 247 87 244 143 243 25 242 26 225 99 241 218 240 215 237 4 239 83 238 89 235 216 236 167 217 105 226 158 222 241 230 48 234 141 219 54 233 83 232 92 231 53
185 25 2948 249 250 248 133 247 200 242 35 246 148 245 177 243 40 244 122 241 45 239 210 237 73 230 205 221 95 232 72 234 148 238 235 228 117 240 36 202 166 227 192 231 122 236 120 233 249 229 194 235 143
186 25 2906 249 90 248 167 247 15 245 90 246 221 237 208 244 26 241 66 239 42 238 68 240 144 243 23 235 169 242 87 227 11 236 202 231 203 232 186 219 178 233 67 234 79 225 139 222 160 229 177 131 27
187 25 2892 249 47 248 119 247 190 245 192 246 145 242 126 241 51 243 236 233 40 244 20 240 91 239 168 236 220 108 114 232 214 235 60 231 217 234 72 237 65 230 74 238 226 210 43 226 171 229 74 222 205
188 25 2937 248 123 249 235 247 221 246 208 245 243 241 35 237 40 243 25 244 172 242 58 238 180 239 166 232 236 240 185 229 88 235 239 236 198 212 117 231 90 227 92 233 29 234 164 230 227 200 68 216 41
189 25 2946 249 174 248 61 246 235 245 195 235 90 247 109 242 203 243 1 244 51 214 24 239 73 233 192 220 17 237 163 240 98 241 109 227 112 216 6 232 57 238 238 234 62 229 102 236 3 231 176 226 201
190 25 2941 249 171 248 55 247 200 245 93 243 102 244 146 246 104 239 238 237 239 222 106 236 103 240 80 242 212 238 219 241 215 235 179 229 161 227 160 230 176 215 115 221 193 234 68 212 246 231 237 232 18
191 25 2917 249 127 247 83 248 74 243 139 246 92 244 192 245 119 239 20 240 19 242 137 241 100 233 107 236 28 238 124 234 211 228 240 232 53 235 244 231 16 224 113 237 104 147 26 220 114 227 166 229 212
192 25 2932 249 135 248 31 238 244 245 9 247 189 246 186 244 153 237 212 236 93 241 71 240 1 243 173 222 98 242 115 239 32 224 57 234 235 232 102 230 227 235 150 212 43 231 203 233 51 187 136 229 23
193 25 2911 249 91 248 162 245 48 246 8 247 7 240 39 238 163 244 66 231 179 241 71 242 207 243 249 232 6 235 219 233 80 229 38 225 111 196 247 237 6 239 245 236 127 228 153 220 172 234 70 164 29
194 25 2924 248 218 249 201 246 77 247 130 243 218 244 212 245 246 236 173 241 137 242 140 232 112 231 188 240 199 239 62 233 148 235 119 237 148 238 56 228 44 226 210 229 85 193 109 182 110 230 78 234 87
195 25 2959 249 144 245 10 248 6 246 74 247 139 242 93 244 189 241 111 243 55 237 11 227 139 238 96 233 217 239 158 231 81 240 230 234 72 232 169 236 177 235 101 228 32 224 173 230 83 220 10 229 50
196 25 2952 249 108 248 229 247 102 245 178 246 131 244 140 242 66 243 109 236 50 233 131 237 70 239 6 240 231 238 62 241 192 234 78 220 1 230 47 231 84 226 18 227 152 223 76 235 72 232 193 218 1
197 25 2932 249 14 248 7 247 249 245 197 243 18 246 219 242 132 241 21 244 180 239 192 240 136 238 208 220 126 237 163 233 141 236 228 226 66 229 37 209 40 234 191 235 128 231 184 202 86 227 112 223 7
198 25 2939 249 82 248 122 246 42 247 162 245 250 241 133 244 126 243 80 239 115 240 117 242 161 238 174 236 112 237 15 232 98 229 12 217 59 234 180 204 117 231 131 235 205 233 26 230 151 228 19 211 230
199 25 2919 249 93 248 16 246 201 245 224 244 48 238 193 247 101 242 129 236 91 239 215 243 222 240 24 241 160 230 183 232 9 235 147 227 232 229 22 234 174 237 65 211 134 175 221 231 167 224 86 216 11
200 25 2910 249 157 248 129 247 50 246 61 242 76 243 39 244 113 245 20 241 172 225 154 239 108 240 243 233 8 238 10 237 168 229 205 235 76 213 210 222 174 224 79 230 174 232 232 236 121 180 136 203 16
201 25 2950 249 78 247 195 248 51 241 187 244 88 246 13 237 99 242 208 245 11 243 127 233 6 235 119 239 7 238 162 229 46 231 69 228 114 240 40 236 78 226 114 232 152 221 146 234 91 218 250 219 85
202 25 2925 248 93 249 41 245 13 247 231 246 109 243 14 215 81 238 30 244 63 237 49 241 128 239 247 242 227 231 171 226 46 230 120 240 227 222 140 225 116 232 60 220 128 234 102 211 126 209 169 236 49
203 25 2908 249 198 248 183 247 220 246 162 244 81 241 84 242 28 243 153 245 183 239 217 237 186 240 193 235 211 213 118 238 185 236 184 201 195 228 38 231 34 229 147 232 117 205 245 194 117 234 61 219 179
204 25 2911 249 219 248 50 247 159 245 114 246 150 244 224 242 21 243 142 240 159 239 214 233 195 241 54 235 108 231 96 226 25 234 177 236 117 238 65 225 216 229 148 237 84 232 235 148 241 215 24 220 38
205 25 2947 248 109 249 146 247 100 246 63 239 55 245 79 241 183 240 83 243 183 242 24 244 231 235 76 231 130 238 12 236 105 232 35 233 32 237 110 218 147 228 217 224 19 222 228 234 219 212 188 230 185
206 25 2923 249 53 248 150 247 159 242 161 246 190 243 172 238 214 234 49 245 128 244 15 228 7 239 246 236 142 241 53 240 33 235 150 218 156 223 163 224 151 237 166 233 42 222 107 219 145 221 161 195 171
207 25 2949 249 50 248 40 247 169 244 31 246 86 241 237 243 95 245 211 242 126 238 228 228 58 231 226 232 37 201 246 239 125 240 75 236 246 235 118 229 144 226 45 233 102 225 52 234 249 237 243 230 175
208 25 2947 249 203 243 130 248 15 246 58 247 170 241 126 244 55 235 23 245 50 237 76 242 43 239 172 240 56 226 61 234 87 236 228 238 32 224 173 232 44 227 168 221 154 233 7 220 22 223 224 225 65
209 25 2959 246 193 249 44 248 21 247 232 244 101 245 55 238 200 242 26 239 133 240 122 243 46 227 164 229 242 231 16 234 234 235 232 241 35 237 207 228 175 230 108 233 221 232 191 236 48 218 187 226 7
210 25 2918 249 66 248 116 247 82 246 74 245 134 239 5 244 151 241 192 242 197 243 243 240 159 238 206 237 94 232 238 231 186 234 182 203 194 236 199 235 240 233 113 214 181 197 41 225 214 217 100 221 97
211 25 2921 249 41 248 90 245 144 240 247 247 150 242 45 246 179 244 56 243 229 241 159 238 175 239 90 226 126 237 61 235 237 234 51 236 63 189 51 232 101 214 200 233 214 203 21 230 175 229 168 223 187
212 25 2942 249 5 248 77 245 241 244 8 246 129 247 72 242 246 243 68 237 94 234 181 226 247 240 162 241 29 238 248 239 188 233 126 228 229 235 130 218 56 230 225 229 50 236 227 209 223 227 2 220 121
213 25 2920 249 134 248 214 245 182 247 190 246 236 243 249 242 170 244 81 241 162 240 142 239 41 231 125 234 75 232 232 233 119 204 73 238 190 235 231 237 192 222 64 236 24 224 97 215 33 190 28 226 182
214 25 2940 249 84 248 15 247 195 246 157 235 234 245 36 244 203 241 186 238 249 243 28 231 141 240 31 232 104 236 168 242 155 237 73 226 191 239 105 234 29 230 223 196 176 217 123 225 209 233 44 227 117
215 25 2944 249 203 248 171 246 141 225 51 244 144 247 178 245 56 240 163 239 197 241 180 234 128 242 85 243 224 238 14 237 21 233 217 216 43 236 112 228 224 235 222 229 121 231 119 214 28 217 230 232 88
216 25 2931 247 67 249 7 246 140 248 11 243 56 245 152 241 78 242 55 244 240 199 115 240 38 238 179 233 87 231 178 236 94 237 93 239 78 230 80 227 162 234 7 235 106 229 74 224 38 194 166 232 31
217 25 2940 249 95 248 100 247 153 244 90 246 112 234 170 242 111 245 244 219 81 243 125 241 222 231 196 237 236 240 123 230 106 239 207 232 79 203 192 235 183 238 63 236 161 218 53 233 26 229 67 222 37
218 25 2939 249 66 247 176 239 169 248 12 246 79 245 86 243 105 244 157 241 161 232 204 242 67 238 206 212 167 229 162 235 171 240 206 231 214 236 225 237 1 230 174 234 120 228 6 206 83 227 213 220 44
219 25 2918 249 234 245 79 248 218 247 249 246 158 241 168 244 120 221 87 240 118 243 31 237 18 242 56 238 67 223 83 236 181 239 45 231 81 225 43 233 86 210 228 234 68 220 174 229 152 212 198 203 14
220 25 2906 249 175 248 13 245 237 244 58 246 38 247 26 242 144 243 21 235 171 240 181 241 63 205 27 202 241 239 86 234 192 237 194 196 113 238 96 221 170 233 231 226 184 217 66 216 246 232 161 236 41
221 25 2941 248 226 249 41 247 140 246 152 245 240 244 106 238 203 237 174 242 214 239 33 243 214 230 155 240 49 193 239 241 164 227 139 223 82 229 188 232 198 221 243 236 15 233 219 235 119 234 137 231 26
222 25 2927 249 20 246 228 236 52 248 44 247 202 244 57 245 67 242 173 243 214 241 137 238 144 223 204 240 118 233 55 235 214 239 152 225 143 199 145 234 214 237 1 217 4 227 135 231 209 205 204 230 224
223 25 2950 243 126 249 97 248 170 247 196 244 2 246 35 239 21 236 33 237 211 245 46 235 26 238 81 240 217 241 169 242 247 226 1 228 154 234 81 231 167 232 114 219 177 233 211 223 42 220 137 225 37
224 25 2917 249 57 248 55 247 112 239 70 246 226 244 1 245 194 243 245 242 104 230 250 235 177 241 230 240 147 237 43 236 167 220 161 234 240 238 96 233 118 231 213 215 143 232 21 228 95 173 40 209 104
225 25 2949 249 204 248 35 247 222 246 144 227 168 243 94 238 78 234 11 232 79 244 198 245 176 223 234 237 175 240 103 242 192 213 112 236 110 217 183 239 118 241 7 235 51 233 14 228 26 230 174 231 45
226 25 2935 249 157 248 4 247 139 246 66 244 71 245 243 242 186 243 126 241 192 223 228 235 12 240 99 239 5 232 42 230 120 234 43 238 110 236 95 215 218 225 207 221 127 237 170 233 71 211 121 217 14
227 25 2906 249 243 248 121 247 4 246 36 245 26 243 8 236 117 244 149 239 84 240 131 241 12 184 117 242 201 237 198 221 188 238 106 220 81 234 202 235 110 232 249 229 23 227 73 197 170 233 21 206 119
228 25 2953 249 108 248 28 245 100 247 128 246 127 242 156 241 167 244 104 243 40 222 20 238 142 236 229 239 249 237 187 240 196 221 216 228 189 233 93 234 52 226 209 219 167 230 103 235 40 231 110 232 230
229 25 2955 249 113 248 25 247 111 229 161 246 196 242 239 234 99 240 134 244 218 245 199 241 210 239 149 219 61 243 3 238 153 236 121 233 223 237 22 232 158 231 113 230 228 224 51 235 132 228 205 220 143
230 25 2950 249 170 248 155 247 177 246 107 245 144 244 210 240 86 243 61 230 81 241 76 229 25 238 127 242 65 224 127 239 154 231 46 236 84 235 57 234 191 214 147 237 245 233 150 227 17 217 232 232 203
231 25 2941 249 110 248 81 245 228 247 33 246 177 243 120 244 35 242 73 241 49 235 156 239 227 236 186 240 240 238 38 233 112 237 165 221 31 225 33 222 6 232 233 197 135 227 103 231 30 234 151 230 117
232 25 2929 247 16 248 106 249 137 246 5 241 204 242 86 243 207 245 204 222 213 221 126 244 81 228 143 218 30 240 215 237 218 198 205 236 72 238 246 235 74 239 114 214 200 233 245 231 190 234 76 230 175
233 25 2944 249 225 246 170 243 132 245 248 247 76 248 116 239 110 241 239 232 213 244 135 238 60 240 85 242 125 236 189 233 110 237 168 230 225 219 24 234 184 235 214 200 124 229 189 231 120 223 134 228 19
234 25 2925 249 47 242 22 243 75 248 103 247 32 246 185 245 110 244 201 238 42 237 169 239 244 241 4 235 205 231 12 240 176 230 40 203 217 223 38 217 208 236 168 208 110 220 108 228 127 227 173 234 213
235 25 2958 249 187 248 74 247 205 246 101 245 6 225 91 244 39 242 76 243 144 230 100 240 29 241 110 239 140 232 54 238 38 229 142 234 67 227 101 236 7 228 216 231 226 218 142 233 213 235 148 237 208
236 25 2931 248 85 249 164 247 200 246 26 243 60 244 31 245 183 224 15 242 140 241 159 239 54 240 84 234 192 236 73 235 86 238 60 237 25 223 138 233 210 219 113 194 89 226 45 222 197 230 79 227 165
237 25 2933 249 20 248 115 246 150 247 241 244 71 240 59 242 97 241 178 245 2 243 232 237 189 238 225 239 116 236 197 234 49 227 29 235 40 212 60 233 156 231 202 228 132 232 188 217 245 229 11 193 59
238 25 2940 249 134 248 38 247 174 241 165 245 39 246 13 242 224 244 111 228 87 235 55 240 157 231 91 236 7 239 47 243 86 237 140 233 59 234 40 209 121 238 51 227 37 232 179 225 11 202 201 229 63
239 25 2956 248 45 249 169 247 214 246 231 242 228 245 94 243 108 238 213 231 183 244 223 237 55 235 96 240 76 241 34 239 69 236 155 228 109 233 60 232 8 222 58 223 195 234 183 224 51 229 75 227 197
240 25 2941 249 137 248 203 243 20 247 49 246 175 245 121 244 161 234 124 242 169 241 173 240 135 238 1 239 215 228 12 235 94 218 12 237 12 229 205 236 117 221 82 233 109 232 40 224 231 231 85 202 146
241 25 2920 248 46 249 117 246 202 245 175 247 16 242 104 244 55 238 161 233 52 243 184 230 28 240 187 239 68 211 62 237 40 241 63 215 89 235 166 234 236 229 32 213 40 200 61 225 241 226 245 231 180
242 25 2890 249 67 247 65 248 8 246 205 245 222 241 234 242 248 244 67 240 227 243 88 239 43 236 113 232 195 238 124 102 105 234 12 237 2 235 39 229 83 212 235 233 87 228 93 220 250 231 117 230 155
243 25 2904 248 123 249 95 247 223 246 216 243 48 245 78 244 202 242 123 227 101 236 60 241 15 239 57 237 141 240 47 238 52 195 166 229 56 230 34 235 48 233 133 191 174 232 172 219 134 206 3 216 146
244 25 2940 248 190 249 129 245 192 247 100 246 74 242 146 239 78 243 22 234 42 238 36 244 154 241 162 237 214 236 27 232 242 240 118 235 33 233 135 228 99 214 44 219 88 226 242 224 100 230 31 210 155
245 25 2898 249 249 247 209 246 74 248 49 245 149 243 124 242 194 238 12 244 13 233 162 239 34 234 130 232 63 241 164 235 157 240 170 126 167 222 95 236 97 230 43 212 80 237 14 220 248 229 103 228 44
246 25 2948 249 217 248 162 247 238 244 91 245 192 246 50 243 33 241 125 242 1 240 70 238 138 239 31 235 247 236 31 237 207 232 116 210 79 226 49 233 78 231 159 228 82 234 54 227 214 225 122 221 67
247 25 2927 249 63 248 96 247 127 244 61 246 100 245 248 243 154 241 12 237 41 226 68 240 186 230 245 242 250 234 142 228 47 238 74 231 128 239 181 233 171 236 178 232 2 162 75 227 201 235 233 221 82
248 25 2944 249 132 248 135 247 40 244 75 245 50 246 139 242 156 243 124 238 234 241 29 239 127 232 157 228 245 237 112 234 132 216 136 213 244 240 102 235 113 233 128 215 177 227 66 231 215 230 41 236 213
249 25 2910 249 72 248 95 247 81 245 165 242 177 246 38 244 48 239 80 240 116 238 120 243 46 224 52 241 141 222 116 235 153 233 212 232 60 231 181 221 65 215 239 204 217 206 117 237 100 205 194 234 29
250 25 2942 249 242 247 143 248 6 245 144 246 70 236 38 243 238 244 59 241 199 227 203 240 122 229 19 242 228 202 195 238 170 217 250 235 56 234 196 237 4 233 16 225 85 230 20 239 219 226 30 232 13
251 25 2949 249 94 247 36 246 72 245 242 248 54 243 171 244 161 234 36 242 80 235 128 241 66 231 120 239 237 240 233 230 240 236 139 233 184 237 148 238 85 228 117 229 249 232 249 216 72 222 175 214 32
252 25 2948 249 237 246 232 248 136 247 104 241 27 238 19 245 162 244 233 242 229 240 125 243 192 226 106 239 226 237 64 228 246 204 240 230 58 235 13 232 20 236 136 229 213 234 64 233 129 231 202 219 95
253 25 2929 249 190 248 249 247 145 246 47 243 194 244 206 245 6 241 47 232 126 240 135 223 163 242 35 215 227 237 132 233 108 238 185 239 45 234 244 230 20 209 178 236 243 231 9 227 74 195 196 235 128
254 25 2917 249 200 247 210 248 99 245 69 243 95 242 5 246 208 244 102 238 220 234 211 236 61 241 206 240 19 239 178 237 233 235 10 233 234 229 32 232 209 231 109 193 43 214 206 227 59 190 31 222 57
255 25 2892 249 167 248 110 240 81 247 236 246 142 243 221 244 6 245 177 242 224 139 94 239 169 238 239 241 131 227 107 236 8 223 8 237 140 234 79 235 87 226 46 230 129 220 172 205 1 218 215 232 57
256 25 2935 249 206 248 47 247 215 244 173 237 205 243 164 246 154 245 87 240 11 242 172 241 104 219 124 239 197 226 240 232 176 234 177 238 111 231 1 236 234 235 98 227 133 230 16 229 149 187 133 225 71
257 25 2944 249 220 248 49 247 182 246 71 244 216 243 219 242 222 210 11 245 4 241 135 230 230 237 49 238 123 239 225 234 225 233 179 240 121 224 128 236 144 227 238 235 87 225 131 221 172 228 12 226 3
258 25 2940 249 195 247 61 234 100 246 207 248 128 240 25 242 31 245 106 243 27 237 48 244 173 239 10 227 172 238 165 241 49 226 82 213 204 232 25 236 210 231 169 235 177 200 234 229 32 233 31 225 21
259 25 2925 248 100 249 66 247 107 243 52 245 69 244 127 242 245 246 68 235 112 238 91 239 133 241 158 234 133 206 136 237 36 240 110 207 42 236 53 231 222 212 145 233 132 225 54 218 173 228 10 226 209
260 25 2947 249 53 248 22 246 24 247 221 232 116 241 158 244 185 237 123 242 165 230 202 245 236 240 108 243 228 236 38 229 201 239 122 233 80 238 202 235 4 220 112 231 38 215 212 228 161 234 8 213 1
261 25 2942 249 73 248 160 247 199 242 12 245 55 243 166 246 68 244 115 231 17 236 97 241 195 240 7 238 27 239 81 233 31 229 131 237 91 235 75 234 121 217 189 232 29 203 96 224 212 223 104 228 144
262 25 2954 249 49 248 212 246 191 244 125 247 22 245 162 241 35 243 205 239 154 235 18 242 91 240 246 238 146 237 79 236 28 230 229 233 240 229 228 228 48 234 53 220 169 226 164 215 240 231 173 232 25
263 25 2918 249 32 246 178 248 48 247 194 244 39 243 111 241 166 245 216 238 232 242 207 235 115 236 199 240 122 230 197 234 66 239 226 182 112 215 145 237 250 231 176 232 29 233 105 229 97 202 142 218 230
264 25 2888 249 156 247 114 248 119 245 124 246 105 240 200 242 232 241 127 244 3 233 111 243 211 234 106 239 41 236 80 237 86 207 88 140 153 223 170 238 78 194 162 227 58 225 21 235 3 232 53 231 161
265 25 2933 249 243 248 164 247 16 244 164 245 219 246 130 242 82 237 98 241 226 243 224 239 141 236 16 233 4 240 102 238 196 220 205 231 99 230 165 217 98 235 127 228 79 232 163 222 64 194 216 229 35
266 25 2862 249 169 248 164 247 101 245 161 246 191 244 31 243 166 241 196 242 232 205 236 228 216 237 221 238 25 240 208 239 126 236 201 221 186 92 210 232 102 235 237 233 12 215 59 234 128 207 81 227 206
267 25 2919 249 12 248 203 244 209 247 3 246 239 243 74 245 197 239 72 242 99 237 153 240 192 230 12 238 88 241 46 236 233 221 101 213 114 234 242 229 224 233 38 190 125 232 101 199 87 235 55 227 97
268 25 2956 249 61 248 17 247 192 239 91 245 25 246 104 220 33 242 88 244 129 236 205 226 138 243 24 231 39 238 127 232 214 240 182 241 127 230 128 237 215 235 232 234 249 229 218 223 3 233 112 225 241
269 25 2909 249 56 244 35 248 10 246 43 245 98 247 21 243 38 241 72 227 179 238 96 242 34 236 42 235 143 224 229 234 247 232 88 240 118 229 220 237 212 239 62 204 245 183 19 228 134 223 194 205 38
270 25 2947 249 167 248 186 246 190 245 194 247 165 242 150 239 188 244 66 243 39 232 39 227 235 234 123 240 38 241 241 237 85 230 150 238 178 235 250 233 183 229 14 218 67 236 188 228 45 211 9 222 29
271 25 2929 249 210 248 152 247 217 246 78 243 50 245 90 244 63 239 151 242 35 240 45 232 147 241 236 234 29 238 146 236 182 233 168 229 83 212 180 235 218 237 193 219 73 220 230 196 38 230 21 223 177
272 25 2924 249 79 247 110 248 167 245 246 246 63 242 192 244 3 243 97 237 140 233 231 232 178 241 37 238 35 240 57 235 6 239 132 227 200 228 201 236 205 174 5 208 197 231 26 221 146 230 174 234 107
273 25 2925 249 199 245 149 248 75 241 92 247 62 244 169 246 74 242 89 243 73 240 223 236 19 233 112 238 180 237 247 234 201 212 147 239 192 235 214 227 202 192 241 220 145 231 174 225 187 217 25 229 158
274 25 2953 249 169 248 98 247 117 244 112 246 65 245 238 242 123 241 25 243 6 233 241 237 229 238 198 239 189 240 108 234 12 230 197 236 109 220 204 232 238 235 70 226 82 231 8 229 197 217 107 225 144
275 25 2918 249 155 248 159 244 250 247 171 246 43 245 247 243 183 240 243 241 199 233 209 242 228 236 77 235 8 239 220 237 35 230 139 238 168 231 248 234 185 164 50 219 180 210 193 229 177 224 24 232 133
276 25 2953 248 196 249 58 247 133 246 174 240 90 244 249 243 139 245 126 238 228 241 96 235 122 239 112 242 140 232 167 237 161 220 174 229 147 234 178 222 27 231 170 230 46 228 166 236 154 218 4 233 160
277 25 2951 249 196 246 81 248 152 247 243 244 176 245 108 242 220 241 144 243 59 240 195 236 131 226 144 238 146 239 27 233 153 234 230 232 126 237 231 230 110 221 105 231 162 224 131 223 239 235 164 218 170
278 25 2919 249 49 247 51 245 199 248 106 244 227 246 20 231 38 241 44 243 42 240 3 242 183 237 69 230 57 236 140 238 65 170 248 219 139 239 229 234 231 229 89 233 159 235 48 232 123 204 108 226 3
279 25 2944 248 81 249 212 246 65 245 69 247 161 244 82 243 206 242 186 236 215 240 17 234 172 239 243 241 141 235 200 238 64 231 10 237 37 233 38 226 54 221 5 232 96 230 100 213 54 220 249 218 181
280 25 2906 249 124 248 37 247 88 245 61 246 78 244 120 241 181 243 207 235 237 242 95 234 21 237 162 239 157 233 164 240 90 238 135 184 6 236 205 228 179 209 107 226 242 229 175 224 155 183 106 232 135
281 25 2939 249 244 248 56 242 124 244 36 247 16 246 155 241 16 243 236 245 49 240 200 238 79 235 102 234 102 239 177 232 128 233 244 221 19 237 121 222 177 225 37 226 132 236 132 230 108 214 170 212 94
282 25 2924 249 180 248 224 247 20 246 112 245 87 244 119 243 214 242 177 240 16 235 218 241 22 239 20 238 109 237 10 219 31 222 21 236 18 231 63 209 214 227 24 233 70 232 249 228 96 234 202 183 69
283 25 2945 248 226 249 216 245 34 229 76 243 88 242 14 244 59 247 121 246 5 241 228 239 107 240 180 225 240 236 16 233 102 238 92 216 88 237 161 224 101 232 182 235 171 227 41 234 5 209 201 231 137
284 25 2938 249 101 246 230 247 140 248 181 245 213 243 46 244 86 222 205 242 3 240 100 238 189 237 32 241 69 224 83 239 105 232 145 233 72 236 121 220 51 229 238 204 103 235 182 234 153 221 19 228 163
285 25 2951 249 224 248 151 247 242 245 60 242 46 243 249 244 211 246 204 240 50 241 149 229 8 236 94 233 117 230 28 239 206 237 163 234 236 227 25 226 121 238 237 224 213 232 193 217 71 235 199 221 174
286 25 2939 249 65 248 51 245 94 247 149 246 243 244 12 240 67 238 14 243 197 242 237 241 51 216 46 229 138 232 176 237 29 228 144 208 41 239 84 231 11 236 120 233 151 230 199 235 184 217 217 225 178
287 25 2944 248 43 247 247 249 192 245 149 246 122 231 26 244 119 240 203 243 17 238 63 241 223 227 128 242 230 239 62 237 51 236 38 235 241 232 20 217 157 230 106 234 170 229 162 224 241 233 117 201 55
288 25 2941 249 184 247 117 248 138 246 88 242 204 244 33 245 151 238 215 243 147 241 123 237 208 240 248 233 19 214 204 230 3 239 153 206 175 235 146 232 38 236 222 231 129 223 11 229 176 221 188 234 93
289 25 2949 249 243 248 221 247 195 246 67 244 11 239 217 245 185 243 78 241 134 242 193 217 86 238 14 235 57 240 75 236 41 231 192 234 179 230 153 232 184 237 9 233 186 219 70 223 61 226 237 224 139
290 25 2931 248 185 249 178 246 134 240 106 247 142 241 91 242 38 244 228 245 12 243 33 238 90 233 242 239 47 229 134 234 31 237 57 236 99 235 132 204 152 209 62 223 154 232 32 225 193 215 40 228 116
291 25 2931 249 47 248 14 247 20 245 56 242 213 246 147 243 247 204 155 239 83 238 65 244 206 235 145 236 91 240 152 237 69 233 4 219 166 241 5 202 31 231 111 234 36 232 201 227 89 223 230 228 150
292 25 2956 249 170 248 31 247 128 241 180 242 244 245 156 244 171 246 41 239 31 236 66 217 74 237 1 243 221 232 116 228 221 234 207 240 67 235 236 223 185 238 179 231 204 233 100 230 3 229 48 226 160
293 25 2958 248 196 249 227 245 155 247 178 246 148 243 128 242 48 244 86 238 161 241 179 226 199 235 74 239 124 240 104 237 243 232 140 231 147 234 206 236 75 227 60 229 23 225 220 219 104 230 87 233 132
294 25 2941 249 96 247 158 248 241 239 36 246 65 245 15 244 214 238 18 241 108 242 94 233 148 243 193 240 134 234 106 237 236 235 109 231 63 225 198 230 26 229 58 236 83 224 5 227 175 232 24 188 16
295 25 2866 249 169 243 28 246 152 248 32 247 51 245 106 244 90 242 107 241 86 211 66 229 10 239 24 236 54 225 98 234 17 238 195 240 239 198 69 232 247 237 17 228 42 233 180 235 162 208 40 105 77
296 25 2911 249 44 248 154 245 133 246 238 247 100 242 174 237 132 243 146 244 7 235 233 225 241 238 243 241 147 182 104 236 221 239 249 240 196 196 185 232 49 219 148 230 115 234 244 228 45 214 96 233 53
297 25 2947 249 4 240 3 247 27 248 125 243 168 246 141 242 60 244 104 245 205 238 65 229 236 237 9 235 80 239 70 241 146 236 45 224 146 233 131 231 88 234 239 232 105 220 143 215 44 225 15 221 2
298 25 2936 249 90 248 214 247 40 243 14 245 185 246 88 240 157 244 177 238 95 242 97 234 144 239 208 237 243 233 138 241 110 235 118 227 83 221 178 236 7 226 93 230 25 225 3 199 12 220 40 228 83
299 25 2911 249 182 247 101 248 41 246 151 243 208 244 93 233 111 245 198 240 188 241 242 242 13 237 52 231 164 206 63 239 127 236 154 234 218 235 198 238 244 209 218 213 6 194 123 218 238 226 244 229 194
