0 25 239 34 23 17 175 16 37 39 62 27 26 5 126 33 185 8 174 9 71 13 106 12 142 32 234 28 159 37 48 35 145 11 241 24 215 2 240 19 74 6 236 7 154 21 40 3 159 30 233 10 1
1 25 259 17 196 35 32 20 43 25 1 6 44 14 132 21 172 9 122 30 78 15 62 2 224 4 40 23 223 34 83 24 231 29 41 12 210 36 62 31 135 33 114 8 202 11 94 39 247 3 153 37 21
2 25 246 5 228 21 78 9 97 36 101 19 148 37 243 4 14 25 244 26 70 17 227 10 56 39 243 27 67 3 23 38 240 13 106 8 61 28 55 14 14 22 239 29 203 35 186 2 215 11 150 15 128
3 25 270 5 47 35 174 31 12 1 81 12 61 28 207 24 19 15 32 14 69 8 107 11 82 38 216 3 89 27 249 25 167 36 197 39 49 37 188 20 58 22 214 19 145 16 228 33 100 7 91 34 96
4 25 261 9 88 14 44 26 65 35 143 22 199 34 60 17 190 29 184 3 58 21 120 5 72 23 36 11 87 18 82 1 163 40 183 39 137 27 100 25 187 13 127 6 231 30 169 37 42 31 192 7 217
5 25 254 20 113 6 199 7 22 23 75 38 248 22 98 30 91 33 58 2 206 15 243 37 81 12 227 29 120 10 47 19 212 16 204 14 123 11 8 13 12 31 62 24 77 39 40 28 149 25 230 4 53
6 25 256 8 56 26 155 28 117 24 234 18 36 25 203 20 81 22 196 3 185 36 72 12 153 2 89 11 160 14 188 37 24 30 118 13 102 39 167 38 96 29 84 7 87 34 134 15 61 16 12 5 115
7 25 243 6 57 5 180 8 83 36 57 19 27 21 223 28 247 11 182 13 69 9 57 1 250 3 174 34 123 7 101 38 164 17 72 16 154 33 223 14 169 29 229 23 89 31 191 24 21 39 153 22 81
8 25 233 13 184 7 41 18 227 8 109 37 67 3 86 25 4 14 103 24 27 15 168 5 60 19 3 34 76 9 241 6 112 32 30 30 172 38 10 22 13 26 38 1 205 17 22 11 86 21 8 31 140
9 25 249 39 58 7 40 12 223 17 173 3 229 37 227 16 74 31 156 21 59 30 227 9 217 19 144 15 134 33 236 14 92 34 6 2 178 35 168 18 53 20 137 4 247 28 146 13 80 36 114 6 71
10 25 264 27 211 28 138 36 98 24 143 35 94 32 149 13 63 9 232 10 166 29 182 25 118 30 95 11 17 15 137 34 234 17 129 3 22 37 217 26 178 2 106 5 231 21 228 7 38 22 26 31 55
11 25 251 9 97 35 192 31 9 37 54 29 118 38 214 16 203 30 56 4 158 32 64 18 51 24 72 12 210 11 96 21 121 1 27 20 30 14 171 33 229 28 129 36 76 8 48 7 162 6 245 3 109
12 25 266 25 236 31 51 36 244 13 112 27 247 32 120 24 71 37 114 38 222 33 9 20 192 28 93 4 233 1 98 10 163 39 227 3 190 2 24 15 54 19 13 5 110 35 90 30 43 9 161 16 166
13 25 242 24 105 8 14 13 86 17 123 30 8 16 14 22 11 6 160 3 29 5 235 35 106 14 37 26 115 11 238 23 168 37 158 15 242 33 6 38 166 32 111 9 64 1 14 20 161 39 190 7 133
14 25 258 27 166 10 116 20 113 28 25 17 42 3 235 25 55 7 213 39 78 12 250 21 13 38 140 9 138 35 111 23 174 6 142 24 189 22 236 33 19 31 83 11 29 1 212 30 193 36 68 8 40
15 25 252 30 52 36 105 24 116 18 234 29 85 19 226 2 189 28 172 10 216 34 154 21 221 7 102 20 9 37 207 4 134 16 37 25 141 6 223 8 195 33 74 12 208 11 168 32 187 38 140 5 1
16 25 272 16 51 29 170 31 136 34 158 30 228 6 203 26 73 20 205 18 131 5 213 10 53 25 188 32 45 13 102 12 233 11 25 37 184 33 97 19 169 27 110 36 92 3 9 39 30 15 106 17 71
17 25 251 11 237 29 96 8 195 19 9 34 96 4 165 14 163 15 164 38 45 16 211 24 124 39 217 27 22 3 92 18 169 25 156 32 202 23 211 30 94 12 203 26 218 7 232 6 182 21 55 22 247
18 25 239 3 215 14 236 9 163 34 193 21 20 16 122 4 206 33 151 20 125 28 187 25 156 18 192 7 211 2 243 26 119 23 27 1 58 5 66 10 228 24 10 32 24 30 127 39 68 38 130 17 72
19 25 254 34 6 37 4 21 101 2 119 27 202 8 43 17 59 23 140 19 124 26 180 32 149 29 44 9 16 16 175 38 59 33 56 5 157 35 233 15 246 13 187 12 171 4 239 25 19 7 114 22 225
20 25 262 11 169 10 25 27 34 20 71 39 74 30 143 4 168 6 85 24 164 32 42 12 248 25 238 18 162 16 236 23 133 38 194 34 125 1 138 2 69 28 225 36 223 9 22 33 180 29 224 17 249
21 25 251 14 192 33 190 21 52 25 103 10 183 2 219 17 73 26 24 27 37 15 62 12 154 4 83 13 249 30 131 37 241 35 188 6 34 31 189 3 128 19 131 7 75 32 73 18 45 28 172 38 13
22 25 250 6 217 32 217 23 25 13 3 2 48 15 100 28 157 8 153 18 135 21 243 27 154 36 54 39 143 37 18 25 163 14 189 29 49 5 41 17 148 35 6 10 80 33 184 22 105 1 9 4 44
23 25 242 39 236 33 76 11 135 32 181 15 62 24 72 14 172 28 241 4 142 27 36 1 141 36 131 31 34 8 26 22 249 2 52 17 123 18 223 6 226 23 109 20 15 37 147 5 125 21 203 10 193
24 25 230 17 193 32 216 20 109 35 222 5 29 16 68 34 33 1 153 19 28 12 103 18 185 31 124 8 110 11 220 24 76 3 189 10 108 9 2 22 151 38 115 33 169 13 108 15 225 30 53 4 19
25 25 250 24 164 4 157 35 138 32 129 8 39 39 137 7 100 20 250 25 164 3 116 9 133 1 93 22 155 16 200 6 74 36 245 17 126 15 224 30 44 37 3 29 131 23 247 12 85 13 51 38 170
26 25 255 31 175 6 208 19 104 34 192 29 57 2 239 26 9 39 114 35 177 3 233 32 131 22 50 7 194 14 102 24 205 15 185 5 143 38 227 18 96 36 71 33 111 9 110 4 92 13 145 16 118
27 25 252 38 47 33 92 3 249 19 128 15 96 14 112 31 88 4 62 11 214 7 115 10 172 22 168 27 128 5 216 34 99 37 159 36 84 23 139 8 156 39 78 12 60 6 168 21 146 18 111 32 26
28 25 240 19 210 3 226 15 206 8 235 32 224 14 9 12 155 37 205 7 54 11 244 9 158 30 53 1 247 5 73 4 33 6 8 25 55 39 63 28 98 17 3 18 173 33 101 38 199 35 10 34 249
29 25 228 33 170 9 123 2 245 28 128 17 68 11 100 12 43 22 52 20 246 15 136 7 236 37 100 38 110 23 131 36 225 3 164 10 111 21 22 24 167 1 184 30 14 13 235 16 186 25 245 4 46
30 25 237 14 84 16 56 11 31 28 105 24 148 8 27 1 130 20 187 6 28 36 70 2 155 10 10 13 24 34 166 22 207 9 167 3 65 39 145 4 190 31 141 18 2 30 40 33 75 38 68 25 175
31 25 273 37 51 25 182 12 2 13 138 26 97 6 112 20 31 21 161 3 221 34 144 14 74 16 19 5 100 36 218 4 91 32 67 22 59 33 192 24 25 28 210 38 16 39 122 10 214 30 215 18 65
32 25 231 23 158 8 196 39 213 10 165 37 110 14 51 34 41 11 21 9 143 19 92 3 172 17 216 1 222 2 88 33 194 18 87 12 19 25 172 35 192 26 235 5 178 7 99 15 64 31 223 29 51
33 25 235 11 205 25 57 9 30 33 218 29 31 28 3 5 83 4 220 20 85 3 178 39 135 1 94 32 113 24 135 6 158 34 199 8 66 16 186 12 18 36 61 30 245 7 92 2 238 31 97 26 50
34 25 246 3 73 17 183 16 7 33 233 35 232 2 72 11 79 39 184 20 164 10 203 7 31 4 201 25 86 26 77 34 112 1 154 27 197 15 236 28 59 29 188 32 198 22 73 31 240 19 170 6 180
35 25 229 17 157 6 87 12 163 35 46 10 142 36 210 13 1 29 26 14 130 16 165 2 196 39 246 22 128 27 245 15 196 23 154 30 194 28 85 11 167 38 47 19 9 4 154 9 58 3 245 1 6
36 25 258 4 94 16 159 31 142 39 29 29 45 37 80 15 88 26 231 23 186 22 13 27 100 21 193 8 148 6 95 1 128 30 194 33 157 24 185 20 202 25 119 19 72 10 223 35 55 9 62 7 158
37 25 245 19 91 28 126 33 33 29 236 14 99 38 69 11 118 22 231 4 17 26 36 16 4 15 63 23 216 10 214 32 160 21 44 12 240 5 30 13 69 30 167 3 65 20 101 31 114 27 115 8 72
38 25 230 26 197 27 28 38 179 33 150 10 17 19 94 1 247 15 173 24 57 34 220 2 69 5 193 31 57 6 127 30 197 22 38 18 190 7 15 28 246 20 121 13 103 23 49 16 21 9 148 4 26
39 25 255 8 185 4 12 5 245 28 222 1 37 35 145 12 137 10 14 15 209 7 39 34 179 25 66 29 90 30 59 27 163 21 16 22 132 20 81 26 218 31 68 33 115 19 212 17 65 38 195 14 72
40 25 273 30 74 39 118 15 70 9 55 32 77 26 104 6 172 33 122 17 169 36 57 18 115 7 60 21 131 28 74 11 175 27 99 24 88 37 151 31 23 25 245 1 164 2 177 35 131 34 78 3 105
41 25 265 24 123 35 119 9 45 14 126 32 184 16 196 38 162 31 80 25 74 8 220 34 149 12 243 22 90 39 136 19 41 2 15 23 230 13 30 11 149 7 98 29 141 5 4 20 45 36 190 27 10
42 25 243 7 2 9 82 1 142 22 228 39 189 36 129 26 120 35 23 24 214 18 77 5 196 6 148 11 200 29 231 17 150 20 108 31 41 21 201 8 182 16 229 4 107 25 84 15 232 34 180 28 217
43 25 248 23 155 35 185 15 239 5 213 20 41 16 9 8 31 19 43 6 201 25 50 24 96 14 154 31 151 30 116 10 1 13 204 7 161 12 44 33 2 38 111 9 66 34 226 4 199 39 121 26 235
44 25 231 16 240 30 170 11 68 35 182 32 133 20 70 39 185 18 14 14 131 5 7 19 31 21 130 13 149 23 20 1 8 25 112 33 224 31 10 3 160 10 131 12 202 4 205 15 178 9 125 24 158
45 25 209 12 169 31 182 10 120 33 53 15 223 24 227 3 165 8 32 30 97 7 66 11 74 34 55 26 245 20 65 19 159 18 199 2 137 21 5 27 227 25 243 1 152 13 152 17 50 5 248 6 224
46 25 266 24 97 20 36 33 3 22 31 30 147 31 243 19 46 5 70 16 138 36 191 32 146 26 121 1 26 13 157 12 29 29 96 39 188 2 82 10 12 37 116 34 143 4 140 27 137 6 246 25 48
47 25 251 7 173 33 218 22 236 19 243 37 27 21 179 30 129 28 91 38 96 25 24 4 13 5 16 10 81 23 118 26 57 32 235 20 12 2 170 13 76 1 161 14 63 31 61 11 35 15 14 35 224
48 25 236 31 79 2 158 16 28 14 29 13 237 19 126 20 190 38 36 11 123 21 14 27 247 6 12 32 87 3 170 30 60 15 58 24 149 5 56 26 205 28 218 9 45 35 25 25 17 18 186 4 233
49 25 257 26 126 37 242 2 184 11 209 13 141 29 157 16 33 36 205 28 182 31 36 39 137 34 163 33 46 20 41 4 226 6 151 19 207 24 240 8 56 23 88 15 128 10 133 1 1 12 41 38 58
50 25 246 8 187 27 201 6 236 18 157 13 155 16 218 22 162 7 89 29 206 1 116 26 56 38 8 12 225 15 79 23 195 2 28 30 141 24 123 5 61 28 226 32 195 10 225 35 157 34 175 31 123
51 25 260 18 104 3 230 34 38 30 99 15 130 12 32 5 76 28 153 38 229 39 234 13 175 7 192 33 184 10 6 8 89 2 76 23 26 16 74 29 69 19 124 25 161 31 43 21 11 26 120 36 138
52 25 263 7 234 36 77 8 204 21 177 13 25 30 18 37 139 29 113 31 229 32 97 19 7 10 158 27 240 20 27 6 156 34 232 9 92 12 30 11 171 23 171 14 119 28 167 5 28 38 158 26 195
53 25 272 37 219 26 249 29 96 30 171 8 79 17 88 18 59 6 17 7 43 27 45 31 174 22 41 39 87 28 15 16 212 15 99 9 163 35 18 2 245 34 219 23 32 3 49 38 1 32 101 12 123
54 25 250 18 52 21 65 29 130 1 124 16 142 28 156 10 222 12 89 5 86 32 113 15 226 27 52 4 62 22 171 17 80 30 237 23 107 2 12 19 85 33 37 9 188 38 4 25 13 39 35 26 160
55 25 259 16 106 10 93 6 220 4 180 21 108 12 57 17 72 37 30 2 50 36 51 35 90 15 56 24 154 25 149 32 106 38 42 26 141 33 246 34 38 28 192 27 188 18 115 14 152 1 72 8 168
56 25 232 14 162 23 163 28 168 21 145 30 119 5 87 22 53 13 83 1 239 15 38 9 181 34 123 3 243 16 155 20 22 19 81 31 54 7 249 24 160 12 209 18 246 8 146 36 17 17 209 38 19
57 25 217 1 193 25 119 28 54 9 86 27 42 4 80 21 141 22 160 19 17 2 129 16 108 11 226 23 47 6 62 5 156 24 61 12 216 7 144 14 209 20 250 30 87 39 145 37 184 15 72 18 9
58 25 269 37 233 31 205 36 136 20 114 39 139 27 40 13 145 7 137 12 176 10 70 18 214 19 115 35 125 25 181 15 233 21 169 17 250 9 163 30 154 29 81 1 246 24 49 26 34 14 172 23 190
59 25 254 19 79 29 199 21 28 31 180 28 214 18 68 4 183 24 72 14 36 38 54 25 63 7 105 2 86 23 75 9 153 39 193 32 210 22 139 10 217 27 229 12 111 3 185 15 80 30 34 26 69
60 25 241 24 114 3 49 33 118 21 144 10 144 12 249 30 227 14 173 31 159 37 203 26 236 27 13 34 52 2 250 5 96 38 99 23 40 32 152 4 126 17 81 11 109 13 231 16 154 19 177 1 134
61 25 222 37 220 28 91 5 205 22 2 23 24 13 102 17 203 21 156 4 123 12 91 10 133 29 139 16 246 11 196 7 165 19 189 30 15 33 171 36 245 20 234 8 50 25 205 15 89 1 166 2 150
62 25 281 10 10 37 135 32 212 36 121 29 176 9 250 30 191 27 8 26 159 8 122 33 237 34 138 7 107 17 156 5 240 28 138 39 49 19 211 20 227 38 235 3 105 16 116 35 195 2 184 22 48
63 25 269 3 73 38 33 27 53 20 75 5 239 12 126 29 138 18 133 10 157 19 247 15 69 14 29 39 82 9 50 32 139 36 243 7 30 34 211 33 12 21 1 23 31 25 123 31 242 2 223 37 6
64 25 292 11 114 17 143 34 60 38 116 33 157 24 196 12 56 5 184 30 76 18 230 32 248 9 194 26 157 28 236 20 99 16 178 36 89 25 114 39 23 1 72 23 68 15 139 35 121 21 33 37 125
65 25 255 10 67 38 72 37 192 22 37 3 87 31 112 25 235 26 115 14 19 13 114 27 104 28 57 1 90 2 27 16 203 34 33 7 69 24 143 39 154 32 103 20 180 11 14 33 44 5 16 12 218
66 25 295 17 206 13 149 31 30 30 101 35 212 32 141 10 128 24 154 9 83 11 113 28 145 5 22 12 131 23 63 39 19 15 60 21 174 20 90 37 172 34 75 16 222 29 156 26 20 38 163 36 87
67 25 244 17 229 12 126 9 122 28 204 25 76 19 76 7 145 33 155 21 162 10 200 2 154 26 38 14 214 20 155 29 158 18 211 8 82 37 135 16 31 24 18 31 236 36 23 13 3 30 234 3 65
68 25 250 13 40 25 220 3 234 14 144 38 107 11 48 19 7 8 157 39 19 26 143 24 76 23 178 1 195 5 119 7 102 37 203 31 224 22 223 28 163 18 38 20 165 27 50 21 164 34 23 6 6
69 25 224 15 206 9 106 3 58 12 4 13 1 17 179 27 148 1 49 7 39 19 139 21 242 6 185 35 138 11 133 22 216 33 150 30 210 24 153 34 55 39 34 14 178 5 174 4 73 32 236 16 126
70 25 254 3 65 38 97 28 203 19 7 14 208 9 58 22 163 34 148 37 23 31 33 16 37 35 157 1 65 18 118 12 76 2 158 6 118 4 135 17 47 30 140 29 213 15 194 39 129 23 29 27 164
71 25 277 19 183 9 231 28 125 11 144 12 204 33 196 39 225 35 223 17 103 37 118 31 88 5 180 16 236 14 118 27 14 22 37 29 87 34 56 38 153 21 204 1 153 32 26 7 26 30 5 8 202
72 25 280 39 216 18 29 21 196 6 41 13 220 38 92 23 149 26 111 4 154 37 180 1 155 11 42 10 243 5 133 19 228 24 18 22 136 30 89 27 104 25 145 34 154 29 136 31 177 32 138 36 154
73 25 243 16 225 11 152 14 212 37 55 2 115 30 241 17 146 34 76 1 19 26 138 38 156 7 187 31 172 24 184 25 212 27 77 20 127 10 83 4 153 36 171 13 98 32 129 23 7 3 55 5 88
74 25 235 31 3 16 30 9 93 11 63 8 25 2 94 5 148 34 129 28 41 38 55 21 90 33 224 25 44 17 58 39 17 30 157 19 204 18 193 13 240 6 196 27 174 12 153 1 113 23 19 4 151
75 25 256 28 138 13 2 31 182 7 20 10 75 32 29 5 8 9 160 25 31 20 177 11 97 21 183 37 208 33 108 8 50 24 108 1 115 23 128 30 51 29 180 18 70 12 80 19 110 27 119 39 199
76 25 266 3 114 28 34 38 191 27 222 31 248 18 170 7 250 10 133 36 48 22 37 37 111 30 57 23 25 15 218 24 7 5 76 39 102 9 118 8 37 33 133 20 180 16 109 29 244 21 28 4 155
77 25 248 37 121 28 123 25 83 12 178 20 148 24 99 7 180 9 62 3 200 36 202 39 124 18 19 27 54 1 110 16 246 33 4 35 64 21 148 14 186 13 176 10 240 11 33 30 35 6 34 22 27
78 25 254 21 17 19 214 23 202 16 40 35 4 15 10 39 104 27 194 26 184 25 245 22 102 6 156 13 93 1 84 17 94 14 135 28 201 3 45 31 76 11 66 24 118 12 227 29 193 18 188 34 2
79 25 245 23 195 19 38 39 193 4 130 20 74 17 202 28 159 35 140 5 145 13 48 38 40 6 155 27 94 25 5 7 58 31 148 16 211 2 60 21 235 11 115 9 143 14 175 37 73 34 224 10 43
80 25 256 7 34 37 95 33 217 27 90 3 28 4 234 1 46 38 161 30 162 20 155 22 52 6 176 29 25 9 33 2 181 8 76 35 166 10 234 39 203 34 94 12 67 36 36 32 218 15 65 24 214
81 25 246 26 244 38 85 29 181 28 59 1 44 16 27 17 10 31 229 5 156 3 231 23 240 14 59 13 208 7 143 34 215 35 112 11 123 27 107 24 27 18 1 12 142 21 45 8 189 32 222 19 201
82 25 255 15 85 23 150 31 92 3 29 19 133 10 22 36 106 24 208 14 187 26 111 6 29 33 100 20 176 34 10 22 103 8 142 30 102 25 59 29 244 4 22 18 79 16 115 13 15 39 154 12 200
83 25 225 11 99 32 92 14 3 34 214 4 119 7 143 16 241 19 101 31 116 24 25 12 38 37 80 33 139 2 216 27 180 25 51 6 228 17 168 9 153 1 173 29 102 13 92 8 78 18 6 22 204
84 25 274 34 185 31 222 23 49 28 2 4 75 29 237 18 164 12 246 35 95 36 223 25 240 13 96 19 57 1 31 24 181 37 135 38 128 10 123 26 213 9 10 39 25 17 235 8 238 22 2 11 23
85 25 250 5 47 3 42 12 17 18 129 39 99 37 90 29 105 35 23 15 31 23 15 27 90 14 83 8 167 26 2 20 146 17 213 32 136 11 140 19 31 28 185 31 194 9 34 22 235 13 234 7 35
86 25 226 27 86 25 167 33 152 13 24 9 207 6 239 15 51 8 81 37 124 3 91 35 47 5 50 12 50 2 226 22 148 11 48 39 248 31 26 17 189 16 83 4 7 30 246 18 145 14 208 20 71
87 25 246 19 71 20 101 31 235 16 21 34 138 12 211 26 232 30 181 35 227 22 171 6 167 39 199 36 51 29 111 15 192 13 201 9 204 5 96 3 228 11 172 17 203 37 25 25 119 2 70 1 112
88 25 242 11 161 7 31 13 123 32 56 35 122 19 60 17 5 2 177 10 232 9 157 16 57 28 217 29 156 30 99 14 22 18 96 12 217 27 223 36 141 6 224 3 136 33 86 25 57 38 78 15 173
89 25 249 20 248 2 226 30 117 38 198 34 191 23 4 33 90 21 204 27 172 14 248 9 13 13 145 11 82 4 214 17 99 26 90 16 58 19 35 36 184 7 201 6 74 28 38 18 142 31 40 15 4
90 25 246 28 63 29 73 4 140 20 163 15 86 23 11 22 11 39 250 25 159 31 8 8 178 38 217 36 123 6 130 21 199 16 23 18 213 13 41 19 244 5 51 34 6 24 211 7 53 1 24 10 210
91 25 262 5 149 27 240 32 52 11 154 2 206 18 62 4 240 16 133 39 56 37 144 21 57 12 73 36 205 38 60 15 76 31 226 33 232 1 31 19 244 14 101 24 223 20 200 8 65 35 121 26 75
92 25 264 21 178 3 150 36 82 10 96 28 165 38 236 20 154 11 2 16 140 30 117 7 97 13 44 23 5 18 138 15 84 9 66 29 243 26 170 22 212 33 14 19 95 31 30 24 210 12 242 34 247
93 25 251 21 213 28 218 7 113 19 194 33 121 11 48 22 53 31 2 1 204 25 42 10 108 37 199 36 58 26 131 13 185 17 79 14 181 9 144 23 70 30 243 4 96 24 1 38 196 6 126 18 250
94 25 282 17 71 28 137 37 156 33 229 8 27 1 70 34 136 12 19 36 55 11 202 23 166 22 158 26 68 10 93 38 100 35 139 9 98 25 57 29 129 39 182 5 167 31 235 24 76 18 36 14 200
95 25 253 20 22 28 3 30 76 18 185 34 93 38 112 36 87 21 213 26 129 19 128 5 114 23 41 32 139 11 70 7 38 2 156 15 232 25 215 35 32 22 220 4 73 13 49 27 229 9 121 6 38
96 25 250 29 192 27 212 39 142 25 141 18 112 35 79 16 151 3 170 22 55 21 96 6 147 8 47 5 196 13 132 36 134 28 150 23 51 26 223 38 157 9 29 2 67 20 22 37 236 4 32 11 224
97 25 250 18 99 37 100 22 28 25 116 7 154 36 107 21 163 13 30 1 29 10 160 30 156 28 226 3 2 35 83 11 121 24 104 19 227 6 185 4 198 32 96 20 172 34 99 15 106 16 78 33 210
98 25 235 9 137 5 121 18 178 34 109 28 44 7 141 1 122 23 222 20 216 8 10 14 217 22 44 24 221 10 177 15 227 35 66 33 46 6 105 27 23 26 106 19 182 3 40 17 123 31 60 36 65
99 25 239 16 91 11 142 37 116 31 219 1 232 35 117 30 169 4 45 17 115 9 8 25 131 22 107 13 34 15 110 10 250 5 167 26 5 18 88 29 97 27 200 36 247 19 147 33 84 3 87 7 27
100 25 240 11 54 33 125 1 220 26 129 16 105 29 168 32 155 8 197 35 165 2 205 9 188 30 9 7 243 25 140 37 33 6 151 3 119 22 40 27 218 23 107 18 123 20 114 13 107 31 235 17 96
101 25 245 36 243 38 244 11 214 6 184 17 75 20 36 1 187 3 190 39 107 18 1 21 243 32 54 14 219 22 191 27 68 9 77 13 34 2 66 19 98 26 211 10 186 35 117 8 85 29 169 34 55
102 25 291 29 239 37 209 8 44 9 73 34 170 31 93 35 154 23 58 17 175 20 46 11 244 27 241 22 105 12 228 28 148 39 74 18 56 26 231 30 45 25 72 7 231 38 65 32 128 10 75 14 73
103 25 256 5 112 24 82 23 112 9 32 27 219 33 32 17 103 15 185 38 231 32 88 34 59 30 23 20 114 7 193 28 34 14 151 39 135 10 121 8 34 22 1 11 250 29 66 3 5 4 241 31 139
104 25 263 31 29 10 4 28 3 37 210 5 67 23 124 19 53 3 144 32 165 39 91 33 95 13 110 38 243 22 115 35 142 24 213 20 103 17 109 12 24 34 147 15 208 21 230 2 137 8 221 6 32
105 25 231 3 50 25 180 15 237 11 18 24 139 21 77 7 75 29 44 35 230 17 81 37 208 19 117 20 247 34 187 36 236 27 151 2 168 8 200 13 73 26 49 18 175 1 248 14 217 4 95 16 127
106 25 235 33 196 25 118 20 221 30 93 21 139 8 191 22 226 11 246 19 5 37 180 4 5 39 201 12 228 15 79 9 134 14 14 2 21 16 124 34 137 3 89 35 28 5 234 24 168 23 170 10 158
107 25 238 11 2 14 156 15 199 32 134 10 35 12 30 38 60 36 188 16 99 39 154 1 235 13 34 24 69 6 238 35 20 8 176 33 158 25 174 9 13 4 52 31 105 17 108 5 8 20 18 23 210
108 25 252 5 182 15 65 20 55 39 9 30 145 27 124 9 52 25 131 38 48 29 125 36 218 7 118 8 123 6 8 17 221 33 51 12 7 21 80 26 165 16 30 24 139 37 153 1 64 10 3 13 228
109 25 289 29 176 20 141 17 39 23 179 26 30 6 147 37 37 3 104 19 222 38 48 35 77 27 209 12 119 33 5 21 180 10 23 18 138 36 25 34 23 28 248 25 116 5 41 14 234 39 5 24 22
110 25 259 9 151 4 40 30 29 20 249 16 227 26 82 10 226 12 37 23 68 35 192 2 20 6 72 3 51 19 4 15 31 36 59 27 76 39 168 21 234 37 129 33 67 14 247 38 236 31 113 13 147
111 25 243 25 54 36 101 9 24 14 138 24 174 13 104 35 31 12 28 22 244 27 250 6 164 37 38 26 94 17 20 20 131 33 138 11 54 5 160 4 148 3 223 19 236 15 227 34 226 2 182 38 198
112 25 258 26 237 20 148 16 160 3 239 5 95 32 55 29 48 33 137 39 216 19 94 9 125 38 142 1 97 31 6 35 120 11 131 27 152 6 12 15 201 23 73 30 27 2 234 37 27 22 129 8 69
113 25 237 6 72 31 50 4 171 29 84 8 213 32 71 27 134 5 250 33 232 9 100 35 108 13 53 38 200 14 193 34 207 24 53 3 243 37 120 2 191 18 32 7 156 19 214 11 213 20 194 15 245
114 25 272 19 101 1 95 15 195 17 121 28 104 13 126 23 57 36 27 30 74 14 180 25 24 34 208 10 215 20 98 12 44 21 247 31 41 26 234 33 142 18 9 37 186 22 12 9 57 16 3 35 80
115 25 264 32 185 36 155 28 166 1 108 19 193 21 160 22 121 16 37 23 248 34 68 39 245 8 217 12 12 14 244 7 32 31 1 30 129 26 22 4 48 25 169 38 4 5 83 3 176 17 169 37 90
116 25 237 34 117 9 114 22 68 10 95 11 97 7 47 37 152 38 123 30 58 17 152 8 60 39 128 13 235 24 168 5 83 20 65 36 226 29 25 19 58 4 230 21 233 12 10 3 239 25 45 1 208
117 25 295 11 44 16 90 33 143 28 221 21 114 38 48 20 101 22 135 39 26 27 3 3 149 31 117 37 241 34 138 4 152 18 248 14 32 29 169 36 168 32 118 30 56 10 76 19 98 26 157 13 225
118 25 249 11 36 22 248 3 18 13 1 36 88 30 236 39 239 34 200 28 94 25 9 20 63 35 92 29 35 9 191 19 215 32 68 17 71 1 221 24 157 6 37 4 12 16 61 8 196 15 48 23 220
119 25 242 21 207 8 146 14 118 10 61 12 186 5 106 33 71 11 134 16 198 23 144 28 98 20 215 22 209 4 178 1 67 15 207 18 244 25 116 35 102 38 205 17 102 19 9 37 208 24 128 29 230
120 25 261 24 93 29 227 5 75 15 227 32 148 25 36 36 235 20 225 33 50 14 209 9 102 7 76 28 32 23 68 6 160 4 62 38 113 17 57 21 62 11 192 26 33 31 203 34 41 13 174 22 31
121 25 262 39 47 22 153 10 178 3 68 20 114 4 76 12 74 16 127 19 128 38 61 31 83 13 20 36 126 8 15 21 71 29 191 30 139 24 33 6 245 17 55 23 82 34 172 33 126 28 39 9 57
122 25 230 21 68 37 110 27 242 34 124 38 202 28 245 25 210 19 108 11 190 3 245 24 250 4 173 5 234 32 120 23 121 6 184 9 28 18 53 7 231 12 212 22 115 14 54 8 108 31 12 2 89
123 25 255 9 21 11 6 22 223 19 9 26 182 5 81 35 42 1 153 37 157 33 48 23 158 34 183 20 192 13 192 16 174 27 57 8 155 25 87 7 173 36 97 4 84 31 21 28 9 30 40 10 237
124 25 226 3 185 2 149 13 111 26 111 25 242 1 221 4 137 30 91 33 174 34 105 32 194 11 113 7 169 8 7 38 74 36 128 28 54 24 129 6 40 17 135 12 219 5 74 21 80 14 75 23 127
125 25 211 20 249 34 203 28 132 31 97 14 98 2 40 38 128 1 195 26 83 22 156 11 111 21 206 4 32 10 151 3 49 6 18 29 38 5 153 24 65 9 209 17 6 8 139 18 240 15 126 27 38
126 25 227 20 242 38 148 19 153 28 88 13 235 27 243 34 124 9 47 30 94 22 114 17 232 7 49 1 107 4 202 11 182 31 39 12 86 16 99 18 63 8 73 25 85 3 148 21 218 14 120 26 47
127 25 261 21 108 29 49 31 64 16 70 4 40 27 216 18 247 28 241 38 52 3 125 34 15 25 33 9 58 22 74 36 162 13 184 2 4 23 243 37 21 14 119 19 108 12 122 6 236 35 138 20 66
128 25 260 33 83 15 150 37 157 6 27 24 232 28 250 32 97 2 89 18 24 21 86 29 184 10 248 9 144 1 143 35 112 13 89 36 172 25 125 31 208 27 232 5 5 12 115 11 74 38 124 22 126
129 25 272 12 139 38 28 23 218 27 221 7 68 17 23 34 125 14 39 26 76 25 188 22 69 10 237 35 197 18 138 21 27 6 148 11 126 31 212 16 103 39 116 1 56 20 159 30 146 24 92 37 41
130 25 295 19 25 14 107 11 161 18 58 15 108 29 87 36 126 26 93 21 241 34 71 30 155 5 238 37 68 32 180 31 172 17 217 12 8 38 124 25 123 39 12 23 8 35 51 9 116 27 90 8 221
131 25 255 35 40 20 5 5 100 8 166 39 104 18 28 22 152 32 131 3 206 4 184 36 40 26 78 17 82 25 154 38 196 24 135 33 114 7 123 31 200 11 218 19 247 1 84 16 189 27 94 13 232
132 25 247 30 17 15 68 19 62 36 141 7 134 6 138 11 4 24 104 29 21 14 202 25 60 22 133 4 249 8 230 21 196 5 81 28 196 17 242 3 62 39 102 27 117 9 112 33 24 26 145 37 33
133 25 248 4 68 29 50 10 165 20 195 11 131 39 52 12 112 15 225 28 34 19 8 25 2 24 46 9 190 14 153 3 103 13 215 32 147 26 57 37 20 27 88 7 108 23 67 33 227 6 191 30 174
134 25 267 24 20 13 232 36 156 38 197 34 183 6 55 35 93 25 192 39 204 12 192 7 50 16 242 14 19 15 46 30 65 17 1 32 112 21 188 26 153 4 232 9 148 20 68 31 111 2 216 29 250
135 25 275 14 23 27 198 25 211 34 145 18 217 4 193 10 149 26 2 30 113 12 223 13 226 39 213 38 179 16 63 17 166 8 171 23 43 28 170 11 136 20 181 1 145 32 75 37 50 35 12 33 229
136 25 251 10 144 8 219 7 120 13 204 39 101 24 31 26 41 21 167 1 140 17 30 18 96 27 63 29 84 37 40 25 48 35 212 38 201 22 231 12 183 5 168 16 128 9 119 14 128 31 16 19 112
137 25 237 22 187 11 246 5 185 30 102 6 243 4 40 26 229 10 136 1 187 15 169 37 220 18 213 13 233 27 120 23 64 16 170 9 55 7 93 14 195 25 160 33 174 29 143 24 14 31 128 39 231
138 25 270 24 54 29 213 16 225 35 103 39 114 30 15 31 166 4 176 38 199 13 169 33 98 2 206 28 139 37 152 36 160 15 194 26 11 18 95 17 128 21 137 3 184 6 112 25 102 9 43 5 194
139 25 281 14 112 23 188 35 88 29 203 24 175 12 244 3 224 19 76 26 14 21 108 1 78 11 26 13 114 15 215 38 238 18 106 6 160 27 62 31 112 36 166 33 151 32 74 37 177 20 126 39 225
140 25 203 13 189 32 42 27 25 14 169 12 150 1 102 3 168 16 103 36 136 6 39 30 181 28 123 23 112 10 73 8 112 22 49 15 239 26 138 29 62 18 84 7 183 4 191 5 150 19 227 2 103
141 25 247 30 183 6 127 24 39 27 49 18 201 26 178 37 95 38 89 2 191 7 12 10 203 34 171 3 62 35 1 13 250 36 205 29 63 14 18 11 208 31 134 5 43 20 91 8 84 21 107 9 192
142 25 271 27 72 12 184 18 182 26 112 9 4 34 156 36 187 29 194 5 234 25 177 39 230 14 221 30 140 22 136 3 205 20 136 6 153 17 170 15 97 31 30 35 116 11 42 38 24 19 37 21 241
143 25 266 2 162 18 198 35 164 19 225 8 165 31 120 15 203 37 132 4 109 26 115 20 79 38 115 13 58 27 85 14 136 32 110 16 32 6 173 24 224 1 2 34 244 39 81 36 203 29 49 9 100
144 25 268 25 157 21 132 39 115 7 234 27 248 32 28 19 56 14 232 29 70 35 9 34 243 28 125 8 25 37 231 9 214 5 170 24 167 11 18 16 249 31 121 18 97 12 229 13 102 26 112 17 1
145 25 259 1 106 14 233 5 22 19 75 39 156 20 55 31 220 17 118 24 26 4 245 26 239 18 60 22 115 13 201 9 7 36 59 38 43 3 208 10 223 27 45 11 205 28 14 35 55 37 36 32 199
146 25 235 18 20 26 102 14 160 38 16 23 121 37 204 13 215 8 90 36 138 16 128 39 212 11 47 29 90 10 149 15 160 1 100 2 219 5 171 25 127 33 155 28 144 24 111 3 72 12 108 4 143
147 25 267 35 237 3 119 27 65 16 135 2 134 37 126 14 247 39 166 13 91 21 5 33 13 26 38 30 78 36 52 12 42 11 181 17 37 5 243 4 130 31 13 18 176 34 165 24 129 25 210 22 1
148 25 191 28 214 16 9 19 177 1 221 2 53 36 244 9 195 3 109 10 228 22 98 8 159 29 161 11 22 25 126 15 125 5 58 12 116 18 118 31 131 6 245 23 223 17 110 26 107 4 195 7 68
149 25 277 4 244 22 220 21 71 11 216 38 130 3 127 30 173 26 44 33 176 9 36 35 214 31 10 23 169 7 106 12 90 17 12 19 79 29 68 14 178 36 223 25 41 20 219 39 246 34 62 16 41
150 25 270 4 236 11 154 24 81 3 90 34 127 2 185 28 50 14 196 13 41 30 204 26 84 25 51 16 135 7 29 22 17 8 238 38 221 33 70 31 206 18 5 35 46 20 45 23 80 39 130 36 145
151 25 265 7 189 2 166 38 134 8 248 12 222 17 131 23 135 13 242 31 159 16 110 14 91 33 199 19 178 29 6 32 248 1 89 15 48 10 69 37 238 36 221 28 68 34 68 20 125 30 199 25 20
152 25 248 27 99 16 197 34 137 24 196 38 41 33 87 11 250 17 11 9 150 2 218 23 33 29 240 30 215 5 161 8 74 1 247 18 89 19 89 15 171 31 92 28 6 36 44 25 132 14 44 3 54
153 25 246 5 128 6 163 4 73 11 244 19 23 24 50 1 203 15 10 30 200 39 144 12 104 20 30 38 24 35 55 21 230 26 123 22 220 13 135 8 8 18 160 29 84 32 84 27 35 34 244 3 97
154 25 255 28 237 7 147 36 13 22 49 26 183 21 215 20 90 5 131 14 145 31 159 24 175 23 129 16 122 34 142 3 230 30 94 1 48 37 117 18 183 39 159 4 156 32 231 6 138 9 80 25 145
155 25 243 20 156 18 161 3 165 39 34 24 61 4 184 12 186 37 198 1 59 15 239 7 183 21 98 32 167 2 241 19 151 36 245 9 50 14 115 31 91 8 221 23 61 22 165 27 246 34 87 29 125
156 25 245 7 210 5 80 18 200 2 96 21 105 30 84 11 140 16 161 20 129 32 34 8 150 31 45 22 184 1 10 39 71 23 240 4 52 34 164 15 100 29 46 17 91 24 58 26 119 37 75 19 151
157 25 206 28 205 33 57 4 44 18 33 35 143 16 90 37 194 34 8 14 190 6 66 21 170 10 82 12 160 3 150 27 58 15 57 13 70 20 159 5 155 17 248 26 230 1 230 7 178 8 211 2 110
158 25 264 23 118 37 132 38 204 10 22 5 239 21 135 28 226 39 164 35 234 26 240 17 225 22 84 4 42 33 179 7 226 18 20 19 120 25 108 15 22 32 211 27 113 13 141 20 176 1 71 14 75
159 25 246 5 13 38 213 21 175 23 30 17 193 32 111 30 198 7 71 19 47 9 82 35 134 2 195 18 37 12 8 20 56 15 180 29 37 6 81 10 235 4 53 16 3 33 137 27 226 37 141 28 134
160 25 269 11 25 28 65 34 71 21 124 29 218 6 235 35 83 10 89 18 44 12 126 13 157 15 105 33 63 36 12 38 37 16 184 1 106 14 65 27 137 22 133 24 72 23 210 31 146 17 140 25 184
161 25 245 13 14 24 179 23 177 25 139 35 6 33 189 22 47 30 186 14 244 26 83 11 108 10 101 31 248 39 222 5 142 15 108 37 75 4 166 17 212 19 63 8 159 9 100 28 100 1 200 12 191
162 25 256 13 68 11 139 24 203 26 14 27 36 9 12 17 166 15 26 8 151 10 185 16 131 19 86 32 45 7 205 12 90 4 244 30 132 34 238 35 163 31 6 39 91 5 84 23 53 36 209 29 14
163 25 247 13 228 24 199 1 98 31 110 11 99 15 170 23 35 16 173 32 246 5 99 19 188 3 248 2 202 35 2 12 230 14 169 25 167 10 197 20 10 30 87 38 130 33 109 7 130 39 53 37 224
164 25 245 5 131 31 28 12 151 28 78 16 61 29 85 2 38 33 183 7 4 19 206 14 190 4 206 9 34 3 30 25 57 27 177 36 114 24 118 32 150 10 172 34 178 17 173 38 13 35 18 1 191
165 25 253 19 108 15 35 36 38 4 14 39 208 37 237 14 112 38 94 31 116 8 8 1 202 21 189 18 114 25 10 30 22 2 114 27 181 20 112 9 199 23 142 13 109 33 151 5 243 22 208 16 3
166 25 249 12 123 23 245 36 48 13 196 9 204 15 7 2 51 3 245 34 68 29 4 31 231 6 216 25 196 33 183 5 146 30 172 18 94 35 154 39 166 1 12 37 178 20 71 28 27 11 237 4 54
167 25 244 35 65 9 6 12 44 23 86 3 201 13 247 21 216 31 187 29 49 2 18 11 199 18 238 24 233 10 47 6 229 26 120 27 232 7 139 33 181 22 82 25 29 4 136 38 23 32 172 28 132
168 25 263 17 97 39 29 38 120 15 249 6 164 11 178 26 41 3 69 8 127 22 129 32 130 31 243 18 226 16 124 28 35 13 133 14 150 7 93 33 118 34 5 36 184 2 207 5 13 35 107 37 205
169 25 237 22 216 12 57 24 7 31 206 15 97 7 47 29 96 2 16 23 107 1 149 8 43 14 29 30 230 5 83 38 57 21 165 6 192 10 30 25 2 37 147 39 33 4 11 19 30 36 101 17 133
170 25 260 2 88 26 211 8 77 21 76 33 32 25 120 22 241 36 22 39 189 35 8 32 46 7 222 34 169 28 108 4 22 11 98 38 172 23 41 13 215 9 31 1 15 24 163 18 2 15 245 16 72
171 25 250 8 135 22 98 26 123 20 199 18 36 39 5 14 31 15 96 30 208 24 95 21 230 3 179 25 114 9 195 34 154 17 12 4 211 5 185 7 231 12 56 32 141 37 247 27 118 13 13 38 143
172 25 238 13 74 14 149 7 140 35 63 12 16 11 63 18 192 10 94 6 222 8 184 22 188 21 115 9 104 4 53 39 180 36 247 16 198 1 230 38 52 15 244 30 176 31 225 29 158 19 200 32 76
173 25 267 23 208 2 40 17 104 25 151 28 57 18 240 9 129 20 234 37 177 26 18 1 126 7 29 38 104 24 27 36 185 33 131 6 60 4 229 29 190 10 41 34 56 19 73 27 147 39 122 22 135
174 25 253 39 226 20 134 1 163 4 99 14 209 9 153 21 88 32 12 31 138 2 210 38 225 26 195 36 9 27 246 33 190 25 78 30 203 3 142 5 51 16 76 23 146 18 217 15 235 10 7 28 76
175 25 259 4 130 19 166 12 22 20 45 36 232 22 15 37 91 2 243 10 229 29 103 35 133 17 213 15 93 30 130 18 53 31 79 38 123 27 65 33 238 1 91 23 130 34 201 7 55 6 202 13 247
176 25 243 2 221 35 108 16 7 7 194 9 206 34 41 27 10 6 119 13 201 29 179 26 241 17 207 4 115 8 213 20 170 3 124 37 218 22 246 12 81 38 77 15 140 10 175 36 45 31 112 30 74
177 25 252 22 239 37 137 28 76 9 113 31 17 6 23 38 204 30 247 20 101 26 234 11 112 1 18 23 130 21 152 15 52 3 189 29 222 17 209 14 231 27 193 2 156 19 242 25 242 12 183 39 74
178 25 239 4 139 5 218 13 217 33 224 21 241 7 149 39 35 3 31 12 241 19 118 15 240 24 216 1 168 34 156 30 151 17 199 9 24 35 171 31 205 20 192 29 76 25 11 10 166 16 6 27 178
179 25 246 14 95 32 182 39 218 2 189 25 72 37 123 23 246 18 191 13 90 20 33 36 43 12 147 3 105 29 6 11 183 30 169 6 167 9 200 4 136 1 93 33 155 16 245 19 114 22 46 38 236
180 25 285 11 73 32 95 33 242 35 137 17 36 37 55 29 249 12 54 25 174 9 250 30 69 36 224 3 216 22 160 34 146 27 195 15 173 20 153 18 147 2 173 24 44 21 17 23 233 16 73 39 9
181 25 255 9 187 35 35 20 162 10 9 4 138 34 175 15 73 12 97 36 182 18 61 22 157 26 144 29 73 24 76 13 150 19 106 21 138 1 198 3 196 33 135 39 111 17 125 7 104 27 28 37 156
182 25 253 32 59 27 23 6 217 12 37 24 74 34 178 9 72 8 41 17 181 19 245 7 187 10 129 3 228 28 244 20 134 31 12 25 9 30 225 21 168 4 57 11 133 29 98 38 179 36 120 26 143
183 25 230 15 125 7 67 8 173 5 123 12 49 21 32 1 91 30 222 18 144 20 9 27 144 38 184 35 163 37 182 19 127 3 204 13 74 11 215 6 155 34 238 14 192 31 225 2 107 32 10 22 194
184 25 245 27 224 22 148 15 76 25 194 24 69 9 115 32 72 38 6 10 112 39 87 21 61 26 118 6 219 5 131 12 36 19 33 2 101 8 198 28 83 4 107 34 128 31 199 33 17 3 107 17 67
185 25 270 2 39 35 136 7 138 34 197 19 177 21 200 37 34 30 63 36 4 15 191 39 248 20 114 10 180 6 53 8 160 28 6 13 55 23 111 38 212 33 3 26 99 12 185 18 201 17 52 14 143
186 25 229 5 95 17 61 9 238 13 233 39 53 1 110 15 5 6 136 11 127 18 247 24 240 14 33 7 99 4 60 30 190 37 184 28 236 10 67 22 94 36 221 26 128 32 144 20 145 33 24 2 182
187 25 243 15 166 11 100 25 198 7 194 36 49 20 210 8 45 10 36 37 76 23 244 5 184 21 53 2 156 27 69 34 86 33 191 9 90 26 55 4 137 6 172 29 179 17 23 30 184 32 141 19 75
188 25 238 25 23 4 240 18 52 1 183 35 228 15 11 30 84 11 218 20 106 36 96 8 47 6 21 26 118 3 82 32 98 31 199 38 86 19 221 7 18 13 24 27 128 9 66 14 194 28 11 21 72
189 25 262 3 231 22 224 33 105 20 72 7 122 35 155 38 18 6 47 24 4 13 21 27 178 36 196 8 191 21 16 29 232 1 102 19 249 23 240 34 61 31 209 2 224 30 36 39 173 11 40 12 222
190 25 243 10 33 22 160 38 187 14 249 26 107 12 204 39 78 18 215 17 107 6 54 7 220 29 227 1 51 31 215 30 112 4 152 3 133 20 248 11 221 34 238 21 167 15 149 35 112 24 190 19 54
191 25 254 10 219 8 52 12 244 15 244 28 244 22 109 26 87 38 139 35 187 2 51 32 163 16 242 17 139 18 191 19 235 11 91 25 186 37 120 9 17 27 67 7 238 13 166 36 89 24 214 21 53
192 25 271 11 65 39 46 29 120 20 157 2 244 34 52 22 200 38 217 27 172 25 102 9 53 14 10 21 156 6 249 26 221 13 172 12 48 8 43 30 209 3 61 28 81 24 12 31 176 36 70 35 109
193 25 233 4 11 9 208 34 172 16 191 37 150 11 147 27 11 7 198 13 72 39 154 10 81 15 97 8 136 18 233 35 234 21 128 6 196 29 83 24 70 23 132 5 98 20 114 17 200 26 2 12 235
194 25 253 21 66 26 110 3 121 20 165 5 99 38 136 37 201 1 150 6 176 10 178 11 69 7 245 23 32 17 159 35 83 32 8 34 231 30 250 2 70 19 201 14 202 33 142 24 41 22 10 36 111
195 25 227 1 138 27 50 17 21 8 40 32 36 10 188 31 191 7 63 33 52 24 49 26 39 5 147 20 96 15 58 34 5 22 192 29 231 6 72 36 13 9 105 2 247 37 20 4 21 3 236 16 235
196 25 259 31 72 16 233 36 213 9 131 7 177 28 149 18 82 25 31 39 56 4 86 33 235 29 126 5 57 30 92 24 234 6 229 17 97 26 31 14 234 37 191 27 93 1 22 21 18 32 118 3 183
197 25 225 34 71 8 149 39 66 20 141 11 228 19 115 15 137 10 55 16 150 38 108 25 49 17 166 6 131 30 60 21 77 28 247 18 47 7 115 37 47 12 48 9 21 1 182 3 27 4 90 22 144
198 25 247 28 142 32 223 8 10 15 112 9 143 22 13 21 44 36 56 20 108 12 168 34 227 4 95 30 82 3 77 39 214 10 223 13 50 18 226 5 3 14 77 23 159 37 84 31 160 11 114 19 25
199 25 250 9 100 22 204 30 6 13 83 10 166 32 171 29 230 24 240 11 153 25 209 7 238 37 188 33 198 1 149 17 58 31 116 36 71 18 77 26 60 19 232 4 149 3 15 12 81 23 183 28 69
200 25 243 13 98 35 170 11 21 17 97 28 59 5 32 10 60 38 33 14 85 26 137 36 148 19 44 7 39 24 4 27 146 12 143 15 64 16 4 31 190 37 114 30 46 2 72 29 208 3 134 1 17
201 25 253 3 205 30 198 2 95 25 28 6 44 11 113 7 78 29 143 31 174 36 34 22 53 15 247 13 41 32 96 38 150 28 159 34 156 21 18 10 12 16 12 4 225 35 172 24 174 23 141 12 158
202 25 224 19 81 2 70 33 169 32 136 3 171 4 230 12 56 13 8 37 250 23 205 5 67 27 234 26 158 21 35 14 104 38 124 25 98 7 56 6 42 18 49 1 229 31 97 16 107 20 196 15 87
203 25 238 28 100 21 93 7 165 20 113 33 93 24 90 35 133 18 181 25 242 31 24 2 227 38 57 22 79 1 202 39 62 5 212 14 123 8 195 16 152 4 93 30 204 32 100 11 97 3 129 9 47
204 25 270 33 249 38 189 10 113 32 40 27 149 1 196 29 34 39 201 3 24 36 209 34 227 23 153 31 146 37 249 24 42 21 230 11 173 14 38 17 99 7 51 8 86 16 93 6 207 18 96 26 89
205 25 272 32 149 8 196 22 100 19 40 25 192 37 234 20 215 10 45 39 173 5 46 29 58 38 5 28 203 30 178 27 249 35 32 2 106 23 155 34 34 12 63 15 42 21 147 13 5 11 145 9 17
206 25 251 37 102 32 128 24 26 16 160 9 99 22 158 14 216 39 234 30 149 13 207 31 237 8 124 7 230 21 150 20 192 3 197 38 149 5 187 29 195 27 248 18 178 33 125 19 131 6 234 2 180
207 25 268 30 11 25 179 9 224 16 198 22 67 10 211 28 92 35 242 29 7 20 39 32 149 36 228 12 213 1 154 4 221 14 120 21 197 18 156 38 247 24 89 11 65 39 39 6 199 23 182 33 194
208 25 215 19 198 5 239 17 202 26 22 2 197 30 24 14 50 24 99 29 224 15 224 22 14 13 112 6 69 10 141 27 250 25 5 16 6 3 66 38 218 11 97 21 231 37 206 8 36 4 151 9 219
209 25 257 3 70 35 32 6 91 9 84 12 248 20 136 25 39 27 135 24 27 22 189 34 104 38 233 1 134 2 222 37 143 21 240 28 233 39 201 18 192 32 234 10 15 26 150 11 105 4 243 30 69
210 25 246 27 11 22 173 13 62 12 123 17 132 15 173 19 219 34 82 18 200 23 16 29 19 35 189 11 19 14 114 39 122 30 246 4 194 9 217 25 99 33 227 1 61 10 112 5 126 32 201 16 13
211 25 225 10 89 6 18 23 157 29 58 22 3 28 22 31 128 24 247 7 26 21 136 13 205 25 122 17 157 8 26 5 43 39 1 14 68 4 58 34 242 19 156 11 193 9 218 35 35 1 85 15 207
212 25 243 23 244 2 189 19 126 30 191 39 17 5 136 10 98 37 205 38 9 9 67 8 223 27 135 29 140 3 129 26 179 1 145 28 201 6 174 24 129 14 239 12 67 34 168 11 22 15 34 36 207
213 25 252 13 68 34 222 28 29 35 75 32 102 3 144 8 207 22 30 10 221 15 184 17 20 33 61 7 32 5 96 37 57 12 19 30 15 1 142 21 116 31 47 20 208 16 203 39 184 25 77 11 89
214 25 252 6 183 8 194 26 46 34 213 28 167 22 234 27 89 25 239 5 214 37 115 24 184 29 42 17 4 38 193 15 80 20 114 33 153 7 94 3 83 39 43 30 83 10 208 12 28 9 91 1 91
215 25 256 6 202 12 23 25 181 19 221 5 51 31 75 24 215 38 132 9 61 32 10 30 140 33 2 7 34 39 226 29 111 34 187 8 132 14 64 11 34 27 74 36 151 1 25 18 225 3 114 21 105
216 25 265 14 6 20 4 15 172 37 91 26 30 11 113 18 221 4 209 35 29 17 1 34 31 21 107 32 141 29 138 27 54 19 178 12 136 39 42 8 238 2 64 36 92 6 75 25 39 13 84 31 68
217 25 272 30 91 7 22 36 155 23 223 22 236 12 14 35 160 2 48 13 50 17 91 16 237 31 94 39 80 15 129 34 80 28 73 27 213 33 98 10 140 8 194 18 42 1 237 37 20 21 207 29 60
218 25 260 37 171 7 200 6 57 8 80 21 235 36 100 2 88 14 115 24 126 35 207 26 85 15 200 5 15 11 232 9 33 22 132 25 108 23 229 28 195 38 233 20 243 27 44 34 98 18 175 29 44
219 25 262 32 138 7 218 14 74 22 144 9 103 29 158 17 31 13 209 27 46 18 89 37 236 35 23 3 213 24 108 21 153 20 133 6 130 26 140 4 58 34 184 39 21 10 95 19 210 28 16 30 110
220 25 248 5 188 11 99 20 65 36 39 2 61 18 115 31 171 30 154 33 28 19 2 25 15 3 76 21 21 28 202 7 155 34 175 14 198 1 222 22 65 23 55 32 122 17 136 29 161 9 33 26 38
221 25 247 22 209 8 156 35 116 13 216 27 48 34 224 29 237 26 87 9 168 21 128 24 207 2 53 16 209 38 223 6 201 11 39 18 87 30 103 20 236 36 68 12 213 37 240 17 219 3 145 1 238
222 25 280 18 186 6 185 8 43 17 88 13 136 26 127 20 48 38 104 19 185 16 243 28 225 21 6 37 126 36 153 33 193 32 87 25 222 39 60 27 145 4 14 22 50 23 240 30 73 15 214 7 9
223 25 254 38 91 25 212 32 114 23 160 30 183 26 142 6 69 19 39 29 203 15 63 14 236 5 140 24 120 18 174 13 222 17 136 7 144 31 40 1 40 21 242 20 40 27 245 36 202 4 211 28 167
224 25 248 5 43 23 36 28 1 29 40 21 20 2 80 30 5 34 3 10 194 8 188 9 125 4 188 17 173 33 15 27 127 37 134 3 105 22 119 11 231 36 86 31 128 39 205 6 75 12 233 19 9
225 25 236 14 63 5 235 26 83 38 79 35 243 4 236 22 44 8 139 25 122 36 141 13 32 24 101 9 107 27 231 31 67 34 46 10 87 17 87 28 92 18 158 3 212 12 123 21 169 11 128 1 14
226 25 270 12 99 38 8 6 152 36 163 9 149 3 73 11 24 29 188 7 208 20 68 10 227 30 164 28 77 8 198 22 41 33 97 31 3 39 93 35 182 16 221 21 63 17 158 37 193 27 47 15 130
227 25 242 2 240 32 52 4 216 8 211 17 136 20 54 1 203 31 139 29 165 15 175 34 213 5 152 25 199 13 186 14 130 39 33 24 157 10 13 11 75 35 249 18 153 12 120 37 184 19 18 30 2
228 25 259 14 170 6 3 33 2 36 123 11 29 16 25 30 116 39 104 5 98 35 11 28 200 8 161 27 99 9 249 25 30 7 244 17 104 23 14 38 38 15 239 13 161 21 184 34 191 4 15 24 209
229 25 272 14 68 28 47 25 172 3 31 31 52 38 195 10 208 13 63 2 219 12 26 5 196 11 122 20 236 19 209 15 223 32 47 35 232 34 236 39 98 36 139 8 50 37 199 17 78 27 126 33 200
230 25 226 32 111 5 63 10 228 31 151 13 76 1 210 36 99 12 67 21 213 24 171 28 212 9 45 22 201 4 245 17 121 7 194 2 152 15 28 29 123 19 147 38 211 33 2 25 98 6 8 14 128
231 25 271 38 173 32 170 20 45 31 103 6 120 29 135 13 60 27 236 28 153 18 113 1 236 3 35 39 129 34 136 21 115 25 2 30 127 35 151 10 64 15 13 4 170 26 146 33 213 5 242 19 152
232 25 261 18 174 38 198 29 194 22 50 13 7 28 20 21 68 20 176 26 134 31 88 15 95 14 130 1 86 39 30 27 46 23 126 5 93 4 94 3 117 33 7 8 185 36 246 32 90 12 54 24 53
233 25 243 34 231 16 107 5 59 21 102 18 245 14 247 20 193 29 175 25 213 24 149 37 40 10 40 15 29 9 247 12 51 38 227 19 140 28 236 3 94 22 36 36 91 13 128 30 148 7 18 2 192
234 25 250 9 231 33 126 32 220 36 93 23 56 22 148 6 132 3 220 4 211 2 26 20 89 39 195 21 194 38 174 14 220 16 159 11 187 27 145 28 49 26 64 31 210 1 82 24 203 5 122 29 175
235 25 285 29 90 27 127 38 122 8 51 21 178 22 180 14 237 20 123 35 222 10 174 25 236 32 36 2 247 39 151 13 97 31 222 33 161 12 84 18 88 16 223 19 189 37 131 15 74 30 10 24 181
236 25 262 24 197 33 95 22 176 12 54 30 159 23 68 3 100 29 134 15 8 17 226 16 15 34 119 26 249 2 185 18 217 20 19 37 10 19 20 35 154 36 90 31 87 8 156 27 90 6 14 1 29
237 25 256 3 136 39 60 20 34 35 209 24 21 27 119 28 104 38 116 15 61 14 116 26 49 29 63 22 242 32 36 1 240 17 208 2 48 25 234 18 158 6 77 30 220 33 41 11 203 5 156 13 250
238 25 246 30 70 16 146 33 206 22 142 3 156 8 189 32 229 21 241 18 8 23 232 7 89 27 224 28 206 9 221 1 113 38 72 35 141 37 182 11 180 20 141 2 10 5 114 34 116 4 248 29 227
239 25 288 37 44 12 95 27 182 38 144 25 212 16 184 19 113 36 161 17 109 3 199 10 129 14 135 34 45 39 93 35 115 31 246 29 235 32 134 8 230 18 133 30 200 20 62 22 163 15 59 9 146
240 25 268 28 60 26 166 36 124 20 217 31 18 16 199 11 195 12 162 14 133 1 17 21 58 6 16 24 56 33 201 29 232 19 201 2 10 3 32 13 183 27 203 30 228 39 225 23 31 34 55 38 59
241 25 258 39 59 29 141 16 224 8 141 36 229 22 220 12 164 27 216 35 146 33 234 11 196 3 139 32 11 13 12 19 4 14 17 1 80 24 8 38 88 4 135 18 69 37 232 15 179 2 33 28 206
242 25 260 9 7 15 84 2 129 19 197 20 103 23 197 17 141 29 162 10 155 28 134 33 154 38 187 27 238 13 146 3 229 36 107 6 76 16 36 18 240 12 126 32 160 37 42 34 228 22 132 21 106
243 25 240 8 239 1 194 36 228 23 87 30 201 9 119 37 110 15 67 33 121 4 12 6 94 2 236 27 118 28 27 25 197 26 242 35 67 24 17 5 3 19 171 11 41 7 154 32 146 18 115 20 214
244 25 267 4 207 5 216 31 21 17 155 8 79 12 68 37 164 29 179 24 95 36 207 16 166 32 181 22 11 25 217 20 72 11 173 39 178 21 250 18 139 6 170 30 72 28 115 19 147 10 69 34 137
245 25 261 2 167 15 164 37 78 22 35 30 124 32 69 19 129 38 108 10 103 8 101 16 125 36 114 5 112 33 106 11 49 25 246 21 73 27 2 28 90 39 159 4 45 31 139 1 138 6 101 26 109
246 25 263 1 4 25 96 17 147 28 152 24 21 33 159 15 203 5 235 6 211 37 57 12 146 31 37 16 71 38 54 9 248 27 3 23 226 30 112 29 177 39 214 36 50 13 57 3 115 10 185 20 137
247 25 248 17 71 20 215 5 84 25 126 24 191 11 171 22 37 16 1 19 155 13 3 1 104 39 145 26 87 38 176 14 246 3 8 28 119 37 90 21 147 27 245 31 237 35 91 8 232 15 32 2 109
248 25 254 1 213 25 20 33 84 12 22 38 84 20 170 2 7 32 179 35 120 14 117 22 125 39 124 13 227 4 73 10 247 16 63 9 172 27 228 28 86 8 157 23 100 26 235 30 26 5 88 37 239
249 25 274 3 89 33 27 27 122 35 91 31 152 13 45 21 146 20 57 22 121 26 45 11 235 9 30 34 42 24 249 7 19 38 53 14 221 15 27 23 168 37 224 30 124 18 134 16 31 36 235 6 186
250 25 248 21 245 14 38 37 130 38 1 22 5 8 131 11 88 17 227 33 122 6 222 16 135 23 18 30 70 36 107 2 12 10 91 28 1 1 160 5 186 35 249 29 3 32 194 7 151 24 94 12 155
251 25 230 27 209 21 148 30 30 10 30 39 231 34 77 32 148 5 162 23 151 17 93 26 98 8 183 11 87 12 230 37 161 31 228 20 180 7 230 9 205 15 43 4 207 1 236 13 65 22 85 6 152
252 25 250 22 4 23 141 10 75 14 179 25 223 26 43 12 87 17 166 19 121 20 106 34 20 7 31 31 4 32 72 35 208 11 108 36 97 4 123 37 66 13 231 21 40 8 46 1 100 18 64 24 177
253 25 246 25 75 39 223 7 30 28 30 31 222 14 201 4 141 8 24 19 174 15 41 35 89 2 147 26 21 22 169 6 96 5 68 37 156 36 108 17 139 10 190 33 220 12 166 29 143 1 233 32 91
254 25 272 37 11 32 10 17 95 9 151 15 91 6 102 14 25 16 131 26 152 29 133 25 221 19 102 11 73 30 49 28 88 39 220 27 177 36 178 2 120 13 121 1 154 34 108 38 104 21 235 20 86
255 25 282 22 230 26 69 19 146 20 118 7 45 31 29 16 97 33 38 37 125 38 176 21 187 39 177 36 118 34 199 9 118 27 168 11 20 18 116 5 184 30 227 12 88 15 93 23 41 32 10 4 247
256 25 243 35 51 28 212 34 73 21 210 8 97 27 10 7 163 30 91 5 201 4 148 15 67 31 48 3 67 19 80 33 245 13 92 6 139 37 108 18 214 36 75 2 199 23 55 12 81 39 83 1 150
257 25 238 11 42 22 86 26 56 19 163 24 45 34 111 36 31 25 167 31 109 6 85 17 17 7 100 23 9 9 204 28 57 1 11 8 30 18 105 12 196 38 50 30 181 13 189 4 238 20 189 15 102
258 25 246 29 187 19 80 4 148 35 14 22 160 2 235 31 167 33 32 32 69 12 82 16 123 39 225 15 204 3 181 10 176 13 105 7 118 14 226 21 19 8 209 30 111 1 193 36 78 34 52 27 233
259 25 228 20 13 6 191 18 168 26 11 16 163 24 163 34 164 14 126 21 24 5 68 11 184 23 126 15 213 27 193 39 206 19 245 4 5 9 151 2 64 38 155 1 197 28 230 10 105 25 145 22 12
260 25 235 7 24 21 125 36 156 1 204 6 159 5 221 28 201 20 110 3 107 30 86 15 112 32 121 9 28 38 174 19 48 16 108 18 43 14 13 13 205 31 201 8 68 29 66 26 5 10 139 35 247
261 25 233 5 47 34 28 1 114 4 15 37 231 11 83 2 241 23 209 18 85 13 225 25 196 24 55 14 99 10 145 27 180 16 102 17 217 22 44 38 26 9 58 21 217 39 51 6 51 20 9 30 243
262 25 213 5 130 39 23 13 214 4 180 14 201 16 201 22 93 1 240 15 42 3 85 23 222 21 37 27 141 11 238 9 107 19 49 30 162 33 193 28 6 8 177 18 179 34 5 2 104 20 245 12 206
263 25 223 27 241 7 4 9 235 23 222 19 187 5 146 4 244 13 72 6 162 35 75 20 108 33 222 24 159 21 56 25 119 29 26 3 99 2 81 8 125 12 48 26 4 17 72 28 31 18 2 32 56
264 25 242 28 57 13 76 7 250 21 111 38 233 34 213 22 20 31 23 16 128 24 120 15 103 10 65 35 243 26 231 25 53 20 153 17 218 2 26 4 82 6 115 18 63 14 72 32 74 8 176 19 162
265 25 249 37 150 27 166 39 138 11 69 29 166 32 196 3 117 23 212 34 105 17 120 22 43 26 217 5 14 21 46 13 183 18 3 9 110 30 128 20 189 19 44 14 216 10 163 8 36 7 209 24 101
266 25 230 1 201 3 25 25 172 28 215 23 98 6 10 12 202 20 210 13 33 5 130 14 120 27 56 7 13 26 72 15 106 33 69 21 139 8 103 35 107 39 234 19 142 10 56 17 45 22 164 32 168
267 25 242 4 79 30 21 34 114 19 166 22 181 13 206 25 32 18 160 28 213 39 93 31 143 5 158 16 74 9 149 7 184 15 12 38 150 2 208 23 133 33 144 37 237 27 1 6 95 1 171 3 94
268 25 259 19 4 20 73 31 245 25 64 27 201 35 195 3 139 21 31 4 224 17 204 11 224 14 221 26 134 23 224 36 92 32 237 16 143 1 221 18 219 12 163 5 103 22 211 39 167 24 51 38 24
269 25 239 38 173 27 69 32 233 11 242 35 120 3 77 5 143 4 60 19 220 6 102 23 116 18 240 9 127 24 116 34 160 14 155 17 248 30 116 10 226 15 220 22 196 21 23 26 124 2 69 33 62
270 25 285 37 53 25 162 26 17 27 100 30 45 18 160 23 157 1 43 7 95 19 119 39 6 4 92 17 86 9 225 34 4 36 121 20 184 21 29 38 40 16 27 15 119 29 107 33 217 14 48 32 237
271 25 254 8 150 29 96 24 34 9 111 25 220 5 101 16 44 38 119 13 89 22 73 27 54 12 10 34 52 23 190 11 232 18 198 15 82 19 215 1 212 37 210 6 225 17 80 39 152 32 234 28 246
272 25 274 4 61 14 161 18 11 21 109 28 215 30 213 38 42 26 196 36 168 32 190 33 172 8 248 25 237 9 132 31 189 11 188 23 148 10 214 29 135 22 24 37 161 12 79 39 207 7 190 5 183
273 25 282 28 66 16 106 12 184 36 165 39 198 15 67 29 144 37 40 3 150 10 130 32 17 18 118 20 125 34 95 13 235 38 16 22 176 30 208 8 237 21 70 24 227 31 175 35 182 11 52 2 140
274 25 243 9 187 17 111 11 136 18 133 28 153 4 57 26 114 15 232 1 206 13 112 34 88 24 12 5 168 22 18 31 194 16 107 12 8 19 17 33 116 36 173 20 159 14 110 39 49 37 192 2 56
275 25 268 12 70 7 250 28 56 4 61 11 223 8 195 38 37 13 125 39 68 36 222 9 236 14 233 15 11 34 158 27 65 18 58 17 5 21 167 19 5 35 24 24 106 30 88 10 40 31 34 37 242
276 25 223 24 45 4 181 15 130 5 248 25 89 18 35 20 77 35 182 8 134 31 89 12 185 21 167 2 79 10 105 13 33 27 97 23 197 32 126 3 202 9 57 16 67 19 33 17 66 22 11 36 149
277 25 229 8 158 20 26 27 84 15 211 38 241 9 228 39 202 7 119 24 44 32 31 5 104 36 61 14 75 12 184 6 180 22 109 34 62 16 190 31 211 2 187 28 115 1 241 25 77 3 178 4 177
278 25 255 19 129 16 20 2 183 26 187 15 64 39 185 23 162 1 240 17 203 21 23 22 177 5 19 4 224 18 70 25 36 8 116 9 49 33 26 28 179 30 205 34 42 38 104 36 157 12 76 29 175
279 25 239 3 16 2 223 6 120 35 177 36 88 25 211 18 10 17 165 20 33 16 65 14 243 5 161 11 245 1 125 9 19 24 37 13 50 37 70 21 30 32 249 23 7 26 57 28 210 27 197 29 15
280 25 244 30 228 26 149 33 26 9 134 29 29 20 20 11 104 38 26 1 153 7 166 12 228 8 43 17 194 25 119 31 135 22 69 10 175 27 68 35 110 24 83 19 225 13 182 4 60 14 74 23 50
281 25 237 5 212 34 117 21 239 36 246 39 36 2 231 8 11 19 144 4 123 10 119 24 138 12 210 35 60 28 249 11 214 30 66 1 83 16 86 25 250 26 82 32 116 17 173 3 7 31 142 6 179
282 25 247 14 150 21 20 22 175 13 199 34 170 11 103 6 180 39 53 29 171 36 56 26 8 33 88 1 100 15 249 19 224 28 28 38 130 3 111 8 143 31 83 30 110 2 86 20 46 12 180 4 27
283 25 260 11 248 28 145 6 30 18 110 12 22 9 69 38 31 2 10 4 159 15 3 35 136 26 236 16 217 5 102 31 157 29 20 32 204 33 24 37 2 25 37 27 9 21 223 17 183 30 237 13 33
284 25 247 23 103 33 97 37 4 12 71 19 145 15 225 16 64 32 34 7 142 36 188 13 90 38 229 3 19 18 77 1 180 9 35 8 157 17 19 25 23 10 113 20 107 29 67 27 72 21 29 26 12
285 25 241 24 162 20 91 25 125 13 72 12 21 18 71 26 28 10 15 22 78 31 28 9 130 28 181 32 63 15 77 5 111 30 182 4 87 3 114 2 237 29 183 37 96 8 159 39 39 14 150 27 145
286 25 229 27 59 8 240 7 90 34 200 33 75 14 7 5 71 18 213 9 112 4 54 20 123 19 229 15 186 10 203 16 10 22 99 23 154 3 181 37 221 29 111 35 34 26 175 2 191 11 49 31 110
287 25 272 38 232 17 230 37 111 10 115 12 38 13 44 7 159 24 228 3 37 16 244 34 168 26 190 22 173 30 4 39 201 36 225 4 53 27 177 21 48 29 90 28 141 1 149 6 148 32 48 33 141
288 25 228 31 7 15 81 1 23 13 128 27 118 10 136 16 111 33 227 11 22 34 113 19 204 21 97 25 152 36 227 29 1 3 75 12 102 4 17 9 216 28 221 20 111 35 239 6 132 2 134 17 81
289 25 254 14 164 16 118 18 97 1 94 4 169 31 62 23 99 34 12 38 97 6 208 36 212 29 138 22 192 21 247 39 241 11 72 10 162 5 171 8 89 35 181 2 13 37 195 13 220 30 83 25 31
290 25 238 6 7 15 144 37 116 28 27 10 167 25 136 29 48 9 217 11 229 32 147 7 27 22 230 14 32 36 49 34 20 27 111 16 148 24 104 18 195 19 44 3 62 2 13 5 3 17 11 30 108
291 25 229 36 107 7 121 12 221 20 16 2 38 17 83 34 168 27 180 13 159 1 69 3 173 10 242 29 207 30 245 19 114 5 68 15 142 24 82 16 3 18 27 23 48 22 176 6 220 38 170 31 237
292 25 247 29 61 3 126 9 119 37 123 38 158 21 247 4 53 32 172 33 116 30 216 11 5 28 8 27 139 23 160 17 35 25 245 22 188 26 172 14 69 7 68 2 7 8 193 6 107 24 1 19 160
293 25 265 35 44 14 85 33 35 5 128 36 58 38 32 15 140 21 246 29 185 31 160 34 92 22 174 19 52 8 208 28 73 24 130 7 18 26 196 12 45 13 16 6 39 25 192 30 73 3 99 17 162
294 25 244 16 137 36 43 23 123 17 189 31 198 3 178 13 72 28 79 25 249 33 210 4 224 22 206 14 130 8 112 9 79 39 119 30 229 1 219 24 208 6 133 29 21 34 34 2 73 5 51 37 239
295 25 277 26 135 7 217 16 137 35 79 17 137 15 174 19 155 29 128 25 201 2 30 14 183 10 85 12 84 38 42 6 233 33 61 37 241 20 16 36 129 30 126 31 109 34 113 9 59 32 187 22 214
296 25 242 14 184 32 154 1 191 34 206 20 31 3 219 13 108 10 23 18 144 27 7 12 46 29 53 39 93 2 10 9 167 36 180 30 6 15 63 4 116 5 234 23 2 21 216 31 77 37 136 19 26
297 25 256 9 140 32 22 21 90 8 46 38 153 15 194 37 108 1 213 31 140 36 16 14 138 4 214 20 71 30 96 39 47 23 222 19 212 22 156 10 14 3 206 33 220 6 108 24 1 13 235 25 214
298 25 255 38 176 15 65 28 156 35 29 36 116 17 21 10 189 16 62 13 194 2 16 21 121 19 153 3 60 29 241 37 44 20 61 24 48 1 122 32 64 7 244 12 198 25 115 33 217 4 85 34 89
299 25 263 36 174 11 37 9 175 2 39 34 28 32 195 5 48 29 169 37 248 33 53 18 13 25 248 13 158 39 98 20 112 21 226 15 29 10 208 17 93 4 133 1 165 38 202 30 196 28 146 19 196
