0 25 2346 274 23 157 175 196 37 299 62 107 26 225 126 133 185 268 174 269 71 153 106 132 142 252 234 68 159 217 48 215 145 91 241 247 17 165 134 265 228 242 240 152 69 74 86 186 247 254 158 51 111
1 25 1465 40 92 113 23 209 223 39 58 190 233 250 180 51 47 96 65 32 160 143 225 1 46 244 74 181 172 37 39 22 100 128 65 62 202 124 34 283 223 174 83 54 124 149 41 212 210 85 236 12 230
2 25 1976 231 135 213 114 108 202 252 29 251 81 44 214 132 169 47 173 253 72 96 235 77 21 65 228 261 78 289 97 16 101 279 148 137 243 161 245 244 14 125 244 46 70 257 227 190 56 99 243 79 46
3 25 1912 79 7 17 146 184 229 223 23 178 240 173 106 288 61 150 148 5 144 64 32 39 209 153 48 286 43 155 186 237 35 82 215 191 150 210 25 185 47 55 174 171 12 161 81 112 61 257 74 169 195
4 25 1802 232 221 94 69 115 48 157 1 238 216 123 89 27 249 68 111 247 123 85 167 136 197 99 49 57 188 255 80 58 52 164 29 95 32 245 45 288 246 78 77 113 100 167 91 200 85 154 96 109 88
5 25 1691 14 44 286 65 295 143 2 199 274 60 137 190 97 69 134 143 8 31 20 237 45 72 203 36 171 87 89 219 245 28 82 41 63 248 235 157 300 183 131 59 237 17 85 187 133 127 66 246 31 110
6 25 1928 69 85 97 42 122 187 60 66 66 193 58 81 191 192 37 42 227 217 163 86 299 97 172 83 25 118 248 172 110 91 233 58 182 206 195 243 223 60 237 81 192 227 272 229 120 100 147 219 112 132
7 25 2057 169 160 256 204 134 123 51 8 173 12 198 107 170 81 262 166 175 184 127 211 216 69 290 138 299 159 189 195 280 153 229 100 162 184 3 148 56 106 55 128 17 104 84 38 186 45 53 210 281 30
8 25 1655 222 196 198 163 135 246 72 24 92 153 76 220 2 89 203 55 88 61 110 94 238 128 197 24 116 232 170 118 193 102 99 167 98 96 129 84 243 2 7 87 54 134 158 156 175 61 112 162 123 73
9 25 2185 156 12 150 202 185 115 186 57 130 158 283 96 157 179 177 141 273 28 147 161 182 233 269 189 207 231 100 218 203 174 23 214 127 101 238 164 57 72 245 166 104 143 134 169 113 9 296 211 229 193
10 25 1978 289 167 1 69 68 69 271 191 243 87 164 21 39 153 236 47 26 231 262 81 173 184 67 41 98 227 88 109 297 67 203 86 285 4 54 103 124 27 295 168 165 60 239 3 114 76 49 241 106 112
11 25 1732 72 30 48 40 122 45 218 10 5 114 278 10 199 12 163 205 66 38 133 111 155 47 22 245 251 86 71 51 78 228 112 101 258 161 90 179 108 7 40 62 273 217 123 23 279 37 227 46 74 161
12 25 1839 156 131 159 30 177 209 117 47 194 127 23 245 184 183 236 164 92 95 54 6 267 22 78 89 100 215 168 46 240 78 103 20 137 184 97 197 200 145 208 146 73 80 256 114 227 22 6 71 127 211
13 25 1856 187 98 38 226 48 204 243 245 144 72 149 215 160 83 263 109 132 60 116 229 182 245 268 40 10 95 211 17 115 137 27 154 284 217 129 183 72 123 77 217 146 178 82 106 210 96 214 93 205 231
14 25 1829 122 87 125 41 28 36 87 38 253 152 26 131 255 9 147 35 92 221 9 220 237 54 249 118 211 8 114 76 3 220 256 24 208 132 264 135 18 51 224 72 4 49 52 210 258 151 196 101 221 104
15 25 1794 72 57 57 171 227 20 230 92 195 232 161 151 55 71 34 171 51 73 279 224 228 129 176 39 236 76 184 138 98 237 212 206 232 232 214 213 23 109 145 236 11 51 56 244 73 112 147 247 192 120
16 25 1809 224 71 197 114 158 222 147 98 171 233 209 77 180 192 108 93 104 233 201 98 170 163 199 227 7 73 190 53 20 132 174 145 4 171 259 13 144 5 210 115 90 220 243 169 61 202 113 65 36 166
17 25 1982 164 105 28 14 233 86 137 123 290 8 256 14 202 11 286 160 223 29 265 235 195 106 54 37 126 115 291 238 31 126 3 146 231 83 60 163 168 98 37 158 155 242 73 6 2 58 216 127 238 182
18 25 1629 161 183 89 64 21 14 80 161 203 162 37 108 108 119 40 217 233 107 166 20 116 20 13 138 75 217 297 42 43 235 25 55 67 213 220 89 78 102 150 181 213 138 290 70 8 79 238 240 287 155
19 25 1732 261 153 174 76 42 51 144 189 186 173 119 142 91 83 111 29 61 212 130 193 127 17 82 146 126 12 136 68 148 40 2 66 155 194 216 248 134 59 235 8 179 226 162 189 228 172 150 60 66 226
20 25 1853 228 149 174 154 60 211 171 207 102 250 209 167 207 54 284 56 137 45 191 146 223 218 45 234 56 124 57 56 133 74 233 111 72 208 166 131 218 86 38 122 87 198 140 245 1 126 189 170 286 244
21 25 2105 258 80 278 166 53 86 23 136 260 205 298 131 165 213 214 34 250 53 205 188 52 45 133 102 272 233 292 191 75 227 84 182 58 13 97 110 199 169 47 110 126 46 290 110 123 9 259 30 99 210
22 25 2008 176 231 113 197 115 106 89 89 132 172 272 239 37 71 51 237 291 149 196 168 245 39 209 54 84 165 154 163 164 88 45 178 236 211 184 124 99 217 247 22 8 183 242 8 269 35 206 14 152 202
23 25 2331 103 211 156 250 144 22 203 108 286 218 147 232 146 182 292 31 105 92 15 54 86 159 263 154 293 171 270 246 122 174 256 229 173 151 200 125 208 187 245 156 18 192 187 211 222 243 254 70 269 124
24 25 1518 283 27 288 36 21 58 5 66 30 228 224 10 52 24 10 127 34 48 123 39 68 114 78 130 237 72 134 6 17 4 81 101 182 119 87 202 28 43 117 59 23 140 219 124 166 180 252 149 277 24
25 25 2021 89 44 166 26 25 88 109 33 106 164 265 157 195 233 295 246 113 187 212 171 159 4 139 35 169 168 288 167 147 114 207 142 202 73 217 129 162 225 111 169 90 25 227 34 160 71 79 74 110 143
26 25 1632 244 168 46 85 4 164 252 42 32 248 105 238 40 108 62 56 36 173 33 248 294 224 25 120 158 86 141 138 259 50 30 152 269 27 88 225 16 223 189 22 113 180 229 224 236 217 149 220 214 192
27 25 2040 193 190 61 52 225 103 90 183 202 219 137 73 246 24 247 37 15 62 212 154 185 174 183 63 249 170 181 247 241 95 238 36 84 101 39 161 3 128 295 207 299 131 179 194 107 75 32 73 138 45
28 25 1668 128 172 18 13 186 217 232 217 63 25 213 3 162 48 155 100 108 157 28 153 113 28 285 243 21 243 167 154 16 54 99 143 77 18 205 163 134 189 29 49 165 41 53 226 288 107 277 148 115 6
29 25 1659 250 80 133 184 22 105 77 241 9 94 244 59 286 223 26 141 35 162 131 115 212 245 55 214 72 94 222 248 241 138 104 142 67 36 228 141 141 206 81 1 199 26 111 34 148 88 126 132 99 58
30 25 1859 296 162 2 2 77 123 248 148 173 188 86 226 182 104 263 109 44 105 164 124 55 112 200 15 297 147 105 125 281 203 28 217 236 230 93 60 143 32 16 80 259 147 235 222 5 29 76 68 154 33
31 25 1703 281 153 99 28 152 103 132 158 85 111 174 20 40 168 80 118 160 111 236 41 270 184 126 43 189 206 70 108 9 2 89 112 51 18 265 3 269 248 110 103 58 135 125 50 53 54 69 14 214 204
32 25 2266 207 235 188 232 229 178 239 99 287 247 250 127 60 250 244 74 5 164 223 116 69 133 201 93 182 155 96 200 268 161 6 74 296 245 257 126 72 195 274 160 194 74 237 3 275 180 29 131 144 203
33 25 1751 197 212 35 247 104 16 153 51 218 170 11 175 46 208 219 104 34 192 249 57 151 194 282 239 146 9 19 226 39 114 229 135 177 13 83 82 231 235 200 7 44 224 152 152 144 205 135 185 205 143
34 25 2113 87 48 227 228 296 235 221 123 261 249 260 139 164 92 220 96 29 203 45 185 218 138 97 213 242 133 49 49 228 135 154 112 291 88 159 114 112 71 71 209 27 115 30 172 193 232 268 227 278 35
35 25 1439 116 174 49 57 109 97 255 36 284 53 189 47 45 78 6 208 139 78 172 60 39 100 126 168 174 68 50 41 96 27 78 111 152 26 19 210 223 226 295 206 28 235 52 224 14 9 132 155 37 205
36 25 1531 114 77 4 91 194 29 8 143 70 53 21 247 65 73 24 33 132 246 108 129 151 137 165 55 11 129 63 144 83 1 248 98 277 3 238 173 232 197 53 101 199 115 110 174 49 143 220 109 223 222
37 25 1523 95 88 128 207 18 191 50 202 93 49 151 222 52 190 96 185 136 60 87 236 249 187 200 108 10 98 103 131 156 225 3 164 230 111 181 22 13 34 17 111 234 240 164 123 285 50 260 146 36 95
38 25 1582 245 224 196 204 134 246 156 214 51 31 268 105 44 148 68 27 121 130 60 187 140 96 78 106 170 12 5 180 110 193 74 4 216 172 107 249 217 13 215 219 195 232 124 190 131 141 18 2 22 230
39 25 1843 140 213 175 68 268 144 31 75 225 190 117 51 245 182 72 2 133 138 66 97 6 112 280 31 1 161 123 221 114 144 200 155 57 24 274 26 169 5 100 194 196 218 144 91 52 67 244 136 254 161
40 25 2231 282 59 72 13 192 174 175 214 194 38 210 93 293 66 218 16 93 89 22 145 284 20 264 229 110 215 145 155 250 248 165 183 108 188 296 99 163 220 65 107 274 51 254 41 171 21 83 209 79 92
41 25 1900 14 193 222 123 57 216 279 109 163 193 41 222 182 88 73 194 258 87 152 19 110 55 172 102 275 192 286 235 186 165 78 199 107 99 215 64 51 223 278 95 66 201 126 203 123 122 162 209 125 130
42 25 2095 120 179 251 121 255 95 257 189 30 73 118 229 231 168 53 145 283 54 170 210 100 85 63 178 139 135 199 1 144 173 132 113 4 135 286 158 279 244 299 8 66 18 288 96 36 91 192 18 196 61
43 25 1822 30 245 47 92 272 136 276 72 238 171 297 219 186 50 203 73 257 183 216 7 293 233 175 232 80 62 72 21 279 169 84 10 14 180 37 167 231 111 4 201 7 225 286 6 27 10 12 75 21 154
44 25 1794 207 197 35 236 208 59 9 188 177 42 298 242 273 150 31 240 182 141 95 233 47 219 20 102 246 180 117 157 206 87 12 163 135 46 150 142 256 210 280 183 1 129 126 74 156 165 162 196 159 246
45 25 1778 242 128 267 245 75 196 162 33 204 200 94 168 185 91 217 78 147 229 9 229 179 137 104 154 69 162 20 30 207 79 177 149 8 143 245 82 141 6 164 94 156 159 111 142 199 29 45 7 130 125
46 25 1776 188 216 231 93 286 142 163 67 200 91 143 248 48 86 45 81 178 100 44 73 57 204 135 150 2 65 269 99 222 50 173 11 15 55 3 201 148 217 267 148 9 62 147 158 199 91 288 126 93 33
47 25 1798 100 199 186 234 49 188 198 69 38 221 218 212 31 234 117 186 36 166 54 155 63 163 216 162 170 214 152 160 241 44 292 240 145 30 273 193 169 122 13 206 93 230 167 73 265 35 260 101 51 114
48 25 1738 107 115 128 72 126 197 187 28 258 179 273 150 270 17 179 94 61 247 215 173 4 57 54 220 182 69 205 193 71 57 206 127 171 35 250 197 82 38 26 189 118 248 40 87 115 220 80 75 68 246
49 25 1935 71 53 53 193 286 23 249 78 193 105 136 21 125 20 70 73 9 148 144 26 248 185 264 12 205 245 288 222 141 37 95 145 92 137 230 14 35 209 107 39 294 179 165 66 49 90 109 237 213 85
50 25 1804 234 98 250 97 52 145 87 75 185 25 169 131 216 7 162 132 41 220 40 81 66 218 246 81 118 187 100 127 73 115 213 9 212 212 157 65 258 195 141 194 172 10 74 189 68 85 20 59 255 109
51 25 1940 189 172 77 236 154 246 272 203 172 197 69 36 207 130 298 115 46 57 110 37 201 131 248 74 119 15 261 241 175 167 249 64 38 27 1 191 23 175 195 246 121 164 82 177 295 131 141 191 137 202
52 25 1922 279 187 34 78 63 105 44 123 95 119 289 45 26 72 216 196 58 162 191 80 125 74 8 220 154 149 212 243 202 90 79 136 219 41 140 212 215 84 180 53 80 113 280 51 299 197 248 108 109 141
53 25 1512 38 183 214 45 104 20 245 15 162 247 256 190 134 224 133 75 188 97 10 117 2 239 32 31 92 82 228 239 189 86 229 126 20 195 23 124 14 67 138 77 165 196 166 148 71 200 22 58 149 231
54 25 2050 77 150 120 108 182 111 241 111 1 229 248 182 107 168 176 229 91 191 95 30 167 210 125 134 257 98 186 181 205 84 61 181 235 232 140 116 194 180 29 145 209 126 228 217 243 155 195 185 289 215
55 25 1495 13 50 241 96 9 138 281 189 93 216 151 75 135 215 168 228 44 96 274 154 171 151 70 116 55 166 250 1 5 14 213 204 7 161 12 44 102 188 211 203 163 160 87 79 129 66 76 40 30 197
56 25 2223 92 51 164 199 167 213 99 121 179 14 226 235 176 240 130 170 91 68 230 45 82 42 233 10 20 199 285 46 238 14 94 131 165 7 279 31 121 130 253 149 245 30 183 20 271 13 191 214 232 71
57 25 1593 208 215 12 243 24 33 291 10 230 30 74 23 60 190 31 239 72 202 220 176 150 214 5 85 35 178 149 125 141 130 45 250 144 158 292 169 191 182 30 120 13 53 195 223 277 63 215 178 82 90
58 25 2077 30 97 47 66 31 74 14 55 266 245 65 88 159 159 258 199 142 137 221 5 167 227 285 243 141 152 23 24 293 152 270 91 217 50 164 82 254 81 126 205 298 15 106 224 264 97 160 36 153 3
59 25 1850 102 31 90 147 271 243 19 46 85 70 265 176 38 66 91 219 270 22 196 226 21 160 241 26 233 157 124 94 192 29 249 96 159 188 42 82 130 12 177 116 194 143 209 84 40 230 7 137 256 179
60 25 1863 46 246 204 30 79 225 148 57 173 143 18 212 286 49 143 247 127 211 29 170 53 100 229 38 141 108 146 227 165 24 224 13 179 5 16 210 281 63 168 106 107 85 167 42 135 162 240 12 222 170
61 25 1889 33 76 121 161 114 63 171 61 191 35 235 14 199 15 170 165 174 201 129 92 108 136 278 224 79 13 87 169 126 210 90 158 86 61 251 123 93 61 127 247 279 76 112 101 292 87 103 170 130 60
62 25 1367 55 58 235 84 272 122 204 149 81 145 6 116 255 78 168 180 20 29 95 249 75 25 276 138 25 17 27 27 138 106 88 93 15 73 78 186 44 233 186 126 77 242 42 184 171 209 13 141 89 157
63 25 1810 89 216 283 166 205 158 82 31 186 219 87 224 163 3 296 190 191 91 24 226 266 151 19 207 184 240 268 48 80 208 106 120 23 88 35 128 95 68 210 133 86 248 6 51 201 3 292 41 143 116
64 25 1910 218 58 168 187 167 201 126 236 298 157 293 155 176 218 242 162 47 89 129 206 121 116 56 76 266 56 178 8 98 22 25 65 179 92 3 195 128 180 291 184 223 45 11 192 138 222 88 226 152 195
65 25 1873 98 168 150 225 135 157 152 44 254 175 168 21 154 211 23 198 104 3 180 244 38 204 290 99 195 130 72 32 105 76 128 153 145 78 229 29 134 133 175 190 107 192 160 60 153 184 210 6 188 89
66 25 1698 102 76 242 93 26 186 74 49 169 179 124 248 133 218 25 161 299 161 193 23 50 202 214 161 11 218 246 120 126 234 8 29 59 101 173 186 188 47 284 206 177 108 104 111 127 130 125 40 118 47
67 25 1992 139 219 263 151 179 182 97 99 257 80 158 137 40 9 160 27 46 156 210 204 282 219 9 92 248 138 214 22 30 231 121 20 251 33 71 30 219 230 223 50 137 209 291 247 68 167 93 75 178 198
68 25 1901 258 99 6 101 246 195 17 219 26 249 189 96 50 171 68 79 237 88 158 59 46 17 227 43 187 45 111 174 286 169 122 41 171 219 287 37 188 15 76 212 35 99 129 163 218 72 245 154 219 113
69 25 1946 132 113 249 178 51 162 201 86 232 123 78 52 141 65 289 130 181 124 156 142 8 156 70 222 92 89 145 86 192 113 98 125 126 247 152 226 158 4 212 191 178 141 242 171 157 80 150 237 203 107
70 25 1892 278 12 62 199 285 103 137 229 188 130 192 238 154 169 136 157 296 95 213 159 185 240 126 160 156 106 10 93 66 220 24 180 21 108 32 57 272 187 80 161 142 50 196 51 195 90 215 56 124 154
71 25 1656 205 149 164 62 56 125 4 118 42 226 141 73 246 100 57 154 88 28 142 67 36 218 35 238 65 124 252 170 97 55 174 247 170 85 153 196 41 72 188 168 214 162 263 163 268 168 201 145 10 119
72 25 1827 134 195 237 70 82 53 193 83 22 41 39 245 138 209 231 242 54 123 63 243 40 126 205 202 140 22 222 90 219 81 211 54 27 249 24 160 251 168 244 22 9 82 218 246 242 150 187 46 223 151
73 25 1793 40 62 28 146 16 17 168 87 259 38 219 121 293 145 119 168 104 169 36 147 92 44 80 11 241 222 260 229 17 182 179 8 196 108 211 226 23 47 186 62 65 156 204 61 276 172 216 146 59 112
74 25 1702 187 152 41 197 94 14 259 122 182 140 150 140 87 209 145 47 34 67 195 72 78 9 77 233 71 205 56 136 200 114 299 139 267 40 137 10 153 145 31 37 287 232 76 223 90 70 70 226 138 214
75 25 1951 199 115 275 125 299 245 131 205 83 31 220 81 169 37 172 105 298 127 100 29 163 238 12 88 210 154 209 81 81 246 47 129 260 221 5 160 117 36 64 49 166 34 32 234 222 203 90 69 279 189
76 25 1774 299 241 78 61 130 238 164 188 18 194 83 214 222 144 136 28 104 205 113 167 255 128 202 86 63 75 189 153 94 219 93 92 60 221 102 139 210 217 227 229 12 111 43 185 155 80 263 160 234 25
77 25 1928 228 139 105 230 226 69 4 114 123 49 33 118 241 144 190 144 32 249 163 210 77 224 171 159 277 203 121 86 86 247 213 226 103 94 252 172 150 165 196 48 149 213 290 242 52 184 76 2 298 187
78 25 1790 31 221 259 203 81 137 105 203 24 141 200 87 216 154 82 19 127 31 36 23 281 134 237 220 228 91 55 92 102 243 273 102 277 203 240 131 6 164 23 207 252 91 10 133 209 139 16 246 211 196
79 25 1937 180 247 265 209 239 170 233 171 207 156 195 210 284 198 100 115 5 65 139 161 66 179 22 150 90 10 217 135 172 212 16 121 229 176 9 250 190 191 272 49 249 17 8 182 166 159 48 122 273 237
80 25 1737 234 138 67 107 240 8 217 156 45 240 120 110 210 198 38 169 149 179 211 70 127 159 135 193 255 143 190 226 266 76 109 105 195 216 46 202 84 2 198 173 73 158 133 20 47 53 20 75 65 239
81 25 1595 152 126 229 138 118 133 30 157 59 247 135 69 154 29 34 49 182 69 100 130 92 122 89 126 43 137 130 14 211 144 253 12 169 31 151 188 63 31 45 123 279 179 132 59 125 131 192 44 23 137
82 25 2084 106 111 164 100 297 143 14 60 238 116 73 157 198 174 196 12 156 40 185 184 170 76 18 230 152 248 72 47 229 194 85 136 257 148 286 5 240 99 16 178 89 186 265 114 231 176 219 23 212 204
83 25 1960 92 89 121 72 143 68 95 139 149 190 176 186 248 173 271 55 115 121 20 242 36 160 79 100 223 11 28 191 283 141 297 125 230 67 98 72 37 192 162 37 183 87 222 181 212 245 135 176 265 204
84 25 1878 69 153 14 47 104 238 207 231 181 90 122 27 16 203 45 113 174 33 56 187 290 24 43 170 87 239 254 162 3 210 180 107 225 78 211 14 284 43 144 75 266 172 292 218 117 206 293 149 80 70
85 25 2157 201 155 112 122 41 200 78 154 204 189 83 11 213 160 273 228 195 115 72 72 31 193 163 200 259 19 260 231 274 129 233 180 140 157 134 75 296 222 109 156 86 20 278 163 266 195 136 87 177 229
86 25 1715 52 126 289 122 220 198 154 45 276 239 167 145 47 9 80 173 255 103 181 162 90 200 42 154 166 38 290 154 64 20 105 89 8 128 61 208 132 107 35 172 33 152 216 31 212 197 204 18 51 236
87 25 1670 282 40 36 23 293 3 210 234 6 125 53 163 165 13 140 25 120 223 34 104 44 18 107 61 248 119 57 103 288 157 39 19 298 126 43 93 78 54 76 33 28 181 245 243 85 119 164 207 202 117
88 25 2051 203 221 124 13 19 194 22 223 233 28 63 52 178 38 244 20 265 248 47 50 27 127 44 19 271 80 140 184 39 91 241 164 78 205 234 23 226 6 255 206 269 106 283 58 152 4 173 1 272 27
89 25 2145 279 117 148 201 299 137 187 39 79 139 81 242 166 185 175 138 211 133 142 216 153 150 50 210 201 203 284 153 54 55 84 24 178 235 124 64 23 212 295 211 292 236 276 126 163 65 238 97 108 203
90 25 1813 199 7 54 208 109 58 242 163 214 148 294 197 73 121 133 196 87 105 107 31 265 98 68 242 126 82 258 63 28 16 226 124 121 134 135 31 177 47 194 226 90 140 249 213 75 194 99 129 3 29
91 25 2204 246 50 298 139 277 80 299 40 7 164 159 183 89 231 168 125 11 144 72 204 271 13 146 219 225 220 115 223 200 217 253 97 268 101 238 95 230 236 36 186 51 244 139 76 87 14 287 132 237 142
92 25 1805 153 49 87 71 74 56 237 98 258 153 101 204 21 153 91 217 32 26 52 17 76 47 187 17 272 123 132 60 155 168 252 209 216 38 129 91 96 216 241 53 170 241 242 143 49 58 226 26 61 194
93 25 1721 254 157 130 170 81 155 51 42 61 70 93 219 85 133 299 228 278 64 118 232 286 110 39 227 104 89 185 31 265 145 24 120 54 154 189 136 60 191 27 170 160 22 238 146 236 225 31 152 94 212
94 25 1895 37 55 202 115 210 241 251 40 57 146 14 76 1 19 266 138 278 156 16 97 167 187 86 14 240 71 191 172 124 184 185 212 91 137 227 100 127 77 290 83 3 10 176 171 225 213 198 232 129 46
95 25 1624 98 167 131 113 7 53 5 30 27 91 265 88 103 16 130 129 93 21 163 18 225 72 144 195 8 144 29 138 191 228 255 171 240 163 224 145 2 87 108 39 167 60 207 148 190 101 219 204 18 193
96 25 1616 277 63 40 24 221 133 102 210 76 129 166 196 271 130 71 67 74 222 3 231 63 169 143 19 216 182 19 234 188 88 29 114 1 18 238 223 252 141 132 27 70 150 175 192 279 95 58 202 69 160
97 25 2029 285 31 280 177 151 97 210 121 133 197 8 211 13 108 228 50 231 190 164 108 161 115 184 2 243 128 9 197 248 20 31 30 209 180 98 70 252 80 19 110 90 31 267 119 32 149 299 223 214 158
98 25 2029 284 228 191 137 172 171 48 168 70 17 200 68 208 231 167 180 183 146 148 242 237 78 160 7 261 60 107 83 175 215 118 104 57 105 276 29 152 95 249 118 245 148 87 204 130 103 33 214 100 180
99 25 1782 257 136 109 219 144 71 78 51 204 155 117 121 108 123 125 83 52 178 28 100 98 124 199 184 227 180 189 62 288 93 100 226 20 219 224 48 169 27 154 135 200 61 210 76 96 113 104 25 64 151
100 25 1863 198 14 136 76 93 176 187 188 64 230 140 241 233 9 161 156 256 80 35 211 66 34 122 27 61 17 39 214 143 202 116 40 115 4 215 10 79 104 247 194 283 186 84 217 245 245 252 176 156 63
101 25 2146 143 41 234 222 202 202 260 67 44 164 285 235 280 138 101 239 66 54 186 10 288 223 95 204 267 141 76 121 116 83 83 11 124 118 232 227 269 193 193 14 56 29 198 188 216 198 26 84 252 213
102 25 1689 45 239 38 239 193 204 230 120 274 47 2 108 159 177 175 140 5 145 33 48 258 40 126 155 227 94 205 5 127 58 19 121 198 106 61 192 60 192 161 235 191 115 49 143 119 241 148 64 275 47
103 25 2138 23 214 274 80 93 67 134 47 245 193 167 67 290 73 228 134 34 71 96 218 211 160 62 160 205 183 202 52 246 176 200 170 289 25 249 33 44 32 281 38 226 148 155 166 70 234 99 203 154 94
104 25 1954 272 67 256 36 128 112 18 79 15 65 204 214 86 244 138 85 129 181 168 59 221 44 127 61 77 10 211 229 165 156 203 231 163 240 160 224 109 238 88 123 143 53 208 87 243 144 215 175 162 125
105 25 2143 95 155 31 123 67 107 284 27 38 1 132 142 181 45 93 18 139 230 208 163 123 12 272 11 254 218 227 79 179 201 275 85 83 150 251 92 283 29 279 133 110 22 116 106 104 208 276 44 187 83
106 25 1380 6 111 246 29 73 100 46 49 80 176 54 10 82 103 162 223 88 142 53 220 2 226 85 59 229 244 184 22 283 218 279 143 64 210 116 115 105 16 94 233 165 199 44 249 4 106 91 99 126 62
107 25 2175 150 151 249 111 232 92 294 3 274 214 184 119 227 143 236 241 99 101 34 181 266 184 275 216 287 232 88 77 80 213 189 132 216 237 92 197 180 135 51 54 234 172 226 228 157 168 27 209 3 107
108 25 1899 274 87 231 141 273 214 129 102 294 243 42 27 8 78 118 6 57 4 9 162 254 244 235 131 222 43 149 148 152 53 204 75 189 237 218 164 46 15 145 238 56 223 198 35 40 155 93 96 163 55
109 25 1553 299 57 41 31 78 134 181 27 35 234 280 61 24 118 128 137 70 123 3 116 63 210 189 10 146 180 166 239 25 79 45 175 237 235 108 116 268 238 142 2 71 23 265 47 143 42 83 162 17 38
110 25 1636 229 229 299 217 90 195 149 105 135 23 35 31 23 15 107 90 94 83 88 167 206 2 63 200 196 247 212 136 291 140 85 160 79 31 8 185 115 32 120 95 231 194 111 39 34 47 235 116 37 151
111 25 1746 23 90 265 22 35 63 184 146 51 177 235 137 86 115 167 243 202 83 24 223 129 207 266 239 95 51 188 81 117 124 283 91 115 47 65 50 212 50 262 226 82 148 11 48 66 155 99 248 231 171
112 25 2180 226 237 189 116 83 239 155 164 107 80 146 98 245 145 62 194 108 213 240 71 39 71 20 101 271 235 256 21 234 138 292 211 232 76 60 220 281 175 277 112 121 176 106 167 139 199 176 51 296 239
113 25 1792 211 115 142 183 151 49 54 136 86 145 46 13 28 171 122 197 203 97 225 65 269 52 170 137 140 121 212 191 11 157 131 123 273 222 206 175 172 9 10 57 55 155 71 232 277 93 30 232 289 157
114 25 2130 296 57 8 217 293 98 89 156 290 99 214 22 72 138 196 129 112 217 287 223 76 141 227 46 174 155 38 3 186 178 209 33 86 117 150 130 116 40 85 57 298 78 212 85 223 90 98 242 226 220
115 25 2062 117 218 248 14 191 103 104 193 140 181 54 123 267 172 274 248 189 13 233 145 51 82 124 214 217 99 253 16 230 236 8 199 35 173 289 176 34 79 109 137 201 77 160 26 48 38 258 142 291 40
116 25 1693 215 4 208 63 9 73 204 140 60 163 289 195 36 79 83 11 262 11 19 250 163 45 259 88 171 8 28 178 149 18 67 216 73 126 180 31 299 236 123 108 98 213 133 41 39 244 105 51 114 6
117 25 1905 164 211 267 53 181 24 30 210 225 149 127 240 172 52 271 154 202 206 178 62 204 240 36 133 5 181 39 56 297 144 221 57 12 73 239 36 298 60 155 76 51 226 80 223 82 81 231 9 44 134
118 25 1628 51 61 221 233 15 104 23 120 100 116 292 108 28 65 96 15 271 95 126 75 21 178 203 150 36 82 230 96 228 165 238 236 80 154 191 2 76 140 170 117 147 97 33 44 63 5 138 138 180 58
119 25 1684 115 84 9 66 169 243 96 16 120 12 62 9 49 93 164 39 295 241 280 64 110 128 112 242 171 224 197 161 113 178 218 27 13 129 144 33 291 48 42 53 11 2 1 204 65 42 250 108 271 213
120 25 1699 217 199 276 58 71 151 6 131 13 185 101 241 197 79 134 181 1 225 79 44 77 191 47 29 44 13 120 43 270 243 157 186 43 34 296 13 84 1 244 148 238 196 190 186 226 174 67 28 200 197
121 25 1877 71 128 37 217 156 133 279 78 177 201 170 134 186 112 269 231 76 55 234 221 252 223 166 192 108 41 217 126 68 216 174 240 143 61 58 100 95 139 77 71 89 98 56 224 261 75 207 139 129 242
122 25 1984 159 182 166 25 273 75 167 89 251 235 56 124 176 248 86 134 180 22 128 3 110 76 258 185 138 234 93 228 162 186 137 44 201 213 18 76 79 209 228 215 14 103 241 112 189 174 211 70 247 38
123 25 1618 22 156 215 232 242 55 65 35 82 179 122 220 24 73 182 91 13 49 227 229 29 121 276 219 46 38 89 192 27 212 99 142 245 141 98 112 75 79 40 246 201 113 270 82 155 21 146 206 247 75
124 25 2115 218 228 147 95 296 193 182 86 184 58 50 83 201 46 23 98 107 249 229 196 96 179 260 118 262 67 138 60 72 137 186 241 164 32 285 161 224 68 99 210 177 100 142 28 245 116 127 154 116 107
125 25 2197 1 163 287 213 80 101 179 20 160 50 106 145 290 121 128 226 283 2 295 83 211 121 84 104 81 219 127 184 186 185 184 198 272 96 280 172 74 99 183 25 279 166 178 206 193 210 209 137 45 121
126 25 1922 58 178 274 109 208 44 287 141 281 122 27 129 243 222 160 216 48 10 148 74 17 178 42 44 283 84 105 44 121 249 114 80 277 240 90 134 235 227 275 66 53 46 26 105 7 23 166 106 299 182
127 25 1750 83 40 127 17 273 181 60 195 80 76 126 106 65 166 291 51 292 217 266 91 69 161 132 45 67 190 219 184 95 117 165 179 8 191 45 131 222 107 177 153 134 155 160 200 22 200 167 116 155 135
128 25 1642 78 88 29 97 227 200 180 71 216 247 1 74 139 147 256 160 253 84 164 138 290 23 87 11 173 87 127 241 104 133 25 181 70 156 129 246 105 159 68 22 47 45 165 2 55 19 238 220 59 27
129 25 2038 293 95 290 67 283 18 7 86 201 33 19 222 240 247 18 246 207 237 168 13 257 66 58 123 20 114 93 107 133 1 235 177 296 226 278 244 151 214 96 36 134 217 225 180 186 71 187 23 1 129
130 25 2046 257 108 151 26 221 243 232 54 94 219 282 191 194 177 118 39 277 133 184 112 66 1 239 98 186 211 36 160 250 186 238 6 140 134 135 117 119 228 153 20 81 29 289 169 7 174 105 69 39 157
131 25 1860 259 188 94 169 223 204 270 111 43 175 104 233 108 19 17 175 40 46 211 244 167 241 222 105 212 228 128 168 248 119 224 208 106 117 226 231 70 45 143 15 122 198 47 231 218 65 57 209 162 118
132 25 1784 252 128 10 75 234 73 205 112 40 154 32 63 162 239 87 219 153 32 163 217 103 210 115 185 78 231 192 88 194 59 90 23 220 114 207 193 270 218 284 24 51 199 35 139 30 121 208 34 154 222
133 25 1975 251 208 282 167 143 61 150 84 248 43 244 39 16 113 155 172 107 124 241 191 297 141 89 31 229 220 204 238 103 7 10 105 117 243 274 209 153 123 44 52 165 239 180 203 95 3 60 218 93 152
134 25 1935 215 235 42 247 64 213 200 103 117 109 12 24 125 54 247 235 258 121 230 112 37 218 102 117 220 148 121 131 217 66 232 183 100 25 180 165 287 31 218 54 139 181 77 165 87 75 149 44 195 230
135 25 1703 257 81 97 208 199 117 57 20 47 174 37 131 156 236 55 137 51 142 218 20 197 158 273 73 86 49 23 182 293 53 138 175 1 248 174 217 4 95 116 127 33 196 185 118 200 221 270 93 240 241
136 25 1951 189 148 41 113 222 226 11 246 59 5 200 197 30 1 144 5 217 249 251 32 228 185 229 62 202 179 134 24 121 124 264 12 56 124 42 134 37 189 292 243 289 190 224 89 135 28 105 234 180 189
137 25 2201 261 14 117 124 168 47 257 43 170 130 158 181 202 214 256 195 199 42 84 90 135 222 130 58 260 116 288 216 49 119 4 161 185 23 184 4 169 143 246 238 274 55 20 126 68 176 266 69 253 158
138 25 1341 205 174 89 13 35 154 2 51 272 56 17 108 130 3 11 101 145 8 140 18 163 210 45 182 135 65 219 9 110 145 47 124 29 52 125 131 158 48 189 125 56 218 127 118 68 123 126 8 40 217
139 25 2211 237 221 253 51 72 7 121 80 266 165 128 241 196 30 265 228 187 65 66 13 220 234 239 87 203 11 214 160 153 103 228 239 26 180 291 247 89 13 179 156 30 156 247 127 87 163 154 176 272 188
140 25 1517 98 205 77 237 9 189 152 119 293 5 81 180 30 23 278 18 38 206 275 167 214 23 43 250 288 248 25 116 219 113 16 25 291 104 34 229 105 204 72 9 1 154 90 130 79 170 199 166 27 126
141 25 2066 182 190 250 226 292 37 223 68 155 192 282 20 166 72 123 51 103 229 154 26 240 155 181 129 236 59 200 237 126 127 112 9 218 111 34 61 50 207 29 4 150 160 73 67 247 118 136 77 171 113
142 25 2107 216 127 293 147 65 54 196 101 129 24 114 138 144 174 273 104 275 31 132 28 182 244 2 199 227 250 266 164 277 38 226 94 17 20 240 131 188 231 154 13 93 56 69 15 60 94 98 243 279 236
143 25 1825 275 227 114 226 244 77 2 182 204 248 148 76 237 180 198 226 10 53 289 55 195 146 25 212 55 170 109 48 93 137 133 119 66 49 144 109 225 248 192 181 247 191 106 185 70 5 111 131 158 1
144 25 1807 87 152 146 12 115 201 283 73 250 27 62 234 297 27 132 193 135 9 142 129 289 138 169 46 22 41 200 84 121 209 34 208 213 82 71 177 184 205 133 232 11 216 280 189 150 22 75 108 13 53
145 25 1885 298 200 74 193 174 14 94 207 184 53 143 243 115 224 265 43 257 120 142 191 53 204 158 32 92 107 256 169 264 218 71 213 120 194 155 245 259 101 101 95 255 195 37 121 68 104 13 126 123 57
146 25 1714 216 27 110 74 10 4 80 65 224 246 285 244 108 6 190 215 200 98 15 52 94 171 47 131 141 16 184 203 242 58 59 207 36 121 230 95 226 62 62 249 157 146 194 116 253 235 30 2 35 246
147 25 1778 255 228 116 151 258 206 219 193 161 160 2 121 16 37 243 248 134 68 59 245 68 217 292 12 34 244 96 116 147 32 211 1 10 129 154 219 86 22 264 48 231 115 269 148 54 11 47 89 131 55
148 25 1916 133 98 123 176 211 57 119 59 272 117 240 134 117 99 64 222 268 50 145 81 147 127 247 117 177 152 78 123 290 58 80 174 157 152 49 218 110 119 178 83 235 217 104 168 182 27 85 83 22 167
149 25 2168 230 100 65 46 76 69 225 99 158 184 130 84 41 233 132 10 193 153 89 227 205 45 192 122 129 71 211 44 276 90 93 143 288 221 261 114 271 18 148 150 201 90 182 135 99 26 239 87 203 127
150 25 1890 143 149 271 117 277 241 74 138 284 152 79 28 194 168 48 4 82 168 23 79 169 76 168 51 112 118 176 200 256 180 76 198 279 98 66 157 188 240 171 243 25 1 186 142 98 141 223 18 113 1
151 25 1770 36 88 70 236 199 239 14 200 94 93 128 94 173 225 9 180 113 100 125 35 192 49 85 229 291 135 219 215 102 132 168 87 171 87 275 72 76 88 121 221 182 148 164 157 286 37 124 12 123 116
152 25 1906 11 208 196 103 194 65 17 95 198 134 183 220 121 207 241 148 114 118 130 61 32 186 285 106 273 71 131 134 103 144 248 98 260 215 42 209 148 224 28 170 81 71 267 178 134 185 157 44 218 244
153 25 1829 231 175 116 103 55 102 198 205 197 102 98 45 99 9 161 140 17 208 64 144 28 146 294 175 249 230 184 93 149 227 125 75 195 227 232 148 25 36 144 26 85 190 175 243 200 114 209 110 129 102
154 25 2111 287 76 68 32 103 68 264 86 210 14 12 34 289 108 213 22 205 37 207 151 291 192 186 33 144 2 91 203 132 194 141 110 224 212 281 139 47 42 110 178 143 68 240 114 24 76 72 74 239 62
155 25 2173 16 127 296 109 128 38 261 161 283 203 270 46 76 83 228 15 181 71 169 191 248 111 110 139 124 33 166 245 257 55 8 224 281 103 182 160 192 244 222 74 46 44 69 173 26 148 239 209 269 57
156 25 2157 1 68 117 110 207 242 294 124 238 202 228 245 25 210 299 108 171 190 203 245 64 250 88 234 173 15 284 211 123 202 270 223 271 36 229 28 278 53 67 231 32 212 108 144 62 115 214 54 268 108
157 25 1716 119 67 145 152 191 12 37 154 184 188 23 59 11 160 42 89 289 21 291 6 102 223 209 116 232 225 31 235 292 41 53 211 107 153 98 143 58 134 183 180 92 93 133 33 280 56 174 87 57 248
158 25 2017 205 167 65 87 41 147 123 35 287 76 147 224 34 101 121 78 209 154 110 40 297 204 31 130 237 63 85 12 149 93 161 156 261 75 242 1 71 164 137 10 291 233 133 174 134 105 252 194 211 113
159 25 1849 133 57 219 214 88 7 278 74 68 26 116 128 283 128 204 24 129 126 40 117 135 232 52 219 158 35 24 111 30 184 25 62 192 243 77 130 149 4 203 118 232 221 247 164 198 2 190 78 228 181
160 25 1783 95 114 62 146 133 21 82 156 131 111 141 206 24 32 150 151 63 49 206 216 18 239 88 115 103 135 166 44 115 95 209 209 137 6 91 8 239 48 290 101 138 195 124 121 295 126 284 145 182 201
161 25 1994 62 120 88 128 224 224 244 167 238 190 42 148 98 229 3 188 38 143 185 77 93 74 269 47 270 94 82 114 177 232 127 49 221 107 222 44 252 191 34 141 282 81 189 12 286 226 249 228 13 28
162 25 1832 123 238 251 41 184 120 34 65 285 63 98 211 261 218 67 134 114 120 226 47 161 108 129 49 171 64 176 70 144 40 147 216 78 247 56 61 68 241 278 52 103 125 214 15 145 33 49 58 102 74
163 25 2199 156 162 233 184 62 4 98 188 223 243 177 21 258 4 269 213 267 86 153 246 139 108 122 102 266 236 222 75 238 196 182 151 180 66 13 83 15 150 257 157 126 27 264 232 97 178 150 184 232 97
164 25 1733 22 89 18 24 61 86 209 184 10 248 229 144 149 209 109 111 143 225 162 150 233 89 228 96 222 25 275 171 208 106 267 232 197 85 55 109 72 115 42 181 265 171 24 215 131 134 25 123 110 38
165 25 1771 124 192 276 152 289 48 128 13 268 87 221 87 68 17 23 174 125 44 189 166 226 105 188 2 69 20 237 245 95 197 82 118 88 157 21 27 6 148 91 126 235 111 12 52 127 86 176 103 179 116
166 25 1840 221 56 72 160 209 140 230 146 36 174 192 17 241 229 225 14 107 81 161 248 8 145 208 19 149 87 156 126 89 186 243 161 14 71 150 155 295 140 238 156 217 68 32 180 75 214 91 172 21 87
167 25 2110 231 141 137 217 246 112 158 31 206 168 24 219 138 125 123 89 219 12 263 8 169 132 175 51 161 249 266 151 272 137 240 153 77 178 271 225 40 80 105 95 150 128 216 189 104 38 78 22 152 242
168 25 1778 281 22 23 206 24 184 156 40 186 78 276 127 82 54 5 154 178 196 284 135 92 83 214 57 223 218 97 150 91 200 144 222 71 218 279 247 101 84 136 189 13 63 267 94 18 221 198 246 118 83
169 25 1867 282 160 117 95 268 139 212 116 91 5 167 134 126 138 151 4 84 104 289 21 94 202 185 60 95 152 83 144 149 150 28 230 161 196 25 81 235 238 296 77 42 113 62 69 152 14 74 87 267 113
170 25 1835 9 112 64 143 224 210 94 156 6 145 257 33 124 68 229 50 50 165 240 195 291 131 259 52 252 112 15 225 148 34 139 8 145 2 100 20 164 46 125 19 134 153 63 103 233 215 52 147 254 148
171 25 2398 189 86 107 142 237 20 59 214 220 92 152 77 288 6 227 108 269 22 284 189 163 67 193 227 119 176 291 20 24 44 70 163 282 76 256 118 247 214 283 16 105 85 293 245 292 69 4 112 142 87
172 25 2276 200 106 156 242 32 174 269 125 196 193 70 65 257 1 192 112 21 188 226 153 4 232 189 148 180 68 281 141 211 220 142 216 175 136 49 250 254 23 147 198 245 211 295 54 218 217 244 193 299 174
173 25 1830 10 46 202 90 63 134 132 223 253 226 290 179 38 179 16 63 277 166 157 138 71 203 193 38 270 136 130 141 186 6 100 181 59 141 45 242 225 117 297 50 58 125 12 196 79 110 230 144 268 219
174 25 1735 267 120 13 204 139 101 84 31 86 41 81 167 299 223 61 140 97 30 38 96 187 63 109 84 217 40 145 48 135 212 18 201 282 231 55 222 283 88 205 168 130 85 136 128 157 99 169 104 78 57
175 25 1789 51 16 119 112 102 187 151 246 285 185 110 102 86 243 84 40 66 116 29 170 186 60 6 71 37 15 269 157 220 148 163 20 166 183 233 217 120 133 264 206 125 159 205 217 293 196 33 60 176 54
176 25 1755 295 85 60 16 173 174 36 29 193 36 44 14 51 128 147 119 299 231 84 54 100 9 63 56 175 55 203 109 164 230 65 161 266 174 226 38 149 63 19 193 198 12 6 148 189 54 68 238 237 152
177 25 2106 93 36 60 105 144 236 261 148 245 227 228 211 87 43 184 164 83 184 76 101 176 176 162 183 25 102 189 43 41 225 244 84 212 103 288 55 249 203 284 175 132 244 263 224 279 76 106 14 101 108
178 25 1469 41 78 171 26 203 173 214 45 65 88 238 48 1 192 56 131 186 160 67 62 91 112 76 166 193 151 24 206 253 31 99 131 152 74 33 126 37 177 240 126 16 138 126 59 75 133 89 112 192 57
179 25 2199 125 234 69 202 200 111 52 73 18 6 203 216 186 56 239 120 281 77 48 123 152 163 162 230 173 188 262 12 299 6 168 175 288 126 138 50 229 62 284 17 133 220 172 74 191 105 150 89 177 102
180 25 1934 53 190 83 176 77 44 239 27 249 208 1 140 146 178 145 108 189 62 141 207 47 12 178 170 253 234 71 143 62 124 295 1 206 170 227 100 158 153 250 166 105 139 213 234 18 157 191 208 271 134
181 25 1779 264 19 145 43 290 199 27 210 91 88 184 86 291 241 57 169 142 167 22 192 34 128 32 246 212 199 54 54 6 176 237 69 144 184 214 85 240 45 177 179 180 114 121 220 70 140 162 136 163 205
182 25 1491 69 190 36 166 3 187 120 59 142 95 197 13 91 30 76 225 116 67 271 42 202 155 18 24 126 59 187 112 21 241 282 162 278 198 115 164 219 225 8 165 170 55 53 197 168 115 4 109 11 56
183 25 1437 215 130 179 90 238 115 253 58 7 85 122 184 34 136 98 102 10 57 116 32 26 173 84 224 104 51 240 157 161 2 64 125 134 244 115 171 58 119 81 166 53 152 100 188 189 49 89 100 105 157
184 25 1846 281 132 79 115 7 234 67 248 92 28 299 56 54 232 149 70 255 9 39 85 74 243 288 125 228 25 69 177 81 227 209 214 155 125 20 140 144 167 232 21 68 187 176 249 287 196 205 95 134 41
185 25 1827 71 228 278 97 8 205 272 229 133 102 205 244 66 112 118 87 251 111 206 234 83 225 72 109 275 109 106 180 55 141 170 27 18 200 224 26 104 245 289 198 110 232 115 23 4 24 264 159 157 146
186 25 1948 233 29 56 59 39 113 138 43 203 208 270 223 207 45 298 162 191 205 102 88 64 85 55 37 186 108 12 199 18 20 246 102 200 154 260 138 266 148 83 121 157 204 193 215 48 90 176 138 196 128
187 25 1774 177 159 212 131 47 99 40 60 49 59 30 95 110 81 100 172 219 115 271 103 285 127 156 77 293 155 118 68 244 163 197 220 24 111 103 72 9 144 232 108 3 63 104 214 255 237 263 119 7 65
188 25 2034 56 135 222 134 177 126 154 247 119 166 293 91 241 5 93 13 266 38 46 173 40 160 178 56 102 82 292 117 202 51 131 7 287 5 164 130 146 212 151 13 141 204 261 235 118 176 74 165 114 74
189 25 2125 229 21 125 210 112 241 13 214 124 222 201 28 14 216 259 209 127 111 221 32 53 26 194 139 145 169 163 109 170 228 82 98 148 159 209 161 251 22 225 126 295 125 105 58 292 116 218 118 276 190
190 25 2003 51 131 166 245 169 12 115 133 173 87 110 6 186 107 264 195 268 17 68 244 144 162 120 101 121 161 116 188 280 43 227 130 223 194 26 44 258 93 226 30 229 36 135 214 44 51 260 113 27 106
191 25 1848 12 90 177 12 260 189 179 199 18 224 28 50 296 223 125 41 180 219 117 59 49 104 196 213 299 246 174 62 214 3 119 177 92 196 41 104 86 221 204 54 44 81 203 90 154 127 282 185 148 50
192 25 1925 94 196 53 41 110 204 86 84 165 51 236 135 27 29 82 17 234 168 38 138 271 33 120 73 224 123 251 206 98 5 255 46 160 45 155 213 80 138 179 130 125 213 208 206 295 77 189 62 116 178
193 25 1907 184 198 198 58 172 222 58 127 31 208 183 135 253 242 159 56 110 47 234 91 173 199 199 178 193 227 69 6 92 248 41 89 95 48 210 69 257 238 151 66 221 38 168 64 218 227 70 30 75 105
194 25 1794 70 199 5 20 127 99 296 197 54 137 144 196 178 41 293 87 111 250 177 11 217 249 200 87 162 218 163 33 197 39 90 218 287 144 165 243 85 161 148 74 7 144 101 247 38 89 159 89 115 171
195 25 1799 256 13 71 92 177 38 6 209 136 44 248 205 32 194 294 97 131 109 283 54 65 128 206 163 66 144 23 204 11 244 59 23 264 50 201 203 155 10 90 200 232 104 40 30 39 20 238 24 275 55
196 25 1567 101 230 219 16 23 142 270 133 135 178 58 198 178 160 84 21 89 84 232 84 267 35 173 46 174 244 83 97 68 237 47 147 56 13 22 49 182 106 183 11 215 130 190 125 31 224 45 71 9 76
197 25 1805 4 175 163 129 120 36 22 4 34 142 143 230 88 250 44 11 298 177 267 230 238 183 211 129 209 91 204 156 212 231 166 138 146 209 230 120 63 63 61 55 95 150 206 238 203 165 79 34 104 61
198 25 2052 44 184 272 186 238 227 198 101 9 215 139 104 261 197 133 230 61 98 292 167 242 241 222 229 251 126 245 131 100 44 104 234 115 189 71 91 88 221 99 203 161 2 215 110 187 246 220 134 137 139
199 25 1684 275 77 210 205 30 188 50 62 146 101 5 100 34 71 140 56 261 230 179 162 234 41 165 198 250 51 45 122 84 131 58 59 171 13 40 8 264 52 154 164 258 55 129 46 157 91 25 135 4 58
200 25 1869 126 119 157 75 219 151 48 205 133 57 164 44 128 228 183 135 93 186 40 57 94 144 258 124 240 14 166 66 201 170 274 176 90 82 152 160 83 150 114 217 208 80 110 185 107 43 170 200 180 159
201 25 1866 208 125 155 217 298 196 30 166 161 230 137 236 7 178 68 211 37 152 110 53 168 167 232 128 104 40 22 125 289 101 285 198 226 39 164 75 284 246 190 97 175 28 82 84 55 1 144 42 102 5
202 25 1893 46 20 73 179 247 226 118 20 200 59 220 235 158 95 75 22 172 211 267 113 7 93 191 240 126 95 41 71 88 244 25 35 163 98 213 11 83 30 277 193 152 111 150 198 287 71 219 47 189 82
203 25 2053 155 134 222 195 259 168 87 232 58 30 56 42 195 5 207 155 230 139 287 56 281 38 118 130 185 104 53 56 253 93 187 207 126 210 153 137 77 141 168 134 271 25 128 65 180 134 161 124 9 218
204 25 1602 54 246 235 185 83 190 39 138 94 182 176 103 157 85 105 43 163 246 212 49 118 37 34 168 261 106 30 184 65 47 87 162 133 173 44 72 112 233 68 193 260 70 51 146 96 209 271 107 257 140
205 25 1686 245 184 173 14 144 179 143 177 45 139 15 6 139 102 147 200 186 14 146 83 195 41 108 40 151 231 48 209 22 95 42 45 158 237 175 53 165 169 93 31 224 166 70 127 112 169 263 77 163 208
206 25 1633 9 209 50 118 150 201 197 159 72 191 153 68 151 139 244 203 6 14 47 36 189 12 57 166 175 26 228 151 290 185 11 100 136 131 299 86 32 45 147 205 188 249 172 90 139 117 44 244 80 240
207 25 1818 132 169 154 238 234 178 15 163 31 6 299 91 205 84 23 53 170 5 150 16 209 139 14 83 178 104 221 98 131 110 231 99 215 170 84 243 185 196 273 142 46 115 249 79 88 3 48 192 52 115
208 25 1682 102 192 180 84 69 84 285 141 183 65 103 113 265 167 34 150 11 20 147 183 262 192 100 10 70 87 112 18 80 66 284 233 159 214 167 130 299 53 20 181 17 224 45 131 191 28 132 151 48 78
209 25 1926 236 61 169 85 22 38 273 183 107 4 100 141 36 209 6 154 290 104 156 209 184 174 183 30 256 175 57 37 77 206 64 214 268 132 150 39 170 172 174 178 277 173 118 13 283 125 18 172 178 224
210 25 1727 33 113 149 17 92 155 143 51 191 219 108 55 35 226 238 184 64 59 58 87 187 234 262 156 98 94 231 116 268 8 41 202 221 189 18 114 45 10 264 136 130 22 242 114 147 181 100 112 90 209
211 25 2261 199 226 294 60 83 142 155 13 259 224 173 151 225 243 291 142 208 136 153 122 23 83 295 16 198 93 246 49 154 185 257 152 62 51 263 245 94 68 209 4 81 6 216 75 196 209 133 183 56 55
212 25 1731 96 250 72 193 242 118 94 45 104 100 199 166 52 111 62 147 278 120 21 203 205 138 27 203 248 161 187 159 266 144 15 65 149 6 32 44 103 86 43 201 53 247 161 216 191 187 263 139 299 2
213 25 1816 68 1 249 178 38 108 244 233 113 110 47 213 266 229 6 120 101 70 70 247 32 187 289 72 173 181 184 12 82 85 229 184 186 58 73 243 201 5 7 11 152 172 228 132 77 97 299 29 218 120
214 25 1854 175 249 106 164 171 178 246 6 191 129 43 69 63 78 77 85 122 129 292 130 291 243 251 218 176 80 16 124 8 35 293 133 234 150 98 206 127 93 13 118 174 5 188 136 34 16 207 145 113 87
215 25 1824 35 107 37 205 182 216 72 57 124 7 151 206 42 50 155 97 127 47 209 96 122 16 83 107 101 149 231 8 143 43 94 29 50 230 285 83 298 57 90 121 165 142 178 56 292 132 102 170 280 162
216 25 1829 65 2 77 147 210 80 245 240 237 189 183 180 120 34 211 154 18 58 212 209 80 226 151 207 33 42 288 136 11 220 248 77 121 76 273 32 5 120 222 241 160 156 22 229 139 33 135 8 192 46
217 25 2091 67 222 174 169 228 108 162 118 144 22 39 41 298 11 218 172 292 123 291 63 215 201 68 89 181 8 221 15 166 164 113 84 135 138 252 165 295 63 82 238 36 72 85 82 198 56 73 220 149 38
218 25 1934 86 149 105 124 231 115 46 46 280 10 58 65 44 95 266 160 141 230 43 179 165 114 258 49 295 155 106 170 274 154 157 12 4 211 185 185 127 231 232 56 192 141 172 87 187 37 197 27 18 39
219 25 1684 5 32 153 13 182 199 117 240 18 143 293 74 254 149 187 140 35 63 172 16 171 63 58 192 50 94 231 146 22 198 184 177 88 41 115 137 209 104 4 53 199 180 56 247 116 198 281 230 169 48
220 25 1671 102 232 55 244 33 250 126 128 71 225 213 249 58 203 189 23 39 200 26 194 252 76 23 208 222 40 57 104 122 175 251 173 208 57 118 240 158 193 269 129 120 234 77 177 286 18 101 126 167 29
221 25 1758 169 218 154 44 177 176 185 33 81 56 210 134 229 169 140 246 109 200 41 229 278 60 114 56 88 249 123 139 226 39 67 147 159 122 142 135 99 226 20 30 84 181 263 214 149 204 9 153 201 88
222 25 1890 232 12 251 138 252 2 160 90 79 101 258 225 59 81 66 195 80 94 216 9 227 246 273 190 45 78 150 203 81 203 242 164 214 145 101 165 98 113 56 76 213 65 153 23 46 168 167 125 61 135
223 25 1831 135 89 30 7 28 76 284 130 179 166 32 22 180 45 116 232 162 15 44 167 141 56 282 243 79 12 249 103 75 133 37 213 164 195 193 190 230 222 220 148 153 91 29 97 259 60 258 123 104 177
224 25 2151 115 61 260 57 193 238 121 91 292 45 223 130 59 188 274 201 127 55 72 196 52 224 189 30 73 247 140 182 295 108 236 7 267 194 49 206 214 41 47 10 215 26 219 53 151 69 179 6 241 227
225 25 2112 157 214 165 89 288 213 180 170 183 124 77 218 82 246 212 81 203 127 123 52 37 88 127 5 90 130 175 170 187 165 296 45 31 112 83 70 274 162 139 7 268 76 269 113 289 51 17 216 273 68
226 25 1930 254 110 197 60 151 126 134 21 112 1 218 156 83 130 41 152 155 52 291 163 189 8 89 159 72 77 59 238 294 231 106 97 93 52 206 43 279 242 165 242 92 183 99 74 264 139 25 218 193 217
227 25 1804 233 83 24 221 41 47 149 199 235 43 181 192 141 223 145 249 268 225 190 134 16 231 18 214 206 81 5 130 151 247 49 235 29 24 155 171 271 205 219 207 249 149 100 192 124 94 240 193 170 179
228 25 1554 26 135 161 244 50 166 76 6 47 178 54 95 112 182 219 218 202 189 125 72 197 123 23 246 214 148 291 3 40 110 33 17 96 43 212 147 258 140 3 105 69 6 151 183 190 169 250 243 9 26
229 25 1989 67 205 199 239 200 64 286 140 69 77 49 201 193 196 46 57 93 155 196 245 59 114 202 162 143 80 198 236 91 73 52 95 273 242 195 137 177 36 257 55 237 209 249 82 154 55 224 209 70 69
230 25 1808 16 224 280 113 166 162 160 201 152 85 254 146 207 195 92 145 73 180 103 227 216 112 78 147 65 132 23 225 234 44 44 51 167 125 263 233 136 73 235 189 109 239 237 165 85 80 162 60 59 64
231 25 1813 38 74 175 215 73 192 297 245 16 182 238 61 282 157 186 144 189 73 118 25 164 76 115 50 293 150 179 106 161 138 221 198 263 196 13 135 139 111 181 6 94 19 17 125 27 104 70 17 78 40
232 25 1855 141 141 217 156 92 59 207 23 166 217 12 37 264 74 234 178 9 72 88 41 277 181 59 245 7 187 50 129 103 228 68 244 120 134 251 12 245 9 286 60 275 147 248 240 270 31 18 30 4 57
233 25 1742 271 133 90 231 129 98 218 179 276 120 6 143 15 125 27 67 88 173 225 123 132 49 121 32 241 91 12 160 172 118 194 250 59 125 228 107 244 8 234 115 163 77 82 140 55 248 179 127 23 204
234 25 2253 260 223 124 241 265 16 155 124 138 124 192 131 125 52 57 202 52 62 194 217 222 148 215 76 245 194 104 69 149 115 292 72 258 6 290 112 282 29 137 25 261 61 226 118 64 86 69 175 131 37
235 25 1710 149 2 86 215 79 33 260 232 101 8 48 244 132 155 152 121 168 83 299 204 57 159 264 34 28 128 271 199 52 101 87 52 173 17 230 155 26 113 107 136 211 101 17 67 102 39 135 136 187 138
236 25 2054 94 197 154 229 277 131 150 227 284 50 263 86 187 102 135 191 79 248 264 160 250 180 226 53 168 160 88 6 233 55 103 111 83 135 260 59 18 212 273 3 115 10 6 99 52 185 298 201 48 107
237 25 1851 52 80 183 206 299 94 293 155 295 127 211 99 88 143 99 53 201 110 275 5 226 136 227 188 47 74 40 44 233 144 225 217 49 124 160 94 80 7 70 190 55 207 34 88 8 236 190 67 62 94
238 25 1910 45 248 56 221 237 152 246 128 248 178 171 22 44 120 95 56 13 24 162 182 215 166 291 100 205 198 87 194 116 49 240 210 148 45 130 36 97 76 163 244 5 184 267 101 253 12 17 137 269 150
239 25 1788 254 86 140 153 141 189 40 236 5 240 225 14 87 170 46 172 68 223 136 63 177 119 129 177 173 190 84 241 229 2 91 232 288 30 186 130 119 75 165 23 164 240 38 52 61 183 275 228 255 11
240 25 1913 290 84 31 218 160 106 60 46 196 188 47 236 221 236 268 6 265 188 83 82 12 98 271 199 132 76 210 138 136 199 21 67 68 83 174 27 228 119 166 26 107 86 164 74 244 228 211 126 61 72
241 25 2031 23 231 22 224 113 105 100 72 43 237 272 65 205 140 47 178 218 126 147 84 104 3 221 117 78 66 146 188 241 107 261 16 289 232 141 102 187 140 175 181 279 249 95 133 290 244 207 221 159 192
242 25 1633 74 63 15 90 240 130 186 29 223 244 291 40 132 222 130 33 210 122 160 90 100 158 37 84 99 32 46 107 252 204 78 118 165 167 57 196 54 237 120 149 77 9 81 51 65 210 112 124 263 133
243 25 1752 40 248 131 221 94 238 24 49 38 151 167 204 270 125 99 75 62 119 190 229 104 240 69 18 52 182 144 55 194 228 242 109 166 87 298 139 135 187 42 51 92 163 276 242 137 139 160 62 278 191
244 25 1972 15 68 59 235 71 91 130 25 236 57 270 29 167 185 216 175 150 2 116 152 145 228 229 87 67 67 298 128 47 238 293 166 279 136 89 158 12 24 164 131 253 231 115 19 246 239 220 150 57 22
245 25 1789 144 134 102 182 119 230 278 217 267 172 282 215 52 119 153 9 180 179 74 10 181 156 26 249 266 221 22 242 48 158 93 230 59 13 61 138 231 129 109 212 212 80 122 61 276 196 170 8 51 245
246 25 2019 159 154 161 79 108 34 72 6 241 66 237 150 231 147 87 11 127 198 73 72 204 70 281 215 97 128 136 207 278 233 215 234 295 245 41 128 66 196 169 83 184 70 263 132 6 24 59 155 248 80
247 25 1522 164 1 201 46 117 200 123 203 106 2 87 72 85 131 66 176 60 83 21 30 215 5 199 178 136 57 1 246 261 150 26 176 150 178 71 69 27 245 23 32 97 159 255 83 241 122 58 250 254 231
248 25 2185 280 221 87 230 150 74 186 52 220 99 201 247 74 202 274 97 120 51 193 142 184 41 250 139 242 10 31 42 216 111 221 138 247 50 37 21 88 40 192 36 190 188 111 191 161 7 163 13 252 204
249 25 2022 149 92 6 39 265 147 296 188 215 58 160 204 155 12 242 127 231 170 186 72 257 246 163 69 55 75 134 156 80 232 297 87 20 212 84 21 9 23 286 216 235 41 122 246 133 50 196 213 69 131
250 25 2105 287 177 128 149 298 82 225 31 239 56 164 86 193 235 249 126 5 57 50 92 224 234 233 196 279 217 97 126 231 66 6 167 294 234 117 191 67 93 173 6 149 186 293 41 22 91 68 129 120 224
251 25 1910 101 204 21 81 272 118 57 53 283 64 171 128 299 238 19 66 80 141 71 228 279 115 20 200 55 137 130 55 256 150 278 108 105 49 238 227 116 246 31 200 160 201 177 208 188 247 275 120 138 47
252 25 2410 299 168 211 69 167 115 157 47 71 62 298 49 271 104 99 61 282 114 6 62 115 217 265 93 127 154 290 151 223 227 198 222 294 108 292 112 73 198 260 95 12 159 243 132 163 91 196 56 208 72
253 25 1564 268 222 215 194 127 4 195 250 82 42 23 77 199 214 90 223 213 50 218 226 110 62 10 174 5 3 220 60 54 77 234 122 50 148 115 228 103 159 277 84 100 151 51 114 99 25 29 100 42 204
254 25 1558 10 6 13 83 16 52 71 119 130 154 90 231 203 55 159 155 265 37 188 117 238 249 167 153 48 91 81 149 85 187 8 40 149 243 151 116 96 71 37 228 277 76 260 229 82 120 184 149 109 223
255 25 1700 215 48 72 81 150 21 123 183 169 57 119 79 48 69 73 98 235 170 171 21 197 97 148 59 25 32 130 60 80 38 83 194 35 4 126 137 76 148 219 44 207 39 224 4 107 146 152 143 216 224
256 25 2281 115 64 220 65 124 246 296 4 256 127 191 190 172 228 295 47 214 170 184 65 202 72 289 208 130 36 111 25 3 134 141 17 103 205 290 198 105 28 186 44 251 113 240 97 128 109 243 111 74 96
257 25 1897 34 212 103 165 97 213 241 52 96 182 18 150 288 159 100 140 54 156 269 241 150 70 205 241 218 32 212 142 223 108 127 86 262 191 184 225 282 235 22 15 104 174 102 63 123 141 268 28 12 158
258 25 2174 279 81 162 70 200 143 269 212 286 43 271 14 30 182 256 163 158 37 232 153 103 205 205 67 77 147 284 206 258 141 185 90 154 104 192 98 24 103 83 18 25 98 47 56 254 159 166 42 149 195
259 25 1680 113 3 1 229 231 97 136 107 105 170 196 161 75 87 108 100 141 93 167 165 240 113 173 93 224 90 135 133 238 181 45 242 174 172 177 88 157 83 142 79 81 202 55 69 12 155 112 154 123 228
260 25 2028 245 236 252 38 11 241 24 93 30 204 288 221 236 13 142 162 250 51 297 243 279 79 47 183 99 108 289 210 63 62 290 57 199 191 196 109 34 219 151 13 224 190 159 54 77 223 103 129 71 146
261 25 1851 157 249 44 42 49 151 230 59 163 143 221 41 240 117 251 173 87 54 88 63 43 123 273 47 99 197 51 228 117 48 186 217 91 229 116 93 161 226 253 27 78 96 246 96 89 32 228 196 142 100
262 25 1613 119 40 100 15 192 27 34 240 15 52 30 45 19 173 105 46 129 58 72 108 188 203 50 178 287 249 255 32 42 106 2 133 55 69 74 34 252 63 198 205 95 42 174 167 299 71 247 158 193 5
263 25 1968 212 232 159 11 211 145 109 17 277 102 172 128 84 26 196 160 199 222 58 54 16 52 279 234 250 149 133 207 291 237 268 124 247 230 92 91 120 192 223 197 178 149 45 187 9 195 60 217 48 226
264 25 1921 18 178 261 169 177 43 75 219 181 94 93 28 73 78 219 163 280 138 7 202 186 234 102 180 270 11 225 179 229 224 156 198 117 116 30 211 90 48 142 185 92 119 20 39 272 149 276 228 252 213
265 25 2134 161 154 195 232 164 221 262 94 194 120 141 197 38 156 76 248 297 74 139 181 115 59 289 236 149 60 184 226 136 189 241 183 82 106 153 194 299 198 265 239 197 202 46 22 42 197 190 24 214 50
266 25 2006 64 99 249 224 35 224 222 14 213 112 246 96 69 200 141 17 105 5 196 6 250 119 157 93 266 48 118 31 197 131 81 197 256 167 21 170 88 36 284 151 282 179 183 70 135 32 26 91 129 84
267 25 1727 92 248 40 136 65 39 3 47 85 234 127 82 139 194 54 108 133 139 141 134 122 222 254 107 143 41 290 118 283 119 51 27 218 192 12 234 30 15 80 217 250 56 200 140 251 105 298 84 93 40
268 25 1859 269 67 111 22 23 153 62 162 173 147 182 175 223 99 169 84 132 198 263 16 249 19 15 189 171 19 138 54 164 179 222 32 190 246 204 194 9 217 118 55 149 93 27 49 261 61 183 110 12 195
269 25 1750 26 13 65 142 101 36 163 90 189 126 68 63 207 59 58 212 203 216 128 22 171 128 164 247 27 26 209 11 86 123 105 113 285 122 6 187 157 118 126 97 245 43 259 1 254 68 64 58 134 242
270 25 1541 279 156 271 193 4 249 18 163 9 205 185 214 69 21 35 25 57 93 294 232 39 89 126 200 141 79 117 5 286 50 148 67 5 68 159 209 167 78 273 177 135 109 40 53 129 76 29 187 68 173
271 25 1569 118 209 261 145 208 201 126 174 57 63 26 154 179 30 74 239 90 242 17 164 218 201 22 58 105 2 135 34 138 5 156 207 113 68 54 222 268 29 95 75 93 220 280 72 202 153 60 43 44 228
272 25 1579 157 62 30 80 271 135 184 57 20 223 111 77 132 125 94 235 46 13 115 93 137 57 12 19 230 15 221 142 8 167 216 80 251 47 80 208 156 203 19 184 36 245 227 70 91 89 86 183 228 194
273 25 2132 46 46 274 213 68 167 122 234 287 89 165 239 285 214 177 115 124 184 269 42 217 4 238 193 275 80 234 210 114 13 103 210 60 178 127 94 95 63 233 233 273 219 43 250 283 66 3 209 150 208
274 25 1839 48 94 32 28 29 91 241 91 246 202 52 23 125 181 19 221 245 51 205 71 275 24 165 74 158 132 109 61 192 10 270 140 53 2 67 34 144 159 126 39 211 78 214 187 108 132 110 102 234 64
275 25 2077 174 108 189 91 84 147 224 142 259 16 201 178 107 105 281 25 138 225 283 114 265 145 193 28 32 152 161 91 155 44 206 230 54 195 222 37 141 246 80 1 13 180 78 221 284 209 95 24 235 29
276 25 1747 137 1 74 31 181 107 132 141 49 138 187 54 117 142 100 39 128 42 236 59 142 248 238 72 118 21 82 64 94 166 92 32 266 117 114 46 125 95 239 123 34 177 179 201 168 230 241 97 22 226
277 25 1923 5 63 123 142 186 42 214 117 255 160 282 48 93 50 15 207 197 91 203 235 116 237 11 94 139 80 75 129 276 196 254 80 128 73 196 219 187 213 73 98 170 140 195 136 48 194 127 101 278 42
278 25 2080 239 191 287 227 270 161 207 48 209 60 277 171 250 16 157 138 80 231 185 176 150 226 222 88 74 115 264 126 95 207 66 85 295 244 156 205 100 105 15 111 182 185 49 33 151 5 122 132 58 57
279 25 1825 86 83 179 23 208 195 238 233 89 246 100 25 240 243 183 97 144 187 61 154 20 46 254 154 248 208 75 229 94 32 180 217 168 104 174 162 209 103 8 127 81 3 159 127 196 248 239 52 17 236
280 25 1794 55 23 283 213 97 164 58 81 253 87 247 120 143 120 33 186 80 235 126 140 64 58 192 24 84 39 271 125 240 140 110 95 62 193 259 210 108 16 190 110 5 188 231 99 60 65 236 39 102 61
281 25 1590 278 115 71 171 190 154 60 113 228 49 252 240 45 15 182 153 26 241 268 202 127 155 134 175 214 198 260 205 1 222 82 65 142 53 55 198 114 19 27 162 22 66 157 136 49 161 163 89 33 30
282 25 1825 292 109 285 25 183 100 25 194 54 25 266 38 242 209 48 156 55 116 233 216 87 48 74 224 149 237 86 87 69 168 281 128 4 207 162 53 181 206 59 158 73 246 251 181 239 48 137 93 115 171
283 25 1940 210 103 220 236 176 68 72 213 57 240 280 87 119 83 245 231 288 28 36 196 135 158 43 237 38 183 186 26 77 150 98 138 4 118 73 179 85 196 243 43 88 225 281 6 257 126 296 153 273 193
284 25 1825 237 32 187 175 222 19 10 247 295 61 245 33 64 14 157 92 150 203 236 93 140 160 23 97 219 198 35 214 50 207 59 38 191 95 162 62 164 123 210 183 6 142 46 69 99 39 169 203 275 63
285 25 1717 94 236 285 140 154 185 224 120 86 133 178 174 173 222 37 136 260 45 247 144 51 40 40 21 90 28 41 242 104 155 137 90 27 245 76 202 64 211 284 93 36 158 167 75 243 103 136 88 201 179
286 25 1814 90 41 220 162 230 150 55 174 153 159 110 194 148 188 189 125 190 154 188 75 297 173 133 15 47 127 117 134 114 220 63 105 210 82 269 191 31 123 216 86 131 128 231 81 17 69 5 56 175 142
287 25 1905 183 173 167 67 137 15 193 155 199 9 74 63 65 235 46 83 278 79 55 243 64 236 22 44 268 139 165 122 296 141 216 28 13 32 244 101 189 107 247 231 8 111 117 104 96 94 182 250 287 197
288 25 1775 87 58 42 4 98 158 78 94 48 93 23 212 126 67 12 123 207 21 219 55 51 128 215 67 31 210 261 14 212 99 298 8 106 152 156 163 129 149 163 73 271 24 289 188 220 197 58 88 151 60
289 25 1997 168 166 78 150 127 240 214 140 88 77 198 82 191 3 197 21 53 159 243 225 32 140 116 221 211 62 178 101 213 89 268 80 167 67 208 56 182 48 96 11 137 193 292 227 97 188 149 198 91 125
290 25 2041 30 182 90 202 292 52 80 44 116 218 111 147 86 130 104 192 261 203 137 221 289 129 215 115 225 204 163 75 152 5 99 133 241 84 130 194 265 173 259 33 84 157 270 13 10 211 175 15 199 148
291 25 1597 203 229 12 120 55 117 184 79 68 189 30 2 274 170 186 3 113 2 76 123 34 161 29 156 125 90 66 99 4 115 148 109 95 11 228 200 128 161 28 247 299 9 25 30 236 77 294 187 254 116
292 25 1908 223 14 196 228 288 188 95 239 93 161 186 1 206 199 30 55 276 241 134 174 191 45 24 15 124 209 94 68 148 47 285 172 263 31 151 52 218 195 40 110 108 228 113 63 178 42 119 103 34 152
293 25 1869 126 75 246 152 191 122 160 236 239 209 135 223 232 47 155 232 150 72 79 240 134 236 219 98 198 96 139 118 173 19 177 199 17 78 91 188 290 227 76 100 13 200 32 111 205 63 10 228 251 113
294 25 2179 76 71 210 225 16 99 92 67 221 213 244 171 231 173 211 68 62 239 195 62 101 244 245 61 200 57 271 128 273 240 127 194 102 152 261 150 295 28 122 159 23 42 139 147 204 208 293 2 145 98
295 25 1636 66 8 99 174 128 78 173 102 270 100 45 221 203 6 220 49 85 93 210 7 86 98 253 39 58 113 33 11 178 210 35 59 129 14 36 51 65 55 52 160 127 206 167 246 255 151 190 64 109 175
296 25 2129 263 13 264 170 26 146 33 213 225 242 118 59 202 148 224 38 298 39 294 52 150 173 107 168 270 11 18 210 276 76 134 41 238 199 62 65 145 94 230 221 286 149 80 237 96 203 176 95 43 172
297 25 2174 246 244 94 5 11 113 217 80 274 43 257 58 235 197 256 246 13 202 90 242 273 27 92 54 65 37 158 241 84 53 214 231 196 107 185 59 121 102 38 245 294 247 254 180 293 159 275 55 113 14
298 25 2361 299 237 190 140 240 155 29 249 247 12 101 10 192 199 218 227 59 140 178 98 236 73 194 139 202 36 150 176 191 112 292 239 98 183 278 239 239 8 289 37 169 140 148 11 117 89 248 107 118 145
299 25 1893 142 192 289 231 293 126 232 220 116 93 263 56 42 148 86 132 186 43 170 123 64 211 22 26 200 89 199 195 181 194 238 174 34 220 16 159 251 187 127 145 2 134 288 49 71 169 214 241 60 79
