0 25 2701 74 23 257 175 296 37 399 62 307 26 325 126 233 185 368 174 369 71 53 106 332 142 352 234 68 159 317 48 115 145 291 241 117 97 67 65 184 215 228 92 190 152 219 74 86 236 47 154 108 201
1 25 3029 261 40 242 213 323 159 239 58 390 233 350 180 351 47 196 65 232 160 143 225 1 46 44 74 332 131 372 137 289 122 150 78 215 62 202 224 284 40 183 223 274 83 354 124 181 199 91 12 360 185
2 25 2659 236 62 30 131 285 213 364 158 202 152 229 51 131 94 264 32 119 247 323 153 372 46 385 177 371 215 378 61 128 39 197 166 201 179 98 87 43 11 245 194 25 244 346 70 57 227 90 56 199 243
3 25 2682 79 46 279 7 317 146 284 229 123 23 78 240 373 106 88 61 250 148 205 144 364 32 239 209 153 48 186 43 355 186 137 35 282 215 291 150 10 25 85 47 155 174 271 12 161 81 212 61 388 207
4 25 2875 224 19 95 32 321 94 269 115 248 107 251 82 38 216 123 89 227 249 168 111 147 123 385 167 236 197 199 49 357 188 255 80 258 52 264 29 195 32 245 45 288 246 178 77 313 100 367 91 100 85
5 25 2219 354 96 9 88 214 44 386 65 195 143 102 199 74 60 302 37 90 247 69 184 43 58 381 120 137 195 72 3 336 21 237 89 369 145 178 82 41 163 98 235 57 250 283 231 159 137 67 100 185 187
6 25 2259 133 127 395 166 46 231 310 169 185 247 192 172 37 10 266 66 293 208 281 191 92 237 142 227 67 100 63 86 99 97 172 83 25 118 248 172 110 91 33 58 282 206 295 243 223 60 237 81 292 227
7 25 2819 172 229 320 100 247 219 112 132 269 160 56 204 334 123 251 8 373 12 398 107 170 81 362 166 175 184 27 211 216 69 190 138 99 159 389 195 280 153 229 100 284 53 248 56 306 155 28 117 104 234
8 25 2674 338 36 345 203 60 81 380 22 296 98 163 185 396 72 224 42 103 176 120 2 189 153 305 88 11 160 94 188 378 197 374 166 82 170 268 43 302 249 67 48 96 79 384 193 52 107 287 154 34 158
9 25 2577 356 75 361 62 162 223 373 6 312 200 52 35 265 36 107 85 130 158 283 96 157 179 377 141 28 247 211 182 333 69 89 57 81 250 268 203 224 223 314 123 127 101 38 164 257 72 245 166 4 143
10 25 2578 373 184 369 113 259 196 11 169 129 193 189 167 1 69 68 69 271 191 343 87 64 21 239 153 136 47 126 231 262 81 234 117 341 148 177 88 309 247 17 153 386 85 204 154 253 174 77 145 318 215
11 25 2177 110 189 3 64 26 49 191 56 262 72 330 148 190 172 345 118 205 114 78 10 99 12 163 205 66 38 333 111 55 47 222 245 51 86 371 51 328 162 301 8 311 140 79 58 7 40 12 223 217 173
12 25 2694 123 229 37 227 96 74 311 156 181 59 30 227 9 217 47 9 394 127 323 245 184 183 336 164 392 95 354 6 367 22 278 89 200 215 68 46 40 78 103 20 337 184 297 197 400 145 308 146 173 80
13 25 2486 240 6 14 227 122 206 21 77 361 137 148 138 76 98 104 143 195 94 72 149 315 60 333 63 209 232 10 166 229 182 345 118 90 210 211 17 215 137 227 154 384 217 283 22 323 177 167 46 278 182
14 25 2763 306 10 196 214 93 155 181 72 387 225 341 228 386 237 238 53 302 26 31 55 9 97 235 192 71 9 320 187 54 249 318 11 358 214 376 203 270 56 324 158 232 64 218 51 24 72 204 49 52 210
15 25 2475 58 151 396 101 121 104 172 57 157 171 227 20 230 92 395 232 161 151 155 71 334 171 151 73 179 224 28 129 176 39 236 76 184 138 298 237 212 206 132 232 14 213 323 109 145 236 111 51 356 244
16 25 2460 173 112 147 247 192 120 24 71 397 114 158 222 347 98 71 233 9 77 180 192 308 93 4 233 201 98 170 163 399 227 307 73 90 53 120 132 274 145 204 171 259 13 44 5 110 115 390 220 343 169
17 25 2397 161 202 313 65 336 166 264 105 328 14 133 86 337 123 190 8 56 14 102 11 286 160 123 29 165 235 395 106 254 37 226 115 91 238 131 126 203 146 83 160 263 168 48 137 58 105 92 23 156 2
18 25 2521 358 166 377 188 232 111 233 139 14 71 114 30 211 103 62 37 8 119 40 217 133 107 166 20 316 20 213 138 375 217 297 42 43 235 225 55 367 213 120 89 178 102 250 181 113 138 290 70 308 79
19 25 2130 238 240 187 155 161 153 174 76 42 51 344 189 142 236 73 19 92 191 383 111 29 161 262 130 93 77 267 82 46 226 236 68 48 40 230 52 316 105 144 116 98 234 109 85 58 179 126 50 362 189
20 25 2145 28 172 150 60 166 226 99 224 154 160 261 221 7 102 100 9 317 207 204 134 256 37 345 141 246 223 368 195 284 156 224 7 6 183 74 133 61 222 58 116 131 168 36 88 272 187 198 140 245 1
21 25 2391 376 51 189 170 391 136 194 158 230 228 166 203 386 73 86 160 155 98 231 15 263 114 34 150 3 155 288 102 45 183 152 22 233 92 291 25 277 184 132 158 113 97 110 99 19 97 126 46 292 240
22 25 2369 10 205 323 9 159 30 99 210 176 231 13 197 15 106 389 89 132 172 272 239 137 71 251 237 91 149 296 168 145 39 9 54 284 165 54 163 364 88 245 178 336 211 184 124 399 217 347 22 8 183
23 25 2664 342 8 269 35 206 14 152 202 303 211 56 250 44 22 203 108 386 218 247 232 46 182 392 31 105 92 47 53 115 54 86 159 263 154 393 171 70 246 322 174 256 229 73 151 300 125 308 187 345 156
24 25 2552 18 192 287 211 122 243 254 70 346 119 174 133 377 138 336 71 8 55 16 180 328 124 210 2 74 10 227 134 298 173 39 68 64 228 180 187 172 34 256 117 354 231 51 132 369 137 202 28 343 17
25 25 2148 209 123 40 69 174 16 80 102 399 227 74 39 244 239 266 26 225 88 9 33 106 164 365 157 195 233 95 246 213 187 212 171 259 4 39 35 269 168 288 167 47 114 207 142 2 73 217 129 62 225
26 25 2517 211 169 90 25 227 34 60 71 279 74 310 143 244 168 246 85 104 164 352 42 332 248 305 238 240 108 162 56 36 173 233 248 294 224 325 120 158 86 41 138 159 50 30 152 69 27 188 225 340 90
27 25 2987 116 223 89 22 313 180 229 224 336 217 249 220 14 192 393 190 261 52 225 103 90 183 202 219 337 73 346 24 347 37 215 62 12 154 385 174 183 63 349 170 381 247 141 95 338 36 284 101 139 161
28 25 2414 3 128 395 207 299 131 379 194 7 75 32 73 338 45 28 172 318 13 86 217 232 217 63 25 13 3 362 48 55 100 308 157 328 153 213 28 185 243 21 243 67 154 316 54 399 143 277 18 105 163
29 25 2187 134 189 29 49 165 41 53 226 288 107 177 148 115 6 50 80 233 184 22 105 377 241 209 94 44 59 186 223 26 141 235 162 131 115 212 245 255 214 372 94 322 248 241 138 204 142 267 36 28 141
30 25 2457 241 206 281 1 199 26 111 34 148 88 226 132 308 246 362 52 2 227 173 198 98 223 288 36 76 182 304 113 109 244 255 64 24 105 262 150 365 247 47 205 375 131 203 182 128 217 36 230 293 60
31 25 2602 177 193 32 216 380 109 97 35 122 5 379 76 268 4 183 31 253 149 278 152 103 152 232 158 85 111 374 20 40 168 280 118 160 111 136 41 370 184 326 43 389 206 208 209 152 139 62 151 118 115
32 25 2597 353 169 48 160 53 108 135 225 350 53 4 19 64 164 204 157 235 138 32 129 328 39 199 137 47 100 327 210 200 144 324 105 364 173 266 119 233 1 93 182 305 146 250 168 361 6 74 146 345 157
33 25 2642 376 172 295 224 310 44 124 37 353 175 280 179 331 94 103 247 212 85 197 54 116 3 351 68 20 211 275 96 58 169 54 84 42 49 207 101 194 232 139 196 109 169 326 139 214 179 235 177 363 233
34 25 2161 232 131 35 132 300 7 44 224 52 152 344 205 135 185 5 143 287 48 127 228 296 235 396 71 273 111 249 110 89 114 42 220 146 179 53 145 96 118 38 47 113 92 283 249 99 128 335 96 254 112
35 25 2804 191 88 259 114 312 71 164 171 59 77 365 30 72 43 382 168 27 128 285 216 274 99 157 159 397 105 236 84 103 139 147 95 128 156 208 139 328 172 10 139 250 26 268 124 318 150 341 146 327 178
36 25 2522 311 52 126 19 260 123 226 245 6 28 135 2 124 164 109 182 205 87 255 214 327 54 91 244 329 158 43 70 303 21 47 15 73 124 183 32 246 8 379 201 287 215 355 111 279 63 294 33 51 98
37 25 2839 248 77 203 188 123 32 297 65 353 101 38 199 315 10 74 249 393 170 9 123 122 245 388 128 257 68 91 100 252 43 249 151 22 52 340 246 135 136 260 137 386 99 37 100 358 110 348 103 381 206
38 25 2581 225 103 203 164 130 111 381 22 113 34 217 111 234 240 364 123 285 50 360 146 136 95 345 224 196 204 96 56 214 201 268 105 144 148 168 27 121 130 260 187 240 96 78 106 170 12 205 180 10 193
39 25 2342 74 4 16 172 207 249 317 13 15 219 295 232 124 190 231 141 18 2 122 230 240 213 275 68 68 144 225 175 117 51 145 182 372 2 333 138 266 97 206 112 180 31 101 161 123 221 314 144 300 155
40 25 2412 157 24 374 26 169 5 294 46 68 244 141 2 367 194 36 204 261 232 59 22 113 192 24 25 14 144 388 210 393 193 366 218 66 193 239 122 45 134 170 214 79 110 215 45 305 100 298 65 183 158
41 25 2713 88 196 199 213 370 165 157 110 374 51 354 41 171 21 383 209 193 229 92 14 43 172 223 157 166 129 59 213 243 41 322 232 73 194 58 87 52 19 210 55 272 102 275 192 386 235 365 178 299 107
42 25 1976 399 173 215 64 151 223 178 95 66 201 226 203 123 122 162 209 125 130 120 179 351 121 55 95 157 189 130 73 118 229 31 168 53 145 183 54 70 210 100 85 363 178 239 135 1 94 32 113 304 135
43 25 2846 286 158 79 244 199 8 66 18 188 96 336 91 292 18 396 61 30 245 47 92 372 136 76 72 238 171 397 219 186 50 203 73 257 183 16 7 393 233 275 232 80 62 371 79 319 184 260 164 330 203
44 25 2284 337 167 231 111 4 201 207 225 86 6 27 10 314 112 75 71 204 57 147 135 186 8 259 109 138 227 392 198 142 73 200 31 40 32 241 245 283 97 219 170 152 46 380 17 57 106 212 163 35 46
45 25 2479 250 142 356 210 80 183 301 129 226 74 180 56 165 162 96 159 396 42 378 17 245 25 246 12 183 154 150 194 268 85 91 167 78 47 379 9 179 229 137 4 4 119 212 170 30 107 279 127 49 58
46 25 2828 243 245 382 191 106 114 244 206 109 11 392 249 179 219 245 7 130 125 388 216 331 93 86 142 63 67 341 193 48 148 286 95 81 128 350 194 73 157 304 185 100 202 265 119 299 72 250 223 361 15
47 25 2484 155 103 201 48 317 17 248 159 262 247 308 249 91 238 376 43 183 50 149 236 134 99 188 48 369 138 371 118 331 234 17 186 36 166 54 155 63 163 116 162 170 214 352 160 141 44 292 240 45 30
48 25 2968 273 193 69 122 213 206 193 230 367 73 265 35 260 101 151 114 107 115 128 72 26 197 387 28 358 179 250 20 317 179 394 61 247 215 373 54 7 4 270 232 219 5 293 21 307 56 177 171 285 50
49 25 2878 97 232 288 76 139 68 298 190 87 15 70 180 375 68 246 100 171 53 253 193 286 23 149 78 93 105 336 21 125 20 170 73 353 209 198 144 326 248 335 214 262 155 395 188 272 241 45 242 387 30
50 25 2687 314 185 59 57 189 194 179 165 166 249 390 20 309 237 113 85 234 98 150 97 52 145 187 75 385 25 269 131 116 7 262 132 341 220 340 81 266 218 346 81 18 187 100 127 73 115 259 212 257 65
51 25 2231 358 195 41 194 172 10 274 189 68 85 220 59 55 109 89 172 277 236 254 246 272 203 297 169 236 57 280 248 315 46 7 60 87 1 81 148 174 69 15 11 91 175 267 99 64 88 77 151 391 23
52 25 2397 225 245 46 121 364 32 227 145 331 41 241 187 2 79 237 184 178 113 305 194 223 95 119 39 195 34 226 72 134 66 146 108 62 191 30 75 24 108 220 204 349 12 243 202 290 179 336 19 41 240
53 25 2335 162 15 234 80 303 230 13 30 251 149 247 98 8 109 91 188 333 214 245 4 20 45 115 12 47 206 340 234 374 83 125 38 147 10 367 2 289 82 81 142 382 228 39 189 236 129 26 120 195 23
54 25 2815 224 214 367 138 27 165 246 16 298 21 250 222 258 149 331 27 350 220 108 32 311 41 261 201 29 48 382 207 168 126 229 41 341 45 280 17 160 225 284 107 248 186 31 155 34 161 281 85 132 140
55 25 2623 316 194 380 79 295 159 176 178 367 43 355 195 285 95 389 215 213 50 241 96 109 138 181 189 193 216 51 75 100 35 365 18 128 144 96 224 304 221 201 120 166 55 16 50 1 155 214 213 104 157
56 25 2710 261 212 94 43 302 188 111 203 263 160 87 79 129 66 74 226 140 80 47 42 151 164 399 217 213 199 171 79 164 176 385 26 390 130 320 241 268 30 195 182 192 133 260 70 285 46 138 14 381 65
57 25 2679 257 79 131 71 330 3 399 245 30 133 20 121 13 41 214 182 321 8 265 112 193 224 383 191 360 180 280 24 123 160 90 131 239 72 352 220 376 100 164 205 285 85 328 199 25 141 80 195 100 94
58 25 2524 8 242 19 191 82 30 20 63 103 245 173 94 377 63 315 178 290 130 197 147 66 181 174 14 355 66 345 250 365 88 259 159 258 199 242 137 221 5 267 227 385 243 241 152 123 24 93 152 70 91
59 25 2414 17 50 64 82 354 81 226 205 198 15 6 224 264 97 60 36 353 3 302 31 190 147 71 243 219 46 85 70 365 176 138 66 391 219 270 22 196 226 21 160 41 26 133 157 224 94 292 29 349 96
60 25 2693 359 188 242 82 130 12 277 116 133 144 93 70 109 84 240 230 307 137 356 179 246 246 304 30 204 29 25 48 207 173 193 218 62 236 99 243 397 27 261 179 120 103 350 129 388 91 158 96 127 165
61 25 2598 124 124 13 79 205 16 10 81 263 118 106 57 285 67 392 235 262 140 122 170 333 76 321 161 14 63 271 61 91 35 335 14 299 15 170 165 274 201 329 92 8 136 278 224 279 13 387 169 26 210
62 25 2284 190 158 86 61 71 1 123 143 261 14 227 247 179 76 12 101 192 87 203 170 230 60 55 58 335 84 272 122 104 149 381 145 206 116 355 78 68 180 120 29 195 249 75 25 376 138 225 17 27 38
63 25 2610 56 188 293 15 123 28 386 194 233 186 376 127 392 242 384 171 109 113 291 89 207 139 16 33 116 205 308 182 231 36 119 137 74 163 353 46 140 41 191 24 76 216 1 69 190 18 348 130 208 56
64 25 2454 220 173 188 35 228 245 168 10 333 36 248 106 201 1 153 92 91 93 216 118 108 118 137 117 151 176 86 248 357 193 155 26 68 242 62 197 389 229 256 221 66 56 326 166 78 8 298 22 325 65
65 25 2534 79 92 103 195 242 28 30 141 384 123 45 61 342 138 172 138 326 52 395 48 18 250 75 185 257 52 344 104 268 21 154 211 223 198 104 3 80 244 138 204 390 99 295 130 372 32 205 76 28 153
66 25 2371 245 78 29 29 334 133 375 190 207 192 160 60 153 184 10 6 88 89 202 76 42 93 26 186 374 49 369 179 224 248 133 218 25 161 99 161 293 23 350 202 314 161 11 218 346 120 226 234 108 29
67 25 2604 259 101 73 186 388 47 184 206 177 108 304 111 27 130 373 25 190 18 197 139 269 113 151 229 32 97 299 7 130 158 187 240 59 110 127 146 306 10 354 232 209 92 248 138 314 22 230 231 121 20
68 25 2744 351 33 71 30 214 119 80 73 200 137 209 141 47 68 217 143 325 28 398 158 299 206 251 96 245 167 69 76 199 139 346 50 371 118 379 237 38 58 159 137 46 17 327 43 387 45 137 11 124 86
69 25 2468 269 22 291 121 119 87 187 188 65 36 376 212 135 99 329 163 35 18 122 245 154 219 63 32 163 49 78 1 312 101 336 182 223 228 202 91 265 89 80 181 374 206 242 208 306 220 172 92 39 145
70 25 2520 36 242 363 198 175 226 147 52 376 158 4 62 141 228 41 242 71 57 330 50 137 203 157 128 362 12 99 85 353 37 329 188 280 92 38 4 369 86 257 246 145 13 159 35 390 50 226 160 56 106
71 25 2755 210 93 10 66 170 24 380 21 8 32 357 87 272 187 180 161 242 50 396 51 395 90 215 56 24 154 305 149 264 62 356 125 104 118 342 226 241 73 46 100 157 154 88 28 142 67 288 86 318 35
72 25 2571 338 115 374 152 370 247 355 24 197 220 185 103 146 91 22 238 18 64 312 163 13 118 368 201 95 110 319 184 45 87 120 182 53 193 133 222 41 239 295 38 209 181 342 154 223 63 393 40 176 155
73 25 2465 302 140 372 222 240 19 331 61 304 127 299 124 260 51 68 94 109 82 218 246 142 150 287 46 23 151 40 62 328 146 116 17 268 87 259 38 219 121 93 145 4 169 136 147 92 44 280 11 141 222
74 25 2085 60 229 117 182 179 8 296 108 4 211 76 173 347 36 12 65 206 4 261 126 172 216 96 109 162 187 102 191 47 144 14 209 82 140 350 140 387 209 145 47 34 67 295 72 378 9 77 233 271 205
75 25 2509 156 136 100 114 199 139 67 40 237 10 253 145 31 37 387 232 76 223 290 70 370 226 138 214 99 115 275 125 145 181 255 233 231 170 381 169 287 222 305 148 377 250 129 163 12 88 110 154 109 81
76 25 2609 81 246 247 129 360 221 305 160 217 36 264 49 266 34 332 234 322 203 190 69 79 189 99 241 78 61 230 238 364 188 218 194 183 214 222 144 136 28 104 205 113 167 255 128 2 86 263 75 289 153
77 25 2425 294 219 393 92 260 221 102 139 210 217 27 229 12 111 43 185 255 80 263 160 34 25 228 139 305 230 26 69 104 114 123 49 233 118 341 144 90 144 132 249 363 210 277 224 223 21 159 177 353 121
78 25 2791 386 236 347 13 226 103 394 52 322 250 165 96 398 99 63 40 392 152 284 126 2 248 137 81 171 109 53 231 387 155 253 74 391 200 216 154 82 19 227 31 136 23 81 134 237 220 28 91 205 205
79 25 2070 342 2 143 24 173 102 177 203 40 131 306 164 123 207 52 91 10 133 309 139 216 246 11 196 80 247 265 209 139 170 65 133 71 7 156 245 260 234 248 50 105 65 161 166 29 122 350 140 310 17
80 25 2675 285 22 12 116 71 229 326 59 250 190 241 22 149 199 67 8 232 66 259 148 322 223 387 134 338 17 107 140 208 117 356 245 240 220 360 110 148 138 119 49 179 211 220 227 238 235 43 105 193 90
81 25 2887 376 116 276 109 155 195 116 96 2 184 302 48 323 73 358 33 320 147 303 170 325 115 39 52 229 138 18 133 330 157 259 247 135 69 254 29 334 49 282 69 100 130 292 122 189 126 143 137 314 211
82 25 1963 94 3 62 19 181 1 38 163 81 95 273 129 79 192 32 59 25 131 192 44 282 223 237 6 211 114 200 247 193 114 260 138 66 173 307 248 24 196 212 56 240 135 234 70 176 118 180 152 48 222
83 25 2930 97 29 394 35 386 157 148 236 205 40 299 166 178 66 289 186 65 114 331 176 319 23 312 204 392 89 321 72 143 68 95 139 249 190 76 186 223 171 305 65 221 220 292 186 160 29 200 23 161 128
84 25 2326 341 33 291 247 275 230 317 48 72 237 92 62 37 233 337 222 231 112 145 235 226 115 54 19 53 114 347 104 188 57 81 90 122 27 216 203 345 113 74 33 256 187 169 240 224 143 120 237 39 154
85 25 2079 112 103 260 180 7 175 78 211 164 134 393 44 125 16 272 242 68 117 56 93 349 111 380 70 201 155 12 122 41 200 104 154 289 83 11 113 360 73 28 145 165 22 172 131 143 63 250 59 119 145
86 25 2457 260 231 274 129 133 180 340 157 372 141 34 75 296 222 309 156 186 20 78 163 266 195 36 87 377 229 52 126 89 122 120 198 54 45 276 239 167 145 247 9 80 173 355 103 181 162 90 200 242 154
87 25 2533 266 38 290 154 364 20 305 89 108 128 261 208 32 107 235 172 33 152 216 31 12 197 104 18 151 236 82 40 236 23 93 3 310 234 306 125 353 163 365 13 140 25 20 223 334 104 244 18 207 61
88 25 2175 148 119 257 103 88 157 39 19 198 126 43 93 278 54 176 33 128 181 345 243 93 235 269 14 207 102 317 203 71 224 13 19 294 122 373 33 228 163 102 178 188 194 220 165 48 197 200 27 27 244
89 25 2688 219 171 180 240 134 139 241 153 341 164 78 205 34 23 126 6 255 206 369 106 283 58 52 4 173 1 372 27 379 117 348 201 199 137 87 39 179 139 381 242 166 185 75 138 11 133 342 216 353 150
90 25 2137 150 210 301 203 184 153 154 55 79 34 174 178 85 174 364 73 12 245 211 192 136 76 276 113 15 238 147 108 153 249 157 4 158 159 8 242 263 164 48 194 197 23 271 33 96 37 355 157 281 65
91 25 2698 98 118 92 76 82 158 163 178 366 118 326 124 121 134 35 31 377 47 194 226 190 140 149 213 175 194 199 129 303 29 246 50 398 139 277 80 299 40 307 164 259 183 289 231 268 125 11 144 172 204
92 25 2194 171 13 146 219 325 220 115 223 17 103 197 118 151 88 245 180 336 236 136 1 94 118 39 76 187 14 387 132 37 142 153 49 287 71 274 56 137 98 158 153 101 204 121 153 391 217 32 26 152 17
93 25 2771 76 47 87 17 172 123 332 60 255 168 252 209 316 38 29 91 296 216 41 53 270 241 358 92 343 149 258 76 226 111 44 154 157 180 320 131 355 51 342 11 170 243 119 35 283 99 178 78 264 18
94 25 2569 182 136 310 89 27 104 39 35 81 115 245 224 70 154 254 39 186 160 191 177 320 10 272 138 396 154 136 225 331 152 294 212 37 55 202 115 241 1 390 207 96 14 126 151 319 216 138 178 256 166
95 25 2362 397 17 87 86 114 90 121 91 122 74 84 235 12 91 387 77 100 127 277 140 283 74 203 10 276 171 25 213 198 232 229 46 398 167 131 113 107 53 205 30 227 91 365 88 31 3 216 30 129 93
96 25 2657 171 63 368 25 322 94 45 148 208 144 129 138 291 228 255 171 140 163 224 145 44 202 137 58 239 17 310 157 248 40 51 169 304 118 343 127 213 240 74 221 133 152 360 26 279 116 396 71 30 21
97 25 2804 267 174 172 153 81 113 169 143 369 66 332 119 34 238 388 29 364 151 268 138 173 2 191 182 327 20 250 75 392 29 45 8 352 169 260 35 131 180 51 97 210 121 333 197 8 211 313 108 128 50
98 25 2341 380 81 140 114 358 61 265 34 152 143 228 9 47 148 220 231 30 51 309 180 98 70 52 80 19 110 290 31 267 119 232 149 399 223 214 158 84 228 91 137 172 171 148 168 170 17 200 200 118 8
99 25 2072 231 67 130 133 196 48 342 37 78 60 357 111 310 57 183 25 215 218 104 7 5 76 79 102 45 199 118 95 48 37 304 230 353 133 64 100 180 57 136 109 69 244 21 28 351 154 117 121 108 123
100 25 1920 25 83 52 178 28 100 198 124 299 184 127 180 289 62 144 238 243 200 76 202 120 219 24 48 69 27 54 135 200 61 110 76 96 113 304 25 364 151 298 14 36 76 293 176 87 188 264 230 40 241
101 25 2596 333 9 361 156 256 80 135 211 166 34 22 27 61 17 339 214 143 202 16 40 115 4 15 10 279 104 347 194 383 186 384 217 145 245 222 102 326 156 213 93 241 84 302 202 160 67 44 164 185 235
102 25 2553 80 138 1 239 66 54 386 10 388 223 95 204 67 141 76 121 316 83 183 11 224 118 132 227 269 193 293 14 256 29 298 188 216 198 326 84 352 213 345 239 138 239 193 204 30 120 174 47 202 108
103 25 2590 159 177 275 140 5 145 133 48 358 40 326 155 227 94 105 5 327 58 319 121 298 106 261 192 260 192 385 91 15 93 249 143 119 241 348 64 175 47 123 214 74 80 293 67 34 47 45 193 267 67
104 25 2667 290 73 128 134 134 71 96 218 11 160 362 160 5 183 302 52 246 176 100 170 189 25 249 33 244 32 381 38 226 148 155 166 170 234 399 203 154 94 372 67 156 36 328 112 318 79 15 65 304 214
105 25 2558 386 244 238 85 29 181 68 59 321 44 256 27 361 27 260 211 279 165 356 103 81 113 40 160 174 59 188 238 23 93 253 208 87 143 194 215 75 112 395 155 331 123 67 107 184 27 138 1 332 142
106 25 2922 181 45 331 243 168 189 280 108 213 73 112 222 361 154 318 77 229 79 101 175 285 133 100 151 242 133 279 29 383 210 222 216 156 4 208 226 294 187 183 206 246 29 273 100 146 49 180 176 354 10
107 25 2472 382 103 62 223 288 142 153 220 102 226 385 59 29 244 84 22 183 218 379 143 64 210 16 115 305 16 194 233 265 199 244 249 104 106 373 241 149 176 212 200 51 99 11 232 292 144 353 124 264 184
108 25 2230 169 127 43 86 341 199 1 134 31 116 184 25 16 87 132 38 277 80 113 139 82 216 237 242 147 180 185 51 154 200 334 172 326 228 57 168 227 209 303 107 274 87 131 141 373 214 229 102 94 243
109 25 2514 242 27 8 78 218 6 157 4 109 162 354 244 135 131 322 43 49 148 152 53 4 75 389 237 314 52 46 15 345 238 356 223 298 35 240 155 93 96 63 55 99 57 41 31 378 134 281 27 335 234
110 25 2737 80 61 124 118 128 137 370 123 103 116 63 210 289 10 346 180 266 239 225 79 345 175 337 235 108 116 168 238 342 2 171 23 365 47 43 42 283 162 217 38 229 229 299 217 190 195 149 105 235 23
111 25 2651 335 31 200 123 115 107 40 235 294 83 288 167 306 2 263 200 296 247 112 136 91 140 285 160 179 31 308 185 315 32 120 95 31 194 111 39 334 47 135 116 137 151 123 90 365 22 235 63 284 146
112 25 2659 351 177 335 137 86 115 267 243 202 83 224 223 129 207 166 239 95 51 88 81 317 124 283 91 115 47 365 50 212 50 295 12 126 82 348 61 198 166 155 199 298 31 271 26 137 189 216 83 39 105
113 25 2492 364 7 30 246 298 145 45 62 94 208 13 240 321 189 121 70 301 221 385 6 221 84 338 192 211 226 32 76 160 220 281 175 377 112 226 6 317 89 99 226 51 189 396 239 111 115 42 183 151 49
114 25 2288 154 136 386 145 146 13 228 171 122 197 3 97 225 65 69 52 270 137 40 121 12 191 311 157 231 123 173 222 306 175 272 9 210 57 255 155 171 232 77 93 330 232 89 157 296 57 108 217 93 98
115 25 2310 389 156 190 99 14 22 272 138 196 129 12 217 187 223 276 141 127 46 74 155 338 3 186 178 109 33 86 117 150 130 316 40 185 57 198 78 212 85 223 90 298 242 126 220 117 218 148 14 191 103
116 25 2159 4 193 40 181 254 123 67 172 174 248 289 13 333 145 251 82 324 214 17 99 353 16 340 130 336 58 99 35 73 139 76 184 329 209 287 201 27 160 126 74 148 38 58 142 191 40 15 4 108 63
117 25 2089 109 73 4 140 260 163 189 195 36 79 183 11 62 11 119 250 63 45 159 88 271 8 128 178 349 18 67 216 73 126 380 31 99 236 223 108 298 213 204 233 391 189 44 155 1 64 256 114 211 17
118 25 2319 203 181 224 30 360 25 199 177 40 22 152 221 4 102 306 28 112 104 140 67 136 133 205 181 39 56 197 144 221 57 212 73 36 205 398 60 55 76 151 226 80 223 282 81 331 9 344 134 211 71
119 25 2221 233 65 304 223 220 200 116 242 58 128 15 196 315 121 45 176 325 171 128 153 100 150 36 82 130 96 228 165 196 238 380 154 291 2 176 140 270 117 47 97 133 44 63 5 138 138 280 58 215 84
120 25 2031 209 66 69 243 96 16 320 12 262 9 249 93 264 39 395 241 80 64 110 128 12 242 171 224 197 161 113 178 18 27 13 129 244 33 271 41 98 142 153 111 2 151 104 15 92 150 208 71 313 67
121 25 2788 249 76 158 221 301 156 231 113 285 201 291 47 379 184 281 51 25 229 294 27 241 147 129 144 63 70 393 120 343 107 186 43 84 96 113 184 201 144 348 38 96 240 286 126 324 117 178 250 97 71
122 25 1974 28 137 317 156 233 229 328 27 201 70 34 136 12 19 281 226 5 84 371 202 23 166 142 158 91 217 26 68 316 174 290 93 11 58 50 45 89 177 289 98 356 224 161 75 107 139 29 242 159 182
123 25 2523 66 25 73 75 267 89 351 235 356 124 376 248 386 134 300 80 222 228 103 110 26 58 335 238 34 93 278 112 36 87 394 1 213 18 79 209 328 215 14 103 141 112 289 174 211 70 47 38 122 156
124 25 2045 15 232 42 55 165 35 382 179 22 220 124 73 182 91 100 163 199 127 329 163 21 126 169 146 238 39 292 177 262 199 242 45 41 48 62 175 279 40 96 151 363 170 55 21 146 206 247 75 18 228
125 25 2404 47 95 296 193 282 86 184 58 250 83 301 46 223 98 207 249 29 196 229 160 18 112 367 138 260 22 37 236 141 114 332 85 11 224 399 210 77 100 142 28 345 116 127 154 116 107 101 163 287 213
126 25 2505 380 101 379 20 260 50 206 145 290 121 28 226 283 2 395 83 211 121 384 104 281 219 127 184 286 185 84 198 72 96 180 172 74 99 175 106 16 78 6 243 209 137 45 121 58 178 274 109 308 44
127 25 2310 87 141 281 122 327 129 343 222 260 216 48 10 248 74 217 178 142 44 183 84 5 44 121 249 314 80 77 240 90 134 135 227 275 66 153 46 342 76 355 107 173 216 106 199 282 33 40 77 17 123
128 25 2425 31 60 245 180 226 126 156 65 16 91 51 142 317 116 191 219 161 232 195 117 390 169 84 45 217 115 329 8 391 195 381 122 257 177 53 34 55 110 350 172 250 250 165 167 66 5 235 128 38 179
129 25 2135 197 27 300 30 121 66 1 74 139 147 256 160 153 84 164 138 390 23 87 11 173 87 127 241 104 133 125 181 70 156 29 246 5 159 168 22 105 18 347 45 65 2 355 19 138 220 259 27 393 95
130 25 2177 90 67 383 18 7 86 201 33 319 222 140 247 318 246 207 237 168 13 157 66 58 123 220 114 293 107 33 1 35 177 96 226 93 128 244 151 164 246 86 184 217 75 380 36 321 187 123 190 1 129
131 25 2555 57 108 51 26 21 243 232 54 94 219 382 191 294 177 218 39 77 133 84 112 366 1 339 98 386 211 36 160 250 186 338 6 340 134 66 235 317 169 328 85 53 20 381 29 189 169 107 174 105 69
132 25 1949 39 157 159 188 294 169 323 204 170 111 243 175 4 233 208 19 17 175 140 46 211 244 267 241 222 105 212 228 128 168 148 119 224 208 6 117 226 231 70 45 143 15 22 198 47 231 118 65 257 209
133 25 2975 262 118 352 128 210 75 134 73 5 112 240 154 332 63 362 239 132 237 169 203 182 13 17 103 360 65 335 28 381 192 238 44 259 40 273 120 314 107 393 120 268 34 374 151 199 135 39 230 121 108
134 25 2225 34 4 22 1 8 182 17 143 11 250 134 148 143 244 389 66 363 5 307 124 241 191 97 141 289 31 29 220 104 238 203 7 210 105 317 243 174 209 153 123 344 52 265 239 341 230 195 3 60 218
135 25 1826 93 152 15 235 342 247 64 213 100 103 217 109 12 24 325 54 147 235 258 121 30 112 37 218 102 117 20 148 121 131 117 66 132 183 200 25 80 165 87 31 18 54 139 181 277 165 375 149 344 195
136 25 2175 130 7 231 197 158 49 17 207 220 247 74 187 131 106 136 155 187 151 242 168 320 47 8 200 373 73 386 49 123 182 93 53 338 175 201 248 374 217 4 95 216 127 33 196 185 118 100 221 70 93
137 25 2176 240 241 389 148 241 113 222 226 211 246 59 5 100 197 130 1 44 5 117 249 151 32 28 185 229 62 302 179 134 24 221 124 264 12 56 124 42 134 237 189 292 243 124 89 235 28 5 234 280 189
138 25 3042 261 14 117 124 268 47 157 43 170 130 358 181 302 214 356 195 199 42 184 90 235 222 330 58 60 116 88 216 349 119 304 161 285 23 104 69 293 46 138 124 155 20 276 18 376 70 366 69 353 158
139 25 2621 305 174 289 13 135 154 302 51 172 56 17 108 330 3 111 101 45 8 340 18 63 210 245 182 335 65 100 55 319 9 310 145 347 124 129 52 25 131 158 48 189 125 156 218 327 118 368 123 126 8
140 25 2517 340 40 267 237 321 203 151 72 157 21 30 16 15 228 141 246 230 165 278 37 265 16 113 220 184 139 237 153 361 64 10 3 53 228 389 176 380 141 297 39 63 179 106 30 206 147 77 37 363 104
141 25 2900 326 79 372 188 198 205 77 237 209 189 252 119 193 5 398 31 230 230 223 28 18 138 356 25 267 214 273 43 100 38 248 175 366 219 63 16 325 41 54 234 79 5 304 22 301 154 390 130 179 170
142 25 2394 199 166 327 126 282 190 50 226 92 37 23 68 155 192 82 20 166 72 323 51 203 229 154 26 340 155 381 129 236 59 300 237 126 127 212 9 218 111 134 61 157 129 204 250 10 23 67 84 347 118
143 25 2180 336 77 71 113 16 127 293 147 265 54 196 101 129 24 14 138 144 174 173 104 275 31 332 28 182 244 102 199 27 250 166 164 77 38 226 94 217 20 340 131 73 138 331 54 13 44 193 56 169 15
144 25 2449 160 94 198 243 73 29 336 125 227 164 126 144 202 182 4 248 348 76 137 180 98 226 310 53 189 55 395 146 325 212 55 170 109 48 393 137 33 119 266 49 244 109 125 248 292 181 147 191 106 185
145 25 2078 170 5 11 131 358 1 187 152 46 12 215 201 383 73 150 27 362 234 397 27 32 193 35 9 142 129 189 138 69 46 122 41 84 171 309 84 8 213 232 71 27 134 5 250 33 232 311 216 280 189
146 25 2552 150 22 75 108 213 53 398 200 374 193 174 14 194 207 384 53 43 243 315 224 365 43 157 120 242 191 253 204 258 32 192 107 156 169 264 218 171 213 20 194 55 245 259 101 1 95 255 195 137 121
147 25 2367 268 104 13 126 23 57 116 27 310 74 54 180 65 24 196 135 394 208 356 40 15 250 348 65 52 44 21 247 231 41 266 234 153 142 258 9 357 186 221 30 345 226 262 12 49 57 346 94 16 3
148 25 2774 35 80 352 185 196 155 28 166 1 108 356 19 93 11 60 102 371 116 337 93 298 234 368 59 195 168 167 242 362 184 344 246 116 97 282 111 201 10 79 4 119 186 372 14 398 181 65 169 354 11
149 25 2814 247 89 31 55 333 98 123 176 311 57 319 59 372 117 140 134 317 99 264 222 168 50 345 81 327 47 167 127 252 128 390 58 80 174 257 152 249 218 10 119 378 83 235 217 119 204 118 182 77 235
150 25 2822 183 122 167 180 300 65 196 226 269 25 299 58 284 230 84 191 83 182 260 43 3 239 377 239 305 45 292 122 29 71 258 161 294 226 240 143 393 238 321 211 364 171 118 48 100 101 340 132 85 99
151 25 2341 226 139 387 3 227 143 249 171 217 227 391 74 88 34 2 79 28 44 218 248 254 32 118 123 29 169 76 168 351 62 176 200 56 180 376 198 179 98 66 157 388 240 94 121 93 225 251 36 142 248
152 25 2641 291 173 268 13 351 186 288 20 386 149 339 164 100 44 43 128 244 23 25 9 180 63 225 35 92 49 85 229 235 119 165 152 232 68 137 71 337 175 22 76 188 21 221 32 148 64 307 123 373 86
153 25 2506 137 24 262 173 16 61 8 196 253 194 115 67 295 48 84 33 320 221 57 41 248 146 14 118 330 61 132 186 285 106 273 71 331 134 296 198 96 53 394 148 48 60 365 192 309 98 324 178 20 181
154 25 2424 121 67 128 234 335 207 294 218 244 181 25 116 103 155 202 198 205 147 252 98 245 199 209 111 240 217 208 114 344 128 96 214 94 175 149 230 184 93 349 227 125 75 95 227 232 148 225 36 144 26
155 25 2062 185 190 375 243 100 114 109 110 329 102 87 76 68 32 103 68 64 86 210 14 312 34 289 108 113 22 205 37 107 151 12 41 192 36 283 94 152 241 32 194 141 110 13 174 62 31 239 47 342 153
156 25 2724 210 178 43 68 340 114 324 76 172 74 239 62 16 127 296 109 328 38 361 161 183 203 270 46 276 83 115 231 221 19 391 248 311 110 339 224 33 66 195 107 5 158 224 181 103 82 60 242 394 172
157 25 2371 74 196 144 119 273 126 148 39 159 219 207 1 368 167 210 207 92 244 24 88 2 178 45 175 160 199 258 221 390 203 64 250 188 234 73 15 384 211 323 202 170 223 271 36 184 179 378 178 153 217
158 25 2772 331 82 212 8 244 12 365 114 204 68 58 169 367 145 102 91 362 237 354 234 388 23 259 161 360 242 339 39 371 141 56 2 223 69 9 116 32 225 31 235 92 41 53 211 237 157 353 48 143 158
159 25 2189 34 183 380 192 293 192 333 33 180 56 274 87 157 248 5 167 65 87 41 147 223 35 87 76 47 224 334 101 121 78 209 154 110 40 397 204 31 130 137 63 185 12 349 93 361 156 25 242 1 221
160 25 1844 164 137 110 91 83 233 324 84 105 2 194 111 13 233 207 169 364 38 7 128 224 18 26 166 328 33 28 54 29 126 340 117 35 232 52 219 158 35 124 111 230 184 25 62 92 243 77 130 349 4
161 25 2270 3 118 132 221 147 164 98 2 190 78 328 181 95 114 362 146 333 21 182 156 131 111 341 206 124 32 50 151 163 49 306 216 218 239 188 115 285 116 144 65 245 224 9 209 137 6 91 8 239 48
162 25 2328 290 101 38 195 324 121 95 126 184 145 382 201 262 120 88 128 144 167 238 190 242 148 98 229 303 188 138 143 285 77 293 74 24 219 247 220 244 32 114 77 282 127 99 71 57 172 152 191 34 141
163 25 2005 282 81 189 12 86 226 349 228 213 28 23 238 351 41 284 120 34 65 85 63 98 211 261 218 67 134 214 120 226 47 108 229 49 221 114 126 220 144 140 97 266 28 97 6 61 218 41 228 152 53
164 25 2294 375 114 15 195 133 149 158 152 74 206 162 33 384 62 4 248 138 73 293 227 321 208 54 119 213 167 36 203 296 239 8 222 252 122 166 236 222 75 238 196 182 151 380 66 113 83 215 150 157 157
165 25 2358 126 27 264 232 397 178 150 184 232 97 122 89 218 24 261 86 309 184 210 248 329 144 49 209 109 111 243 225 362 150 333 89 28 96 25 125 271 208 6 17 82 47 85 5 9 22 315 42 181 215
166 25 2603 371 74 365 231 184 75 73 210 38 124 342 126 52 139 198 28 263 218 387 221 287 68 17 23 74 125 294 39 66 76 305 188 102 69 170 237 345 245 247 32 218 138 57 121 277 56 248 141 226 235
167 25 2545 311 212 302 127 386 226 303 129 316 121 256 72 260 159 40 180 146 236 224 92 317 41 179 25 214 107 131 161 98 58 295 108 19 49 287 206 76 189 186 93 61 241 114 71 350 155 95 140 125 238
168 25 3052 356 167 168 32 330 175 314 91 272 21 237 131 191 237 117 96 12 8 331 56 318 124 19 238 225 123 139 169 162 113 308 19 332 75 301 61 249 116 251 22 387 90 303 27 328 221 275 40 180 5
169 25 2273 245 100 128 166 239 104 338 28 222 152 192 131 72 123 156 174 384 56 90 186 28 176 177 82 204 55 78 196 235 142 33 114 7 123 218 197 200 91 300 244 371 218 179 247 1 84 336 189 113 63
170 25 2490 267 94 118 221 198 246 318 83 382 160 117 95 68 139 112 116 91 5 167 134 126 138 51 4 384 104 389 21 94 202 185 60 95 152 283 144 49 150 328 230 261 196 325 81 335 238 196 77 42 113
171 25 2774 362 69 52 14 374 87 367 113 209 112 64 143 324 210 294 156 306 145 357 33 218 229 200 250 115 140 245 241 181 159 252 112 15 225 148 34 139 8 345 2 300 20 264 46 25 19 40 184 353 63
172 25 2487 103 233 115 102 247 104 348 239 386 57 292 137 220 59 14 70 192 152 227 88 306 227 308 69 272 134 289 63 217 193 177 169 326 191 70 174 144 20 13 232 76 156 318 197 114 183 166 55 35 93
173 25 2368 345 192 119 204 12 192 87 50 156 6 92 82 174 19 175 46 93 20 165 207 351 242 312 221 38 76 103 204 282 89 148 226 380 68 381 141 111 220 242 216 275 136 149 250 254 23 147 198 145 211
174 25 2240 354 145 54 118 267 94 243 120 199 174 10 46 302 90 163 134 332 223 253 226 90 179 363 188 79 116 113 177 66 207 88 171 303 43 188 170 136 230 91 136 106 200 231 109 41 145 192 75 217 197
175 25 2347 50 8 75 12 96 53 179 110 330 144 368 219 167 120 13 204 39 101 384 31 386 41 181 167 399 223 161 140 97 30 138 96 187 63 109 84 317 40 345 48 35 212 118 201 182 231 155 222 183 88
176 25 2911 205 168 130 85 336 128 157 99 269 104 378 57 351 16 219 112 302 187 251 246 285 185 110 102 86 243 84 40 366 116 329 170 386 60 106 71 137 15 369 157 20 148 363 20 133 233 267 120 183 64
177 25 2673 56 170 125 159 105 217 93 196 333 60 176 54 295 85 160 16 273 174 136 29 393 36 144 14 351 128 247 119 399 231 184 54 309 213 275 55 303 109 64 230 165 161 166 174 126 38 249 63 219 193
178 25 3118 198 12 106 148 189 54 268 238 237 152 193 36 360 105 244 236 361 148 345 227 128 211 287 43 384 164 283 184 176 101 376 176 62 183 25 102 289 43 341 225 344 84 312 103 388 55 88 199 253 34
179 25 2529 325 182 44 163 224 229 126 156 114 51 158 241 178 71 26 3 373 114 95 215 38 238 398 51 292 88 56 131 286 160 267 62 191 112 276 166 193 151 24 206 253 31 299 131 352 74 233 126 237 177
180 25 2045 140 126 316 138 126 59 75 133 89 112 392 57 25 234 169 202 100 111 252 73 218 6 303 216 86 56 39 120 81 77 148 123 52 163 262 230 173 188 199 6 168 175 339 88 26 138 200 79 112 218
181 25 2763 284 17 133 220 172 74 191 105 350 89 377 102 353 190 83 176 77 44 339 27 149 208 1 140 346 178 145 108 189 62 41 207 247 12 278 170 153 234 271 143 362 124 395 1 306 170 227 100 58 153
182 25 2474 350 166 5 139 13 234 18 157 91 208 271 134 264 19 45 43 390 199 127 210 191 88 84 86 341 107 369 192 267 72 92 184 378 182 346 112 49 4 354 156 276 187 69 194 34 214 285 234 240 45
183 25 2378 277 179 180 114 21 220 270 140 262 136 363 205 69 190 336 166 203 187 20 59 142 95 97 13 191 30 276 225 216 67 171 42 297 202 105 68 374 226 259 37 62 121 91 32 112 228 48 65 314 219
184 25 2406 375 108 265 71 170 55 153 197 82 68 15 104 59 211 106 115 180 79 40 188 53 58 307 85 322 184 134 136 198 102 210 57 16 32 326 173 384 224 104 51 240 157 361 2 364 125 234 244 115 171
185 25 2162 258 119 81 166 253 152 338 139 149 39 350 105 57 131 182 79 165 207 134 17 198 242 28 249 356 4 132 49 120 5 159 189 35 174 43 88 225 181 128 25 69 177 181 227 209 214 155 125 320 140
186 25 2631 344 167 232 21 368 187 376 249 87 196 5 95 334 41 71 228 378 97 308 205 172 229 133 102 294 66 112 118 137 1 161 106 134 233 125 22 59 75 359 156 180 55 391 220 177 118 100 124 226 154
187 25 2309 195 106 289 198 110 232 315 23 351 54 124 164 209 7 146 133 129 106 59 239 213 238 193 3 8 70 73 157 345 248 262 141 355 2 188 14 235 55 237 36 58 162 249 118 120 196 102 150 54 160
188 25 2738 238 16 398 33 21 207 304 93 15 248 390 126 338 146 378 77 359 212 131 47 349 90 10 149 309 80 95 160 281 100 122 219 365 171 53 235 27 56 77 193 155 18 268 144 313 47 120 174 361 203
189 25 2201 322 209 294 132 58 203 13 54 164 143 155 237 363 119 307 65 56 135 84 77 76 4 97 19 366 43 191 191 205 43 63 66 238 246 123 240 310 78 156 52 332 42 117 52 251 181 57 37 5 243
190 25 2246 364 130 146 212 151 13 256 91 204 111 285 68 126 124 115 200 114 74 329 21 225 210 212 241 213 214 24 222 101 28 314 216 59 209 27 111 121 32 53 26 294 139 45 169 363 109 170 228 182 98
191 25 2948 248 159 309 161 251 22 25 126 295 125 205 58 92 116 218 118 376 190 351 131 166 245 269 12 215 133 273 87 210 6 386 107 364 195 68 17 368 244 344 162 120 101 21 161 316 188 280 43 127 130
192 25 2729 223 194 26 44 358 93 226 30 129 36 235 214 44 51 360 113 269 77 106 162 140 177 312 160 339 79 349 68 374 178 196 223 25 41 180 219 17 59 249 104 363 199 346 74 62 164 153 19 377 92
193 25 2812 296 41 4 236 371 154 344 81 3 90 154 127 282 185 148 50 294 196 253 41 310 204 386 84 265 51 336 135 127 29 182 17 134 168 338 138 233 70 373 224 73 51 206 160 98 5 155 46 260 45
194 25 2324 355 213 180 138 279 130 25 213 8 206 395 77 289 62 216 178 284 198 198 58 372 222 158 127 131 208 183 135 253 242 31 159 56 110 297 134 91 223 99 49 28 93 377 219 6 142 98 241 239 245
195 25 2639 48 10 69 7 338 51 316 221 388 68 114 68 327 120 180 125 55 120 399 155 320 127 149 246 247 104 87 194 346 78 191 243 211 250 377 11 17 249 300 87 162 218 63 33 97 39 290 218 187 144
196 25 2348 190 215 143 85 11 198 124 207 194 151 97 238 39 59 239 15 171 6 63 71 392 177 388 6 59 136 348 205 332 194 94 97 36 231 283 54 365 128 206 163 166 144 223 204 211 244 259 23 64 50
197 25 2855 1 203 255 10 390 200 359 144 332 104 340 30 239 20 38 24 275 55 101 230 319 16 323 142 270 133 135 178 358 198 378 160 200 134 321 89 184 182 34 17 35 123 46 74 394 183 347 168 37 247
198 25 2706 347 56 313 122 49 232 306 183 261 215 380 90 125 131 374 145 271 159 276 154 175 213 229 220 136 122 254 234 42 93 80 38 150 94 161 48 77 117 338 183 311 129 309 91 4 156 263 112 181 166
199 25 2505 238 193 346 209 130 120 263 63 161 55 195 150 206 238 261 203 215 129 334 204 111 244 134 72 236 138 277 198 201 59 39 104 47 183 280 11 248 92 317 242 91 72 179 151 76 245 181 159 244 4
200 25 2074 134 115 39 121 91 238 71 149 303 61 102 165 60 37 246 120 34 87 189 125 327 210 205 80 338 200 362 96 101 105 150 84 371 140 56 161 180 129 112 34 165 198 351 45 22 184 81 10 58 59
201 25 2796 71 13 140 8 364 52 354 164 258 55 250 79 146 7 241 25 335 104 358 176 69 107 175 169 201 48 355 133 357 114 144 128 178 33 35 143 336 90 157 194 394 8 374 190 214 66 16 1 70 124
202 25 2357 126 140 282 102 60 233 14 217 308 80 10 185 107 43 370 200 180 159 325 155 217 248 346 230 16 11 130 187 286 7 78 68 11 87 202 110 103 118 317 132 204 40 322 125 289 101 385 198 26 39
203 25 2695 364 75 184 246 290 97 75 28 382 84 355 1 244 42 302 5 146 20 73 179 47 226 218 20 59 120 385 108 45 125 122 22 311 17 113 57 93 141 340 176 345 241 121 238 294 75 85 13 398 213
204 25 2515 261 175 383 30 177 193 152 111 150 198 287 71 19 47 289 82 155 134 122 195 259 168 87 232 358 30 256 42 195 5 207 155 30 139 187 56 181 38 318 130 85 104 153 56 353 93 107 226 260 3
205 25 2697 137 127 191 118 234 171 275 28 365 30 34 71 61 124 109 218 354 246 135 185 83 190 339 138 194 182 276 103 257 85 5 43 363 246 12 49 318 37 376 184 361 106 330 184 265 47 87 162 233 173
206 25 2665 344 72 212 233 268 193 260 70 351 146 76 96 309 21 307 7 140 245 384 73 14 244 129 93 77 95 89 165 206 123 339 102 347 200 86 14 244 146 333 195 291 108 90 101 231 248 159 222 45 142
207 25 2534 295 108 37 75 353 15 319 43 131 174 266 220 177 212 219 63 377 163 208 159 209 100 268 100 201 200 197 159 372 191 53 68 251 139 144 203 106 14 147 36 89 12 257 166 175 26 128 151 90 185
208 25 1954 11 100 336 131 99 86 232 45 47 205 88 249 372 90 139 117 44 244 80 240 32 169 154 238 34 178 315 163 31 6 399 91 205 84 223 53 70 5 150 16 209 139 214 83 78 104 199 121 148 181
209 25 2674 310 81 399 65 370 34 343 35 96 173 192 246 365 99 379 188 203 248 242 202 115 2 92 230 134 169 184 135 241 33 103 113 65 167 334 150 11 20 47 183 362 192 300 10 70 87 112 18 280 66
210 25 2466 184 233 59 214 367 130 199 53 20 181 317 224 45 131 191 28 332 151 148 78 136 61 69 85 322 38 73 183 207 4 391 236 6 154 190 104 256 209 284 174 283 30 56 175 257 37 177 206 364 214
211 25 2706 368 132 250 39 170 172 274 178 177 173 318 13 283 125 72 228 174 233 313 249 67 142 305 43 1 191 219 108 255 35 276 38 284 14 359 208 37 237 334 112 156 98 144 31 116 118 108 191 352 121
212 25 2512 89 218 164 195 60 164 236 80 72 42 264 247 231 150 62 240 209 199 76 44 360 233 292 5 213 109 174 123 151 175 293 191 142 208 136 3 172 123 383 245 316 48 93 196 249 204 335 7 252 12
213 25 2525 151 63 145 44 218 109 304 41 181 6 116 75 196 209 33 183 362 6 205 146 350 172 93 92 294 45 104 100 399 166 52 111 162 147 378 120 300 71 203 155 388 27 53 198 211 237 109 166 44 54
214 25 2820 315 65 49 6 332 44 103 86 243 201 53 247 261 216 191 187 143 13 389 49 2 18 51 199 378 238 258 94 333 13 210 47 213 116 379 6 220 166 301 70 370 247 132 187 322 123 131 84 262 82
215 25 2627 385 29 84 136 358 23 343 151 305 107 111 52 272 228 282 177 47 149 229 18 120 25 49 56 364 71 78 196 306 41 79 193 319 63 328 127 135 172 129 192 280 241 151 218 176 80 16 124 308 35
216 25 2092 93 133 334 150 198 206 327 93 113 118 274 5 88 136 234 16 122 207 45 13 287 135 7 137 205 82 116 222 107 74 57 151 306 142 55 97 297 159 96 222 216 133 157 51 99 31 8 43 343 94
217 25 2438 329 150 330 85 83 48 257 140 21 165 292 178 206 192 332 152 170 30 262 15 302 177 47 210 30 45 240 87 239 33 120 34 211 154 118 58 12 209 180 226 151 207 33 42 388 136 248 77 276 223
218 25 2456 382 155 170 22 341 160 356 22 79 189 33 235 108 192 246 217 372 124 69 178 58 62 368 244 272 189 291 98 11 218 322 42 23 41 213 215 51 218 89 31 158 121 315 16 264 163 184 135 138 2
219 25 2601 215 245 313 32 238 186 172 28 385 82 198 56 173 220 349 38 86 149 105 124 31 115 246 46 80 10 58 65 344 95 66 160 341 230 243 179 65 114 258 49 195 155 306 170 274 154 257 12 204 211
220 25 3030 85 185 127 231 132 56 392 141 372 87 287 37 397 27 318 39 5 32 253 13 382 199 317 240 143 143 174 154 249 137 90 185 213 222 166 221 363 8 342 150 144 81 246 222 248 184 327 82 288 41
221 25 2681 115 137 9 104 204 53 399 180 156 247 16 198 281 230 169 48 102 232 255 244 333 250 326 128 271 225 213 249 258 203 289 23 339 200 94 2 276 123 108 72 390 7 354 122 25 151 223 8 157 18
222 25 2675 40 158 143 219 329 20 334 127 77 186 318 51 276 217 279 69 118 104 344 27 285 33 181 56 10 134 229 169 240 246 109 200 141 229 178 60 114 56 388 249 123 139 326 39 267 147 359 122 142 135
223 25 2190 199 226 120 30 384 181 63 214 149 204 209 109 103 101 38 82 212 151 152 2 160 90 79 101 358 225 359 81 66 195 80 94 116 9 27 246 73 190 345 78 350 203 381 203 142 164 14 145 201 165
224 25 2477 398 113 256 76 313 65 353 23 46 168 267 125 61 135 135 89 130 7 228 76 84 130 179 166 332 22 180 45 116 232 62 15 244 167 141 56 82 243 330 229 149 103 75 133 337 213 164 195 293 190
225 25 2563 130 222 320 148 353 91 229 97 259 60 358 123 4 177 15 61 260 57 393 238 121 91 92 45 223 130 338 74 151 127 155 172 46 202 124 139 80 173 47 90 282 221 195 108 336 7 367 194 249 206
226 25 2574 114 41 347 10 115 26 119 53 351 69 179 6 41 227 357 214 365 89 88 213 180 170 283 124 77 218 182 246 212 81 203 127 323 52 137 88 27 5 90 130 75 170 387 165 396 45 231 112 270 74
227 25 2178 62 239 157 137 268 76 169 113 89 51 17 216 73 68 54 110 97 60 151 126 334 21 12 1 318 156 183 130 141 152 55 52 291 163 189 8 309 222 177 209 388 144 131 56 147 193 202 156 343 29
228 25 1982 292 165 142 242 183 249 74 164 139 225 18 43 367 233 33 224 221 241 47 149 399 35 43 31 92 241 273 95 99 118 375 240 384 216 281 168 114 156 81 205 30 151 97 199 135 79 24 205 21 71
229 25 2745 255 119 57 99 99 250 342 224 344 190 43 170 29 76 385 11 144 200 166 176 206 147 178 104 95 162 382 119 218 102 189 25 372 247 273 73 296 64 298 191 253 90 60 33 317 96 93 112 397 208
230 25 2192 140 153 5 169 56 51 133 40 169 150 343 209 326 167 105 149 289 200 364 136 190 169 77 249 1 93 196 96 357 93 255 196 395 9 2 162 96 243 30 48 286 141 323 152 73 242 37 127 136 157
231 25 2429 205 137 109 249 132 54 105 174 9 250 270 69 116 224 80 113 166 162 160 201 352 85 154 146 107 195 292 145 273 180 203 227 316 112 178 147 65 132 323 225 34 44 244 51 367 125 263 233 336 73
232 25 3123 135 189 9 239 137 165 385 80 162 60 359 64 238 74 275 215 273 192 297 245 316 182 338 61 382 157 386 144 389 73 218 25 64 76 315 50 293 150 179 106 61 138 321 198 363 196 313 135 39 111
233 25 2738 381 6 394 19 17 125 127 104 170 17 178 40 141 141 117 156 392 59 307 23 366 217 212 37 264 74 34 178 9 72 288 41 377 181 259 245 207 187 250 129 3 228 268 244 220 134 151 12 345 9
234 25 2798 286 60 375 147 148 240 270 31 318 30 204 57 171 133 390 231 29 98 279 226 320 156 343 215 125 27 117 238 223 75 173 232 99 121 232 141 91 62 110 222 168 68 394 250 159 125 328 107 244 8
235 25 2677 334 115 63 77 82 140 155 248 379 127 323 204 60 223 324 241 165 16 255 124 238 124 92 131 225 52 157 202 352 62 394 217 222 148 15 76 345 194 304 69 49 115 192 72 158 6 290 112 182 29
236 25 2675 337 25 261 61 26 118 264 86 369 175 31 37 49 2 86 215 179 33 360 232 201 8 348 244 332 155 252 121 68 83 299 204 257 159 164 34 128 128 271 199 152 101 387 52 73 17 330 155 126 113
237 25 2634 207 136 311 101 17 67 2 39 35 136 87 138 194 197 154 229 277 131 250 227 284 50 263 86 254 37 202 135 341 229 98 150 364 160 380 226 203 218 360 188 206 150 333 55 103 111 183 135 160 59
238 25 2544 118 212 273 3 115 10 306 99 52 185 298 201 148 107 352 80 183 206 199 94 293 155 395 127 311 99 88 143 283 149 103 151 60 25 105 176 86 211 327 188 147 74 240 44 33 144 325 217 249 124
239 25 2239 260 94 80 7 270 190 255 207 34 88 108 236 90 67 62 94 245 248 156 221 237 152 346 128 148 178 171 22 144 120 195 56 113 24 162 182 215 166 291 100 105 198 287 194 116 49 340 210 48 45
240 25 2282 130 36 397 76 263 244 5 184 167 101 53 12 56 117 187 69 50 54 136 140 153 191 289 90 386 55 340 125 364 137 20 46 222 218 73 186 63 77 69 179 177 23 190 184 141 179 352 141 282 88
241 25 2026 130 236 280 219 25 115 23 64 190 138 302 11 383 75 128 155 111 40 84 231 18 10 156 10 396 96 88 47 86 21 386 118 306 115 138 183 82 62 198 71 49 150 31 132 126 160 38 86 299 221
242 25 2425 367 18 333 24 27 128 369 66 226 207 386 114 174 194 28 11 126 161 22 223 331 122 374 163 5 50 43 237 272 65 205 140 47 178 118 126 247 84 104 3 121 117 378 66 246 188 41 107 261 16
243 25 2864 189 232 241 102 287 140 75 181 179 249 395 133 390 244 261 7 271 209 242 224 263 65 240 240 230 36 79 173 344 241 90 182 172 130 233 160 222 160 290 100 158 187 334 249 182 246 157 2 204 49
244 25 3119 378 118 265 167 257 196 254 237 220 149 177 9 281 51 191 215 310 112 324 152 363 133 340 248 131 221 394 238 124 49 238 151 167 204 270 125 99 75 262 119 224 190 179 54 290 219 168 52 332 244
245 25 2253 255 244 28 244 142 109 266 87 398 139 235 187 42 51 192 163 376 242 337 139 160 62 178 191 215 68 259 235 171 91 330 25 36 57 170 29 67 185 16 175 50 2 2 95 278 179 187 67 117 48
246 25 2634 278 247 188 243 266 147 379 136 189 158 12 24 264 131 353 231 215 19 346 239 120 150 157 22 44 134 2 182 200 119 80 78 317 217 122 132 265 102 169 53 359 130 229 74 360 231 56 176 299 202
247 25 2164 266 221 53 172 92 48 8 43 230 209 163 61 188 81 79 59 212 94 312 80 348 122 111 176 396 70 308 101 195 109 4 11 129 208 34 172 56 191 216 87 200 181 97 37 361 127 248 223 22 209
248 25 2636 104 70 381 215 97 128 236 207 378 233 115 234 395 245 341 128 366 196 69 83 184 70 63 132 206 24 359 155 148 80 164 1 301 46 17 200 23 203 306 2 187 72 285 131 166 176 160 83 221 30
249 25 3049 215 5 399 178 236 57 301 246 161 150 126 176 250 178 371 69 327 245 23 32 297 159 155 83 341 122 358 250 354 231 280 221 87 230 350 74 386 52 20 99 201 247 374 202 74 97 220 51 193 142
250 25 2310 184 41 50 139 174 42 210 131 42 66 261 71 188 197 150 137 221 188 290 192 186 240 288 161 91 111 7 63 313 52 104 49 192 106 339 215 47 150 96 188 215 58 360 204 255 12 27 199 331 170
251 25 2107 286 72 57 246 63 69 355 75 234 156 380 232 297 87 220 212 84 21 309 23 86 216 35 41 22 246 33 50 196 213 169 131 287 177 28 149 98 82 225 31 39 56 164 86 193 235 149 126 205 57
252 25 2497 350 92 224 234 233 196 79 217 197 126 131 66 306 167 94 234 317 191 267 93 73 6 249 186 193 41 122 91 268 129 349 17 120 224 201 204 321 81 72 118 57 53 83 64 171 128 199 238 319 66
253 25 2207 180 141 371 228 179 115 20 200 55 137 130 55 56 150 78 108 105 49 38 227 116 246 331 200 360 201 277 208 188 247 175 120 138 47 299 168 211 69 167 115 157 47 171 62 98 49 154 199 361 182
254 25 2678 314 56 212 165 317 115 243 27 4 90 201 23 127 198 222 144 108 142 112 223 248 10 95 112 9 143 382 13 141 44 396 56 300 108 372 168 72 165 194 227 204 95 350 82 292 73 227 149 214 40
255 25 2610 323 13 250 68 376 60 312 210 324 5 203 220 10 204 127 234 222 150 148 65 128 3 9 227 184 200 151 160 251 114 299 25 329 100 142 204 310 6 213 83 16 52 371 119 230 154 290 231 3 55
256 25 2890 59 155 265 37 88 117 238 249 367 153 348 91 81 149 185 187 308 40 149 243 151 116 196 71 137 228 377 76 260 229 282 120 284 149 309 223 215 48 372 81 250 21 223 183 269 57 219 79 148 69
257 25 2642 173 98 35 170 371 21 297 97 148 59 325 32 330 60 80 38 83 194 335 4 26 137 276 148 19 44 207 39 224 4 107 146 252 143 316 224 215 64 120 65 396 96 154 56 327 41 190 172 278 45
258 25 2348 197 114 70 46 384 65 202 72 389 208 230 36 311 25 203 134 41 17 355 240 198 152 295 105 128 136 94 51 163 190 47 78 309 143 111 174 196 34 62 53 15 247 213 41 152 96 282 68 50 238
259 25 2788 259 200 390 4 56 19 391 200 320 205 341 18 232 100 312 142 323 108 127 86 362 191 284 225 382 235 22 15 104 174 2 63 223 141 68 28 12 158 379 81 162 70 200 143 169 212 286 43 171 14
260 25 2497 330 182 56 163 258 37 200 32 203 153 255 155 217 77 147 234 306 158 341 35 40 104 204 142 398 124 303 233 318 125 198 247 156 154 59 166 242 158 149 195 113 3 201 229 31 97 213 136 57 205
261 25 2996 220 196 111 125 287 8 250 41 343 117 165 190 13 73 393 124 190 135 233 138 231 45 292 131 274 172 377 88 257 83 142 79 81 202 355 69 312 155 12 154 323 228 345 236 352 38 311 241 124 93
262 25 2889 30 204 88 221 336 13 242 162 350 51 297 243 79 79 247 183 199 108 189 210 363 62 290 57 399 191 196 109 334 219 51 13 224 190 236 209 354 227 23 153 271 146 157 249 144 42 349 151 330 59
263 25 2401 263 143 121 41 240 117 251 173 187 54 88 63 343 123 73 47 399 197 151 228 317 48 186 217 191 229 16 93 161 226 257 203 77 128 96 166 246 96 89 32 199 228 346 142 50 69 390 50 65 192
264 25 2614 77 234 140 215 352 80 45 219 373 105 396 129 358 72 158 5 388 203 350 178 387 249 155 32 242 106 302 133 319 74 184 52 13 248 295 42 74 167 199 71 47 158 93 5 112 232 159 11 11 145
265 25 2483 209 17 77 102 272 128 184 26 296 160 99 222 158 54 316 52 279 234 350 149 133 207 391 237 168 124 47 230 384 42 341 150 220 192 323 197 78 149 45 187 109 195 60 217 348 226 18 178 61 169
266 25 2392 77 43 375 219 81 94 393 28 273 78 319 163 380 138 107 202 286 234 202 180 270 11 25 179 129 224 256 198 102 67 16 80 61 240 148 92 35 242 269 7 20 39 72 149 276 228 252 213 361 154
267 25 2910 395 232 364 221 62 94 294 120 141 197 138 156 76 248 97 74 339 181 315 59 389 236 249 60 284 226 189 86 149 91 183 182 56 153 344 199 398 165 239 247 302 246 372 199 42 197 390 24 14 50
268 25 2833 64 99 349 224 135 224 264 22 164 63 362 196 246 69 50 141 67 250 305 5 296 6 250 119 257 93 366 48 318 31 297 131 181 197 56 167 221 170 88 36 284 151 282 179 369 33 270 235 126 91
269 25 2017 129 84 92 248 140 136 265 39 203 47 185 234 327 82 239 194 154 108 233 139 41 134 322 222 157 143 141 240 68 233 119 201 27 218 42 162 234 230 115 30 67 100 306 150 40 101 105 248 284 243
270 25 2705 190 69 67 11 222 173 253 62 212 123 297 132 175 173 299 219 234 82 98 200 63 16 149 19 115 189 371 19 338 54 364 179 322 32 390 246 204 194 9 217 18 55 249 93 227 49 361 61 183 110
271 25 2989 312 195 126 13 165 142 201 36 363 90 389 126 168 63 307 59 358 212 303 216 28 22 271 128 64 247 327 26 109 11 386 123 305 113 385 122 206 187 157 118 226 97 45 43 359 1 54 68 364 58
272 25 2324 234 242 179 156 171 193 104 249 218 163 109 205 185 214 169 21 35 25 257 93 94 232 239 89 26 200 41 79 17 5 386 50 348 67 305 68 359 209 167 78 173 177 235 109 240 53 29 76 329 187
273 25 2731 368 173 318 209 161 145 308 201 326 174 157 63 126 154 379 30 174 239 390 242 17 164 118 201 22 58 205 2 135 34 238 5 156 207 213 68 354 222 68 29 395 75 93 220 280 72 102 153 360 43
274 25 2264 344 228 157 62 130 80 371 135 84 57 20 223 111 77 332 125 394 235 346 13 115 93 237 57 12 19 230 15 121 142 108 167 21 116 30 1 297 50 37 230 8 6 253 19 134 86 345 77 291 89
275 25 1901 86 183 328 194 146 46 74 213 68 167 222 234 187 89 65 239 285 214 277 115 24 184 69 42 17 4 38 193 175 80 234 210 14 13 103 210 60 178 274 227 294 145 163 83 83 227 273 219 243 250
276 25 2257 183 66 33 103 359 50 358 198 144 132 228 79 391 141 41 96 352 102 173 225 131 219 271 95 51 55 71 75 224 215 24 208 82 109 161 192 10 120 340 103 202 167 34 194 26 39 311 78 314 187
277 25 3046 208 132 310 102 334 64 74 108 389 91 184 147 324 142 59 16 201 178 207 105 281 25 338 225 283 114 165 145 393 28 232 152 361 91 155 44 306 230 54 195 22 37 241 246 380 1 213 180 378 221
278 25 2689 84 209 295 24 235 29 337 1 274 31 381 107 32 141 149 138 187 54 317 142 300 39 28 42 236 59 342 248 138 72 18 21 82 64 194 166 392 32 266 117 314 46 225 95 139 123 34 177 379 201
279 25 2522 68 230 241 97 322 226 5 63 123 142 86 42 314 117 355 160 82 48 93 50 115 207 97 91 303 235 216 237 111 94 239 80 375 129 176 196 154 80 228 73 196 219 187 213 273 98 396 120 290 145
280 25 2550 236 198 344 227 151 178 342 189 241 237 277 20 61 207 98 209 60 127 371 237 150 16 157 138 80 231 85 176 326 172 338 174 265 64 276 145 357 166 235 45 94 206 55 200 205 15 11 232 285 199
281 25 2460 183 201 5 22 82 235 58 57 86 83 79 23 108 195 38 233 289 246 200 25 340 243 347 44 387 111 254 20 146 204 154 98 175 229 394 32 338 230 167 218 54 74 262 144 209 103 389 158 177 31
282 25 2047 253 209 227 46 298 89 302 17 136 5 23 83 13 197 64 108 381 153 37 47 320 43 20 133 86 130 235 176 140 214 258 142 274 184 39 21 75 90 40 110 295 162 93 159 210 208 216 40 60 205
283 25 2513 288 81 199 160 15 136 39 152 261 178 165 221 121 240 154 210 113 28 99 2 390 245 82 153 326 241 371 218 152 77 355 134 325 64 48 60 205 201 372 132 365 192 103 55 148 114 19 77 312 122
284 25 2529 316 157 286 99 11 63 89 33 230 142 59 185 225 33 350 75 94 54 25 166 88 192 142 98 206 55 266 233 387 48 74 224 349 237 386 87 369 168 181 128 304 207 362 53 56 209 158 223 46 201
285 25 2340 131 39 298 87 93 15 21 160 53 70 336 76 368 222 213 7 340 130 137 219 283 145 281 238 178 186 46 185 8 43 337 88 133 136 26 127 300 48 38 104 18 123 179 185 296 243 293 38 275 231
286 25 2170 106 57 26 236 196 153 273 193 137 32 187 175 322 19 210 247 95 61 345 33 364 14 57 92 250 203 36 93 140 160 123 97 19 198 135 214 350 207 359 38 191 95 62 62 64 123 10 110 283 56
287 25 2640 242 96 219 149 339 119 203 225 163 44 236 135 90 54 385 74 20 136 183 128 324 223 122 237 36 187 160 45 247 144 351 40 240 21 290 28 141 242 104 155 337 90 140 27 145 76 202 114 361 84
288 25 2616 93 236 308 167 125 43 303 36 388 1 229 40 141 20 362 80 150 5 74 3 309 60 144 198 289 125 190 154 97 173 33 15 347 127 117 134 314 220 363 105 310 82 69 191 131 123 316 86 31 128
289 25 2681 31 81 217 69 105 56 275 142 83 173 267 67 137 15 393 155 299 9 374 63 365 235 146 83 78 79 155 243 164 236 222 44 168 139 65 122 396 141 316 28 213 32 144 101 346 139 57 46 347 231
290 25 2626 8 111 217 104 296 94 382 250 287 197 187 58 242 4 98 158 178 94 148 93 123 212 226 67 212 123 307 21 319 55 251 128 115 67 31 210 361 14 12 99 198 8 206 152 356 163 329 149 163 73
291 25 2411 171 24 198 39 238 170 247 208 51 60 68 166 278 150 127 240 14 140 388 77 288 198 182 41 153 97 271 3 359 93 275 182 40 116 221 161 62 178 101 63 89 168 230 67 217 158 156 82 398 246
292 25 2386 111 187 293 92 227 47 88 247 149 198 291 125 30 182 190 202 192 52 80 44 316 218 11 147 86 130 4 192 361 203 337 221 189 129 315 115 225 204 63 75 352 5 299 133 186 41 134 130 244 65
293 25 2509 173 159 333 134 207 20 363 210 211 75 115 249 298 153 279 62 270 5 117 184 379 18 189 130 352 124 86 3 113 2 76 123 134 161 29 156 125 90 266 99 304 115 248 109 195 11 28 200 128 161
294 25 2230 228 247 99 9 25 30 136 77 294 187 354 116 23 14 96 228 288 188 295 239 93 161 86 1 6 199 230 55 176 241 34 174 191 45 324 15 224 209 94 68 348 47 185 172 163 31 351 52 118 195
295 25 2271 240 110 8 228 13 63 278 42 219 103 334 152 326 75 246 152 291 122 260 236 139 209 335 223 32 47 155 232 50 72 179 240 34 236 119 98 198 96 239 118 173 19 277 199 17 78 91 188 290 227
296 25 2210 176 100 313 200 32 111 205 63 10 228 191 151 13 76 321 210 125 166 249 92 267 121 263 244 221 131 173 161 268 212 289 45 62 201 44 245 161 150 57 121 228 250 373 240 127 194 202 152 50 95
297 25 2835 28 122 109 123 242 39 247 54 158 211 393 2 322 95 148 16 258 99 374 128 78 173 352 170 300 45 71 103 6 120 349 135 93 60 107 236 348 153 389 158 213 183 161 236 260 103 335 59 329 14
298 25 2570 236 51 265 55 352 160 127 206 67 246 355 151 290 64 109 175 263 13 164 170 226 146 33 213 125 242 218 59 2 148 324 38 198 39 294 52 250 173 107 168 170 11 318 210 376 76 234 41 38 199
299 25 2646 62 65 45 94 30 221 386 149 180 237 296 203 176 95 243 172 146 244 394 5 311 113 217 80 174 43 157 58 335 197 356 246 313 202 90 242 73 27 92 54 365 37 258 241 384 53 114 231 96 107
