0 25 669 74 23 57 175 96 37 99 62 7 26 25 126 33 185 68 174 69 71 53 106 32 142 52 234 59 67 48 115 45 41 41 167 47 17 65 134 28 92 90 152 19 74 86 236 54 158 51 111 40 92
1 25 554 13 23 9 223 39 58 90 233 50 180 51 47 96 65 32 160 43 225 1 46 44 74 81 172 37 39 22 100 28 65 62 202 24 34 40 133 73 124 33 4 49 41 12 210 85 236 30 131 64 158
2 25 679 2 152 29 51 31 94 64 32 19 247 23 153 72 46 85 177 71 215 78 61 28 39 97 166 1 179 98 87 43 11 45 194 25 244 46 70 57 227 90 56 99 243 79 46 7 67 96 234 73 178
3 25 731 90 123 56 138 61 200 48 55 94 14 82 239 9 203 86 43 55 186 37 35 15 41 50 110 75 128 85 47 74 21 62 61 31 212 88 207 24 19 95 32 21 94 69 115 57 1 32 88 66 123
4 25 714 39 177 49 68 11 147 23 35 17 236 97 99 99 7 38 5 80 58 2 214 79 145 32 245 95 138 96 228 77 63 100 17 91 200 35 54 46 59 14 44 86 65 43 2 74 60 37 190 69 184
5 25 748 43 58 81 120 37 195 72 3 36 21 89 219 45 28 82 41 63 248 35 157 83 231 59 137 67 100 85 187 33 127 95 166 46 231 10 169 97 42 22 187 60 66 66 193 58 81 91 192 42 227
6 25 697 67 100 63 86 99 97 72 83 25 118 48 172 10 91 33 58 82 206 95 243 23 60 37 81 92 227 29 120 50 47 19 212 32 19 56 204 34 123 51 8 73 12 98 107 70 81 62 166 75 184
7 25 670 27 211 16 69 90 138 99 159 89 195 80 153 29 100 62 184 3 148 56 106 55 128 17 104 84 38 86 45 53 210 81 30 22 196 98 163 35 246 72 24 92 153 76 220 2 89 5 88 11 160
8 25 769 94 188 78 197 74 166 82 170 68 43 2 249 67 48 96 79 84 193 52 107 87 154 34 158 56 75 61 62 62 223 73 6 12 200 85 115 86 57 30 158 83 96 57 179 77 141 28 247 11 182
9 25 556 33 69 89 57 81 250 68 203 24 223 14 123 27 101 38 164 57 72 45 166 4 143 73 184 69 113 59 196 11 169 29 193 17 101 71 191 43 87 64 21 39 153 36 47 26 231 62 81 34 117
10 25 579 41 148 77 88 9 247 17 153 86 85 4 154 53 174 95 168 65 60 39 3 14 76 49 241 6 112 72 30 48 40 22 45 18 10 5 114 78 10 99 12 63 205 66 38 33 111 55 47 45 151
11 25 563 36 71 51 178 28 162 1 8 11 140 79 58 7 40 12 223 17 173 23 229 37 227 96 74 56 131 59 30 77 209 47 9 94 127 95 134 33 236 14 92 54 6 67 22 78 89 15 168 40 78
12 25 545 3 20 37 184 97 197 95 58 46 123 30 140 56 114 27 22 6 71 61 137 48 138 76 98 4 143 44 72 49 215 60 83 63 109 32 60 16 229 82 245 68 40 10 95 11 17 15 137 54 234
13 25 632 17 129 83 22 23 177 67 46 78 182 6 10 96 214 93 155 81 72 87 225 41 228 86 237 38 53 2 26 31 55 9 97 35 192 71 9 20 187 54 249 18 11 58 214 76 203 70 56 24 158
14 25 616 32 64 35 168 51 24 22 54 49 202 10 58 96 101 21 104 72 57 57 171 27 20 30 92 95 232 61 151 55 71 34 171 73 229 24 228 79 176 89 186 26 134 88 48 87 162 6 245 14 213
15 25 598 23 109 45 236 11 51 56 244 73 112 47 247 92 120 24 71 97 114 58 222 98 121 33 9 77 80 8 93 4 233 1 98 70 163 99 227 7 73 90 53 20 132 74 145 71 9 13 244 5 110
16 25 546 15 90 70 43 69 161 2 113 65 36 66 14 5 78 14 183 86 87 23 240 8 106 64 152 11 36 60 23 29 165 85 245 6 204 37 126 91 238 31 126 3 146 83 160 63 168 48 137 58 105
17 25 568 92 23 56 2 58 166 77 188 32 111 33 139 14 71 80 161 3 162 37 108 8 119 40 217 7 166 70 116 20 113 88 25 67 47 42 93 35 75 55 167 13 220 39 78 52 250 81 13 38 140
18 25 545 20 108 29 138 40 37 55 111 3 174 26 142 1 144 39 92 86 173 19 142 91 83 11 29 61 212 30 193 27 17 82 146 62 136 18 48 90 30 2 66 44 116 98 234 9 85 58 179 89 78
19 25 578 22 150 10 216 76 178 99 224 54 160 61 221 7 102 9 167 4 134 56 37 45 141 46 223 68 195 84 156 24 7 6 183 74 133 72 208 66 131 18 86 38 122 87 198 40 245 1 126 89 170
20 25 783 91 136 94 158 30 228 66 203 86 73 60 205 98 131 65 213 14 34 50 53 5 188 52 45 33 102 72 233 92 191 75 227 84 182 58 13 97 110 99 169 47 110 26 46 90 110 23 9 59 30
21 25 678 99 210 76 231 13 197 15 106 89 89 32 172 72 239 37 71 51 237 91 149 96 168 45 39 9 54 84 165 54 163 64 88 28 136 11 34 24 49 67 147 22 58 83 92 58 169 85 156 52 202
22 25 593 3 211 56 250 44 22 58 86 18 47 82 146 92 31 5 92 47 53 15 54 86 159 63 154 93 171 70 246 22 174 29 173 51 250 75 8 37 195 6 168 42 87 61 222 43 154 20 46 69 124
23 25 609 83 27 88 36 21 58 5 66 30 228 24 10 52 24 10 127 34 48 23 39 68 114 78 130 37 72 56 117 54 231 51 132 69 137 2 28 43 17 9 123 40 69 74 16 80 102 99 227 89 44
24 25 569 89 16 76 175 38 59 33 56 14 115 57 45 95 246 13 187 12 171 59 4 39 35 69 168 88 167 47 114 7 142 2 73 17 129 62 225 11 169 90 25 27 34 60 71 79 74 10 143 44 168
25 25 545 46 85 4 164 52 42 32 248 5 238 40 108 62 56 36 173 33 248 94 224 25 120 58 86 41 138 59 50 30 152 69 27 88 225 16 223 89 22 13 180 29 224 17 249 20 214 42 193 90 61
26 25 595 2 25 53 190 83 152 19 187 23 246 24 47 37 215 62 112 4 185 13 249 70 131 97 241 95 188 86 34 51 189 61 203 28 195 57 199 31 29 44 7 25 82 73 238 22 218 63 86 67 182
27 25 479 67 213 25 163 53 162 48 205 8 157 28 153 13 28 85 243 21 243 4 66 99 143 77 18 5 163 34 189 29 49 65 41 26 88 7 177 15 6 50 80 33 184 22 105 41 9 44 44 59 236
28 25 772 73 76 91 135 12 181 15 62 95 155 64 72 94 172 48 241 88 4 42 217 36 178 41 141 56 131 1 49 76 161 84 248 26 132 99 58 96 162 2 2 77 123 98 223 86 226 82 104 63 109
29 25 669 44 105 64 124 55 112 65 247 47 205 75 131 3 182 28 217 36 230 93 60 77 193 32 216 80 109 97 35 22 5 79 76 68 4 83 31 53 149 78 152 52 32 58 185 11 124 20 90 18 80
30 25 577 68 110 11 186 91 220 84 76 43 189 56 220 8 209 52 139 62 151 18 115 53 169 48 160 58 135 25 50 4 19 64 164 7 235 88 232 29 178 39 99 87 247 50 127 60 250 44 74 5 164
31 25 593 23 116 69 133 1 93 82 155 96 200 68 161 6 74 45 157 76 172 95 224 10 44 24 37 53 175 80 179 31 94 3 247 12 85 97 54 16 3 51 68 20 211 75 96 58 169 54 84 42 49
32 25 661 7 101 94 232 39 196 9 169 26 139 14 179 35 177 63 233 32 131 82 50 44 224 52 152 5 235 85 105 93 137 98 227 78 96 96 71 73 111 49 110 89 114 42 220 46 179 53 145 18 138
33 25 723 97 213 42 133 49 49 28 135 96 104 12 191 88 109 64 62 71 214 59 77 65 30 72 43 82 168 27 128 85 216 74 99 57 159 55 36 84 53 89 47 45 78 6 208 39 78 10 139 50 26
34 25 562 68 124 18 150 41 146 27 178 11 52 26 19 60 123 95 206 28 235 52 224 14 9 32 155 37 205 4 91 94 29 8 143 70 53 21 247 65 73 24 33 46 8 79 201 87 215 55 111 63 144
35 25 610 83 1 48 98 77 3 38 173 32 197 65 203 51 188 99 115 10 174 49 143 20 109 23 222 95 88 28 207 18 191 50 202 93 49 22 52 40 246 35 136 60 137 86 99 37 100 58 110 3 131
36 25 707 56 225 3 53 64 230 11 231 72 63 84 167 61 184 90 14 73 235 50 110 96 186 45 245 24 46 54 84 14 201 81 168 5 194 98 68 77 21 80 60 37 240 46 28 70 12 30 10 93 24
37 25 501 54 166 22 207 49 167 63 65 19 145 82 74 90 231 91 68 52 122 30 40 13 75 18 68 44 181 25 175 40 17 51 45 32 222 33 138 66 97 6 112 80 31 1 161 23 221 14 144 5 107
38 25 673 74 74 76 19 5 100 94 46 68 244 41 2 67 194 36 204 61 232 59 22 13 192 24 25 14 144 88 210 93 193 66 218 39 122 45 134 70 214 79 110 15 45 50 248 65 183 8 188 96 99
39 25 605 63 220 65 107 10 124 1 154 91 121 71 233 9 143 79 92 14 193 22 123 57 216 59 213 43 41 82 88 73 194 58 87 52 19 5 172 75 192 86 235 78 199 7 99 15 64 51 223 45 116
40 25 747 51 76 53 123 22 112 59 125 80 20 29 51 71 205 45 57 89 30 73 218 31 168 83 54 70 210 35 13 78 139 85 49 1 94 23 232 63 204 86 158 79 244 99 8 66 18 88 96 36 91
41 25 614 92 18 96 61 30 245 47 92 72 136 76 72 38 171 97 219 86 50 3 73 57 183 16 7 93 233 75 232 80 62 71 79 19 184 60 164 37 167 31 111 4 201 7 225 6 77 14 112 21 154
42 25 573 7 197 35 236 8 59 9 188 77 42 98 242 73 150 31 240 82 141 95 233 47 219 20 102 46 180 17 157 6 87 12 163 50 142 56 210 80 183 1 129 26 74 65 162 96 159 42 128 67 245
43 25 647 75 196 62 33 4 200 94 168 85 91 17 78 47 229 9 229 79 137 69 162 20 30 7 79 77 149 8 143 45 82 41 6 64 94 56 159 11 142 99 29 57 80 88 216 31 93 86 142 63 67
44 25 607 41 193 48 148 86 95 81 128 50 194 73 157 4 185 2 65 69 99 22 50 61 15 55 103 1 48 17 17 9 62 47 158 99 91 88 126 93 33 49 236 34 99 98 69 38 221 18 212 31 234
45 25 656 17 186 36 166 54 155 63 163 16 162 70 214 52 160 41 44 92 240 45 30 73 193 69 122 13 206 93 230 67 73 65 35 60 101 51 114 7 115 28 72 26 197 87 28 58 179 50 20 79 94
46 25 699 61 247 15 173 4 57 54 220 82 69 5 193 71 57 6 127 85 50 97 232 88 76 39 68 98 190 87 15 70 180 75 68 46 100 53 103 93 136 23 49 78 43 55 236 21 25 20 70 73 103
47 25 661 9 148 44 26 48 185 64 12 5 245 88 222 41 37 95 145 92 137 30 14 35 209 7 39 94 179 65 66 49 90 70 59 87 163 34 98 50 97 52 145 75 135 25 19 81 16 62 132 20 40
48 25 663 81 16 18 246 31 68 87 100 27 173 65 63 59 212 62 207 15 208 95 241 94 72 10 74 39 118 35 70 9 55 89 172 77 236 54 246 72 203 97 169 36 57 80 248 46 57 1 131 48 74
49 25 552 19 15 61 241 75 167 49 64 38 27 1 191 23 175 95 246 21 164 82 177 31 41 41 187 2 79 37 184 78 113 5 194 89 45 34 126 72 184 16 196 58 162 91 80 25 74 8 220 54 149
50 25 534 12 243 2 90 79 136 19 41 40 212 15 84 80 53 13 30 51 149 47 98 8 109 91 188 33 214 45 4 20 45 62 247 56 190 34 224 25 38 10 117 89 82 81 142 82 228 39 189 36 129
51 25 649 26 120 95 23 24 214 67 138 27 165 46 16 98 21 50 222 58 149 31 27 20 108 82 111 41 111 1 229 48 182 7 168 76 229 91 191 80 17 60 225 84 107 86 181 5 84 61 181 35 232
52 25 618 40 116 94 180 29 145 9 126 28 217 43 155 95 185 89 215 13 50 41 96 88 31 39 43 66 201 25 50 35 215 68 228 44 96 74 154 71 151 70 116 55 166 50 1 5 14 4 157 61 212
53 25 751 94 43 2 188 11 203 63 160 87 79 29 66 74 226 40 80 47 42 51 164 99 217 13 199 71 79 64 176 85 26 90 130 20 241 68 30 95 182 92 133 60 70 96 238 14 94 81 65 57 79
54 25 683 31 71 30 3 99 245 83 20 71 13 91 214 32 71 8 215 12 243 24 33 60 180 80 24 23 160 90 131 39 72 52 220 76 100 64 205 85 85 28 199 25 141 45 250 44 158 92 169 82 30
55 25 608 20 63 3 245 73 94 77 63 15 178 82 90 30 97 47 66 31 74 14 55 66 245 65 88 59 159 58 199 42 137 21 5 67 227 85 243 41 152 23 24 93 152 70 91 17 50 64 82 54 81
56 25 679 26 205 98 15 64 156 74 14 47 110 36 203 53 52 31 240 97 171 93 169 96 85 70 165 76 138 16 191 19 170 72 146 21 160 41 26 33 157 24 94 92 29 49 96 59 188 42 82 30 12
57 25 567 77 116 33 144 93 70 9 84 40 230 7 137 56 179 46 246 4 30 79 225 48 57 73 143 18 212 86 49 43 247 27 211 29 170 53 100 88 91 58 96 65 24 24 13 5 16 10 81 63 118
58 25 714 6 57 85 67 92 235 62 140 22 170 33 76 21 161 14 63 71 61 91 35 35 14 99 15 70 165 74 201 29 92 8 136 78 224 79 13 87 169 26 210 90 158 86 61 51 123 93 61 27 247
59 25 620 79 76 12 101 92 87 3 170 30 60 55 58 35 84 72 122 4 149 81 145 6 116 28 218 20 29 95 249 75 25 76 138 25 17 27 27 38 106 88 93 15 73 78 186 44 233 86 126 77 242
60 25 650 42 184 71 209 13 141 89 157 16 33 5 158 82 31 86 219 87 224 63 3 96 190 91 91 24 226 66 151 19 207 84 240 68 48 80 208 6 120 23 88 35 128 95 68 10 133 48 106 1 1
61 25 671 53 92 91 93 16 118 8 118 37 117 51 176 86 248 57 193 55 26 68 242 62 197 89 229 56 221 66 56 26 166 78 8 98 22 25 65 79 92 3 195 42 28 30 141 84 123 45 61 38 222
62 25 617 88 226 52 195 98 168 50 225 35 157 44 104 75 18 21 4 11 123 4 3 80 244 38 204 90 99 95 130 72 32 5 76 28 153 45 78 29 29 34 133 40 57 42 210 60 153 10 6 89 102
63 25 615 26 42 43 26 36 74 49 69 79 124 48 183 68 75 61 99 11 43 73 100 52 214 18 196 20 76 34 208 59 101 88 47 84 206 77 108 4 111 27 130 25 40 97 139 69 113 51 229 32 97
64 25 704 99 7 30 158 87 240 59 110 27 146 6 10 54 232 69 9 42 248 88 214 72 30 31 171 20 51 83 171 14 119 80 73 37 209 91 247 68 167 93 75 78 198 58 99 51 96 45 167 26 249
65 25 560 89 96 50 171 68 79 37 88 58 59 46 17 27 43 87 45 11 174 86 169 22 41 71 219 88 15 76 212 35 99 29 163 18 72 45 154 19 113 32 113 49 178 51 162 1 86 23 228 2 91
66 25 700 65 89 80 181 74 206 42 208 6 220 72 92 39 145 36 242 63 198 75 226 47 52 76 158 4 62 41 228 71 57 30 50 37 203 57 128 62 12 99 85 53 37 29 188 92 238 54 169 96 95
67 25 552 13 159 85 240 26 160 56 106 10 93 66 220 24 180 21 108 32 57 37 72 80 161 42 50 96 51 95 90 15 56 4 105 49 64 12 106 25 154 18 42 41 73 46 100 57 154 88 28 67 188
68 25 618 36 218 35 238 65 124 52 170 97 55 74 247 70 85 53 196 41 72 88 168 14 162 63 163 68 168 1 145 10 119 34 195 37 70 82 53 93 83 22 41 39 245 38 209 31 242 54 123 40 126
69 25 526 5 202 40 22 22 90 19 81 11 54 27 249 24 160 51 168 44 22 9 82 18 246 42 150 87 46 23 151 62 128 96 116 67 168 37 209 38 19 21 193 45 119 68 54 69 86 47 42 80 11
70 25 706 41 222 60 229 17 182 79 8 96 108 4 211 76 173 47 36 12 65 6 4 61 126 72 216 59 112 87 152 94 14 82 140 50 140 45 47 34 67 95 72 78 9 77 233 71 205 56 136 14 99
71 25 645 39 117 40 187 60 53 95 131 87 137 32 176 73 190 20 20 76 238 64 149 15 75 75 199 45 181 55 233 31 170 81 169 72 105 98 127 29 163 38 112 10 154 9 81 46 147 79 110 21 105
72 25 635 10 67 36 114 99 66 84 232 34 172 3 190 19 79 89 199 41 28 11 180 88 214 38 68 44 183 64 72 94 36 78 54 5 63 67 105 2 86 63 75 53 144 93 92 60 221 17 77 79 12
73 25 669 61 193 85 5 30 213 10 34 75 178 89 5 26 69 4 114 23 49 33 118 41 144 90 144 32 249 63 210 77 224 71 159 53 121 86 236 47 13 3 94 52 172 50 165 96 48 49 213 92 152
74 25 597 84 126 2 248 37 81 71 109 53 231 87 155 24 141 16 154 82 19 27 31 36 23 81 134 70 228 41 5 55 92 43 24 73 102 77 203 40 131 6 164 23 207 52 91 10 133 9 139 96 161
75 25 660 96 130 47 165 59 189 70 15 33 171 7 156 95 210 84 198 65 205 15 89 61 166 29 122 50 140 10 17 85 22 12 116 71 229 26 59 90 191 72 49 49 17 8 182 66 159 48 122 73 237
76 25 576 34 138 67 107 40 8 17 156 45 240 20 110 10 198 38 169 49 179 11 70 27 159 35 193 55 143 90 226 66 76 9 105 95 216 46 202 84 2 98 173 73 158 33 20 47 53 25 115 39 52
77 25 664 76 29 38 68 83 30 7 109 47 85 19 204 29 34 99 82 69 50 80 242 72 139 43 137 30 14 11 144 53 12 81 1 63 31 45 123 79 179 92 82 59 225 31 242 94 32 23 137 6 111
78 25 743 64 100 97 143 14 60 38 116 73 157 98 174 96 12 56 40 85 184 70 76 18 230 52 248 72 47 29 194 86 157 48 236 5 40 99 166 78 66 89 186 65 114 31 176 19 23 12 204 92 89
79 25 614 21 72 43 68 95 139 49 190 76 186 48 173 71 55 15 121 20 242 36 160 79 100 23 11 28 191 83 141 97 125 30 67 98 72 37 192 62 37 22 181 12 245 35 176 65 204 69 153 14 47
80 25 557 4 238 7 231 81 90 22 27 16 203 45 113 74 33 56 187 69 240 24 143 20 237 39 154 12 103 60 180 25 78 11 14 84 43 44 75 66 172 92 218 17 206 93 149 80 70 1 155 72 141
81 25 606 50 128 4 154 89 83 11 113 60 73 28 145 65 22 72 131 43 63 59 19 95 60 81 174 29 183 80 90 57 172 41 34 75 146 22 9 6 186 20 228 13 16 36 87 77 229 52 126 48 204
82 25 624 45 76 39 76 67 145 47 9 80 173 55 103 81 162 90 200 42 154 66 38 54 214 20 155 89 158 78 211 8 82 57 135 22 183 2 66 31 12 4 18 51 236 82 40 36 23 93 3 10 234
83 25 550 6 125 53 163 65 13 40 25 20 223 34 104 44 18 7 61 48 119 57 103 88 157 39 19 98 126 43 93 78 54 76 33 28 181 45 243 93 235 69 14 2 117 3 221 24 13 19 194 22 223
84 25 690 33 28 63 52 78 38 44 20 65 248 47 50 27 127 19 171 80 240 34 139 41 153 64 228 5 34 23 76 6 55 69 106 83 58 52 4 73 1 72 27 79 117 48 201 99 137 87 39 89 231
85 25 718 42 116 85 25 88 11 33 192 16 153 50 200 60 51 3 34 54 55 79 34 74 178 24 64 23 212 95 211 92 236 76 126 63 65 38 97 8 203 99 7 58 159 14 148 94 197 73 121 96 37
86 25 750 55 157 81 65 98 118 92 76 82 158 63 178 66 118 26 124 21 134 35 31 77 47 94 226 90 140 49 213 75 194 99 129 3 29 46 50 89 227 80 149 40 7 64 9 33 139 31 168 11 144
87 25 655 72 204 71 13 46 219 25 220 15 223 17 103 97 118 51 88 45 180 36 236 94 118 39 76 87 14 82 37 42 103 49 87 74 56 37 98 58 153 1 204 21 153 91 217 32 26 52 17 76 47
88 25 726 87 17 72 123 32 60 55 168 52 209 16 38 29 91 96 216 41 53 70 241 58 92 43 149 26 26 61 194 54 157 30 170 81 155 51 42 93 219 85 133 99 228 78 64 18 232 86 110 39 227
89 25 611 4 89 85 31 65 145 24 120 54 154 89 136 60 191 27 170 72 138 96 154 36 225 31 152 94 212 37 55 2 115 10 241 51 40 57 146 14 76 1 19 66 138 78 156 16 97 67 187 86 14
90 25 653 40 71 91 172 24 184 85 212 87 77 27 77 90 83 3 10 76 171 25 213 98 232 29 46 67 131 63 7 5 30 41 15 38 181 16 30 93 21 68 25 22 94 45 148 8 144 88 41 78 55
91 25 545 21 90 13 224 45 44 2 87 8 39 67 60 7 148 90 101 19 204 18 193 77 63 40 24 33 152 60 26 79 116 96 71 30 21 74 222 3 231 63 169 43 19 16 182 34 238 88 29 64 151
92 25 601 68 138 73 2 91 182 27 20 50 75 92 29 45 8 52 169 60 35 31 180 51 97 10 121 33 197 8 211 13 108 28 50 80 81 40 114 58 61 65 34 43 128 9 197 48 20 30 51 98 70
93 25 643 52 80 19 110 90 31 67 119 32 149 99 223 14 158 84 228 91 137 72 171 48 168 70 17 18 8 31 67 30 133 96 48 42 37 78 60 57 111 10 57 83 25 15 218 4 7 5 76 79 102
94 25 563 45 199 18 95 48 37 4 230 53 133 64 100 80 57 36 109 69 244 21 28 51 154 5 117 8 123 25 83 52 178 28 100 98 124 99 184 27 180 89 62 44 238 43 200 76 202 20 219 24 48
95 25 609 69 27 54 135 61 110 76 246 13 4 75 64 1 148 14 186 93 176 87 188 64 230 40 241 33 9 56 56 30 35 66 34 22 27 17 139 43 202 16 40 15 4 60 179 47 194 83 186 84 217
96 25 684 45 245 22 102 26 156 13 93 41 84 2 202 60 67 44 164 85 235 80 138 1 239 66 54 86 10 88 223 95 204 67 141 76 121 16 83 83 11 24 118 32 227 69 193 93 14 56 29 98 188
97 25 630 16 198 26 84 52 213 45 239 38 239 93 204 30 120 74 47 2 108 59 177 75 140 5 145 33 48 58 40 55 227 94 205 27 58 19 121 98 106 61 192 60 192 85 91 15 93 49 143 91 148
98 25 643 14 175 97 73 74 80 93 67 34 47 45 193 67 67 90 73 28 134 21 46 18 161 10 162 60 155 33 2 52 246 76 200 20 139 25 249 44 32 81 38 26 148 55 166 70 234 99 203 54 94
99 25 576 72 67 56 36 28 112 18 79 15 65 4 214 86 244 38 85 29 181 68 59 21 44 27 61 77 10 11 229 65 156 3 231 63 240 60 224 9 238 88 123 43 53 8 87 94 215 75 112 95 155
100 25 627 31 123 67 107 84 27 38 1 32 142 81 45 93 18 39 230 8 163 23 12 72 11 54 218 27 79 79 201 75 85 83 150 51 92 10 22 16 106 4 208 76 44 87 83 6 111 46 29 73 100
101 25 657 46 49 80 176 54 10 82 103 62 223 88 142 53 220 2 226 85 59 29 244 84 22 83 218 79 143 64 210 16 115 5 16 94 233 65 199 44 249 4 106 73 241 49 176 12 200 51 99 11 232
102 25 607 92 144 53 124 64 184 69 127 43 86 41 199 1 134 31 116 84 25 16 87 32 38 77 80 13 139 82 216 37 242 47 180 85 51 54 200 34 172 26 228 57 168 27 209 3 107 74 87 73 214
103 25 617 29 102 94 243 42 27 8 78 18 6 57 4 9 162 54 244 35 131 22 43 49 148 52 53 4 75 89 237 14 52 46 15 45 238 56 223 98 35 40 155 93 96 63 55 99 57 41 31 78 134
104 25 653 81 27 35 234 80 61 24 118 28 137 70 123 3 116 63 210 89 10 46 180 66 239 25 79 45 175 37 235 8 116 68 238 42 2 71 23 65 47 43 42 83 162 17 38 29 229 99 217 90 195
105 25 542 49 105 35 23 31 50 23 15 7 90 94 83 88 167 6 2 63 200 96 247 12 136 91 140 85 160 79 31 8 185 15 32 20 95 11 39 34 47 66 237 51 73 40 215 22 235 13 234 46 51
106 25 656 27 35 87 86 65 167 93 152 33 24 73 29 7 166 39 245 51 138 81 167 24 83 91 65 47 215 50 212 95 12 26 82 48 61 98 166 55 199 31 171 37 189 16 83 64 7 30 246 45 145
107 25 603 62 194 8 213 40 71 39 71 20 101 71 235 56 21 34 138 92 211 26 232 60 220 81 175 77 112 21 176 6 167 99 226 51 189 96 239 11 115 42 183 49 204 36 186 45 96 63 228 22 197
108 25 615 3 97 25 65 69 52 70 137 40 121 12 191 11 157 31 123 73 222 6 175 72 9 10 57 55 155 71 232 77 93 30 232 89 157 96 57 8 217 93 98 56 140 99 164 38 96 29 62 67 137
109 25 586 73 126 41 127 46 224 55 138 3 136 78 159 33 86 17 250 30 66 90 35 57 139 98 78 12 85 23 90 42 226 70 117 18 198 14 191 4 193 40 181 54 123 67 172 74 248 89 13 45 151
110 25 689 82 74 14 167 99 53 66 90 30 236 8 199 35 173 89 239 76 184 29 209 87 201 27 160 26 74 48 38 58 142 91 40 15 4 13 159 73 4 90 160 63 89 95 86 83 11 62 11 19 250
111 25 611 63 45 59 88 71 8 28 178 49 18 67 216 73 126 80 31 99 236 23 108 98 213 4 233 91 189 44 155 1 64 56 114 11 17 3 181 24 30 60 25 27 240 72 52 2 206 78 62 40 67
112 25 505 36 133 5 181 39 56 97 144 21 57 12 73 98 60 55 76 51 226 80 223 82 81 31 9 44 134 11 71 33 65 4 223 20 200 16 242 58 128 15 196 71 95 26 75 28 153 32 180 46 178
113 25 681 15 196 38 236 80 154 91 2 76 140 70 117 47 97 33 44 63 5 88 80 58 65 34 59 66 69 93 246 20 12 62 9 49 93 64 39 95 241 10 128 12 242 71 224 97 161 13 178 18 27
114 25 660 13 129 44 33 71 41 98 142 53 111 2 151 4 15 92 150 8 71 17 199 76 58 1 156 31 113 85 201 91 47 79 184 81 51 25 229 94 27 41 147 29 144 63 70 93 120 43 107 86 43
115 25 610 84 96 13 184 1 144 48 38 96 240 86 126 24 117 78 250 97 71 28 137 17 156 33 229 77 201 70 134 12 19 81 226 5 84 71 202 23 166 42 158 91 217 26 68 16 174 90 93 11 58
116 25 697 50 45 89 177 71 89 98 56 74 61 25 57 29 242 59 182 66 25 73 75 67 89 51 235 56 124 76 248 86 134 80 22 28 3 10 76 58 185 38 234 93 228 62 186 37 44 1 213 18 76
117 25 615 79 209 28 215 14 103 41 112 89 174 11 70 47 38 22 156 15 232 42 55 65 35 82 179 70 74 23 182 13 49 27 229 29 121 76 219 46 38 92 177 62 199 45 141 98 112 75 79 40 246
118 25 662 1 113 70 82 55 21 46 206 47 75 18 228 45 196 93 132 36 134 8 150 83 51 23 98 7 249 29 196 96 179 60 118 62 67 38 60 72 137 86 241 64 32 85 161 24 68 99 210 77 100
119 25 756 42 28 45 116 27 154 16 107 1 163 87 213 80 101 79 20 60 50 6 145 90 121 28 226 83 2 95 83 11 121 84 104 81 219 86 185 48 72 96 80 72 124 49 183 75 106 78 206 93 210
120 25 575 9 137 45 121 58 178 74 109 8 44 87 141 81 122 27 129 43 222 60 216 48 10 17 178 42 44 83 84 5 44 21 249 14 80 77 240 90 134 35 227 75 66 53 46 26 105 7 23 66 106
121 25 765 99 182 83 40 27 17 73 181 60 195 80 76 26 106 65 166 91 51 92 217 66 91 69 161 32 45 67 190 19 184 95 117 29 8 45 131 22 107 77 153 34 155 50 172 55 135 78 88 97 27
122 25 584 80 71 16 247 1 74 39 147 56 160 53 84 64 138 90 23 87 11 73 87 27 241 4 133 25 181 70 156 29 246 5 159 68 22 47 45 65 2 55 19 38 220 59 27 93 95 17 33 7 86
123 25 617 1 33 19 222 40 247 18 246 7 237 68 13 57 66 58 123 20 114 93 107 33 1 35 177 96 226 78 244 51 214 86 184 17 75 80 36 21 187 23 190 79 107 76 221 43 132 54 244 82 191
124 25 677 94 177 18 39 77 133 84 112 66 1 39 98 86 211 36 160 50 186 38 6 40 134 35 117 19 228 53 20 81 29 89 169 7 174 5 69 57 209 88 44 69 73 54 170 11 93 75 154 83 58
125 25 654 69 217 25 40 96 111 44 167 91 22 55 12 28 28 68 148 19 74 58 56 17 126 81 70 95 193 65 72 98 247 18 65 57 209 62 118 52 128 10 75 34 73 5 112 40 154 32 63 89 32
126 25 636 87 219 53 32 63 217 3 210 15 185 78 231 92 88 94 59 90 23 20 114 7 193 70 218 84 24 51 199 35 139 30 121 8 34 54 222 82 167 43 61 50 84 48 43 44 39 16 113 55 172
127 25 575 7 124 41 191 97 141 89 31 29 220 4 238 3 7 10 105 17 243 74 209 53 123 44 52 65 239 80 203 95 3 60 218 93 152 15 235 42 247 64 213 9 62 25 54 47 235 58 121 30 112
128 25 581 37 218 2 117 20 148 21 131 17 66 32 183 25 180 15 237 31 18 4 139 81 77 87 75 49 44 95 230 57 81 97 208 99 117 47 174 56 236 55 137 51 142 18 20 8 200 73 73 86 49
129 25 511 23 182 93 53 38 175 1 248 74 217 4 95 16 127 33 196 85 118 71 120 40 241 89 148 41 113 22 226 11 246 59 5 97 180 44 5 17 249 51 32 28 185 29 62 2 179 34 24 21 124
130 25 665 64 12 21 56 74 92 34 137 89 142 43 89 40 24 35 28 5 234 80 189 61 14 17 124 68 47 57 43 70 130 58 181 2 214 56 195 99 42 84 90 72 30 60 116 88 216 49 119 4 161
131 25 560 85 23 84 4 69 143 46 238 74 55 20 126 68 176 70 216 19 203 8 205 24 39 63 85 4 52 51 105 72 56 17 108 30 3 11 101 45 8 40 18 60 245 82 135 15 250 5 119 59 10
132 25 528 95 47 24 229 2 175 31 8 48 39 75 156 18 127 68 123 26 8 40 40 67 237 21 203 51 72 57 21 30 16 15 228 41 246 65 228 87 65 66 13 20 234 39 87 3 11 14 160 53 103
133 25 699 28 239 26 180 91 247 89 13 79 156 30 156 47 127 87 163 54 176 72 188 98 205 77 237 9 189 52 119 93 5 81 180 23 28 18 138 56 25 67 214 73 43 88 248 25 116 19 113 16 25
134 25 683 91 104 34 229 5 204 72 9 1 154 90 130 79 170 99 166 27 126 82 190 50 226 92 37 23 68 55 192 70 216 51 153 54 26 40 155 81 129 36 59 87 76 12 9 18 111 61 250 57 129
135 25 598 4 250 10 23 67 84 47 118 36 77 71 113 16 127 93 147 65 54 96 101 29 24 14 138 44 174 73 104 75 31 32 28 82 244 2 199 27 250 66 164 77 38 26 94 17 20 40 131 88 231
136 25 561 54 13 44 43 56 69 65 160 98 243 73 29 36 125 27 164 26 144 2 182 4 248 48 76 37 180 76 160 3 239 5 95 96 225 12 55 20 109 93 137 33 119 66 49 9 125 92 181 47 191
137 25 611 6 185 70 5 11 131 58 1 87 152 46 12 15 201 83 73 50 27 62 234 97 27 32 193 35 9 42 129 89 138 69 46 22 41 84 171 9 84 8 213 71 177 5 250 33 232 66 80 72 175
138 25 524 58 63 53 148 74 193 64 94 57 184 3 143 43 15 65 43 70 42 41 203 4 8 32 142 7 156 19 214 68 221 13 20 44 155 45 59 1 201 95 5 37 121 54 163 76 223 16 27 10 74
139 25 586 10 4 80 65 24 246 85 244 8 6 90 215 48 65 52 44 21 247 31 41 66 234 53 142 58 9 57 186 30 95 26 62 62 249 46 94 16 3 35 80 96 155 28 166 1 108 56 19 93 11
140 25 610 60 102 71 116 37 93 98 234 68 59 95 168 67 242 62 184 44 246 16 97 82 111 1 10 79 4 19 186 72 14 31 115 69 148 54 11 47 89 5 83 23 176 11 57 59 172 17 90 34 117
141 25 567 49 114 22 68 50 95 31 97 27 47 67 127 52 128 23 240 8 30 74 7 2 99 68 60 19 128 33 235 17 69 4 168 82 27 85 83 30 100 65 46 76 69 25 99 58 184 84 191 83 182
142 25 612 60 43 3 239 77 239 5 45 92 122 29 71 58 161 94 226 40 143 93 238 21 211 64 171 18 48 1 90 82 135 99 26 39 87 27 143 49 171 17 227 91 74 88 34 2 79 28 44 48 4
143 25 734 82 168 23 79 69 76 68 51 12 118 76 200 56 180 98 79 66 157 88 240 94 121 93 225 51 36 42 248 91 173 13 1 36 88 70 236 99 239 14 200 43 128 44 23 25 9 80 63 35 92
144 25 659 49 35 29 191 35 119 65 152 32 68 37 71 75 72 76 88 21 221 82 148 64 157 73 73 86 37 24 12 23 116 11 208 96 103 94 65 17 95 98 134 83 220 57 41 48 146 14 118 30 61
145 25 588 32 186 85 106 73 71 31 134 96 198 3 144 48 98 60 215 42 209 24 178 20 181 21 67 28 234 35 207 94 218 44 181 25 116 55 102 98 205 97 102 45 199 9 111 40 217 8 114 64 194
146 25 572 75 49 80 234 43 49 27 125 25 195 32 148 36 44 76 235 40 225 93 50 14 209 60 79 52 237 68 32 3 68 64 86 10 14 12 34 89 108 13 22 5 37 7 151 91 192 86 33 44 2
147 25 578 91 203 32 194 41 110 13 174 62 31 39 47 42 153 10 178 43 68 40 114 24 76 72 74 16 127 96 109 28 38 61 161 83 203 70 46 76 83 15 231 21 19 48 111 33 66 95 107 5 158
148 25 643 24 181 3 82 60 242 94 172 74 196 44 119 73 126 48 39 59 219 7 1 68 167 10 207 92 244 38 202 28 245 25 210 99 108 71 190 45 14 88 234 65 234 11 223 52 120 23 121 86 184
149 25 564 29 28 78 53 67 231 32 212 8 144 62 115 14 54 68 108 19 67 45 152 91 12 37 154 84 188 23 59 11 160 42 89 89 21 56 2 9 116 25 81 35 42 41 153 7 153 98 143 58 134
150 25 605 83 180 92 93 33 33 80 56 74 87 57 248 5 167 65 87 41 147 23 35 87 76 47 224 34 101 21 78 9 154 10 40 97 204 31 130 37 63 85 12 49 93 61 156 25 242 1 221 64 137
151 25 558 10 91 83 233 24 84 5 2 94 111 13 233 7 169 64 38 78 74 68 26 16 128 28 54 29 126 40 117 35 232 52 219 58 35 61 80 34 75 62 92 43 127 80 249 54 203 32 221 47 164
152 25 568 98 2 90 78 28 181 95 114 62 146 33 21 82 156 31 111 41 206 24 32 50 151 63 49 6 216 18 239 88 115 3 135 66 44 15 95 9 209 37 6 91 8 39 48 1 238 45 124 21 245
153 25 701 76 134 45 132 1 162 70 238 78 124 24 244 67 38 40 242 98 148 79 153 88 88 93 235 27 243 74 124 69 47 44 32 14 77 82 127 99 71 57 172 52 191 34 141 31 39 12 86 49 228
154 25 644 13 28 23 238 51 41 84 120 34 65 85 63 98 211 61 218 67 134 14 120 26 47 8 229 49 221 76 70 44 40 47 216 78 247 56 61 68 241 52 53 75 114 15 195 33 149 58 152 74 206
155 25 649 62 33 84 62 4 248 38 73 93 227 21 208 54 119 13 167 36 203 96 239 8 222 52 122 66 236 22 75 82 151 80 66 83 165 50 7 7 126 77 114 32 247 28 250 97 172 39 68 74 211
156 25 634 36 9 34 160 98 129 44 149 9 209 61 143 75 112 33 89 28 96 22 25 71 208 6 17 82 47 85 5 72 115 42 181 65 171 24 215 31 134 25 123 10 38 76 152 89 48 63 218 87 221
157 25 593 87 68 17 23 74 125 94 39 66 76 5 188 2 69 70 237 45 245 47 32 18 138 57 121 77 56 48 141 26 235 11 212 27 86 76 103 79 116 21 56 72 160 9 140 30 146 36 174 92 17
158 25 534 41 229 25 14 7 81 61 248 8 145 19 49 87 206 76 189 86 93 14 71 50 155 95 140 38 156 17 68 32 180 75 214 91 172 21 87 31 141 37 217 46 112 58 31 6 168 24 219 23 89
159 25 693 19 12 63 8 69 132 75 51 61 249 66 151 72 137 40 153 77 178 71 225 80 5 45 100 28 166 39 104 38 28 22 152 92 131 23 206 24 184 56 40 86 78 76 127 82 54 5 154 78 196
160 25 620 84 135 92 83 14 57 23 218 97 150 91 200 44 222 71 218 79 247 1 84 36 189 13 63 67 94 18 221 98 246 33 232 10 17 95 68 39 62 16 141 55 167 34 226 38 101 4 134 89 21
161 25 683 94 202 85 60 95 152 83 144 49 150 28 230 61 196 25 81 35 238 96 77 42 113 62 69 52 14 74 87 67 113 9 112 64 143 24 210 6 206 57 33 18 229 50 165 40 195 91 131 59 52
162 25 549 52 112 15 225 48 34 39 8 45 2 20 64 46 175 69 190 34 153 63 103 33 215 47 104 89 86 7 142 37 20 59 214 92 152 27 88 6 227 8 69 72 134 17 193 77 169 26 191 70 174
163 25 623 44 20 13 232 76 156 18 197 14 183 66 55 35 93 45 192 19 204 12 192 87 50 56 6 92 82 74 19 75 46 93 20 65 207 51 242 21 188 26 153 4 232 89 148 80 68 81 141 11 220
164 25 695 42 216 75 136 49 250 54 23 47 198 45 211 95 54 18 217 44 193 70 149 24 60 46 2 90 113 34 82 73 103 26 40 79 213 38 179 16 63 77 166 57 138 71 203 93 38 36 230 91 136
165 25 742 6 200 31 109 41 145 92 75 17 197 50 8 75 12 96 53 79 110 30 144 68 219 67 120 13 204 39 101 84 31 86 41 81 167 99 223 61 140 97 30 38 96 87 63 9 84 40 45 98 35
166 25 508 12 118 1 82 31 155 72 183 38 105 68 230 85 186 28 57 49 119 54 128 7 51 16 119 2 187 51 246 10 102 86 243 84 40 66 116 29 170 6 71 37 15 69 157 20 148 63 20 33 233
167 25 671 67 120 83 64 56 170 25 159 5 217 93 196 33 60 76 54 95 85 60 16 73 174 36 29 86 94 14 51 28 247 69 99 81 34 54 150 9 213 75 55 3 109 64 230 65 161 66 174 26 38
168 25 637 49 63 19 193 98 12 6 148 89 54 68 238 37 152 93 36 60 105 44 236 61 148 45 227 28 211 87 43 84 164 83 184 76 101 26 112 33 175 2 89 41 225 34 112 3 188 55 88 53 34
169 25 654 25 182 44 163 24 229 26 156 14 51 58 241 78 71 3 173 95 215 38 238 98 51 92 88 56 131 86 160 67 62 91 112 76 166 93 151 6 53 81 49 31 102 33 126 37 177 40 126 16 138
170 25 641 26 59 75 133 89 112 92 57 25 234 69 202 61 102 23 168 56 103 16 136 6 39 70 181 27 148 73 202 63 112 30 73 88 112 62 49 68 175 39 88 38 50 29 62 18 84 67 183 72 74
171 25 623 91 105 50 89 77 102 53 190 83 176 44 39 27 49 58 201 40 46 78 27 45 108 89 62 41 207 47 12 70 203 34 171 43 62 24 245 51 56 20 127 16 205 13 234 18 157 71 134 64 19
172 25 740 45 43 90 199 27 210 91 88 84 86 41 107 69 192 67 72 92 184 78 182 46 112 49 4 54 156 76 187 44 184 14 85 34 240 77 179 80 114 21 220 70 140 62 136 63 205 40 136 66 153
173 25 605 37 170 9 92 95 97 63 141 30 226 75 116 67 121 92 97 2 155 18 24 26 59 87 112 21 241 82 162 78 198 15 164 19 225 8 165 71 120 55 203 97 132 68 115 4 109 11 56 80 79
174 25 611 40 188 65 53 58 207 35 72 84 134 36 98 52 110 57 16 32 176 23 234 74 54 51 190 7 11 2 64 75 234 94 215 71 108 19 81 16 203 38 139 49 39 50 105 81 132 79 115 34 17
175 25 673 98 242 28 249 56 4 32 49 20 5 59 189 35 174 43 88 25 181 69 177 81 227 9 214 55 125 40 244 17 132 71 18 87 126 99 87 96 105 45 134 91 121 78 97 8 205 72 229 33 102
176 25 566 5 244 66 112 18 87 51 111 6 234 83 225 72 109 75 109 80 55 91 220 77 118 24 26 4 245 89 198 10 232 15 23 64 159 57 146 33 29 56 59 39 113 38 43 3 208 70 223 7 45
177 25 695 98 162 91 205 2 88 64 85 55 37 86 108 12 199 18 20 46 102 54 160 38 16 83 121 57 204 93 215 48 90 76 138 96 128 77 159 31 47 49 90 10 149 9 80 95 160 81 100 22 219
178 25 674 65 171 53 235 27 56 77 193 55 18 68 144 13 47 20 174 61 203 22 209 94 132 58 203 4 214 93 5 37 213 19 157 15 206 85 222 84 77 76 4 97 19 66 43 91 191 5 43 63 66
179 25 424 38 246 23 240 10 78 56 52 32 42 17 52 51 181 57 37 5 243 64 130 46 212 63 106 41 204 61 235 18 176 74 165 14 74 29 21 25 210 12 241 13 214 24 222 1 28 16 9 59 177
180 25 690 61 221 82 53 76 244 89 195 19 13 59 220 28 182 98 248 9 161 51 22 25 126 95 125 5 58 92 116 18 118 90 1 81 216 45 19 62 15 83 223 37 110 6 36 57 164 68 17 44 244
181 25 529 62 220 1 71 11 216 38 130 43 127 30 173 44 226 58 93 26 30 29 36 35 214 51 10 63 169 27 106 12 90 77 12 60 189 79 199 18 224 28 50 96 223 25 41 80 219 17 59 49 104
182 25 684 96 213 99 246 74 62 14 3 19 177 92 196 41 104 86 221 4 54 44 81 3 90 54 127 82 185 48 50 94 196 53 41 10 204 84 15 51 86 35 227 79 182 67 234 68 238 38 221 33 70
183 25 667 73 224 51 206 10 248 55 5 46 10 95 55 63 80 38 79 30 75 13 208 56 145 27 189 62 166 78 134 48 248 8 172 22 108 77 131 83 135 53 242 31 159 97 134 91 223 99 49 28 93
184 25 652 77 219 6 142 98 241 39 245 48 10 69 7 38 51 16 221 88 68 14 68 27 120 80 125 55 120 99 155 20 127 49 246 47 104 87 194 46 78 91 243 11 250 61 167 37 62 18 63 83 247
185 25 571 89 240 18 237 94 90 65 243 85 161 48 74 7 144 1 247 38 89 59 89 15 171 56 13 71 92 77 38 6 209 36 44 5 132 97 186 31 109 83 54 28 56 13 116 44 73 4 11 73 64
186 25 644 50 51 3 55 60 190 59 144 32 104 40 30 39 20 38 24 75 55 1 230 19 16 23 142 70 133 35 178 58 198 78 160 84 21 89 84 34 17 73 46 74 244 83 97 68 237 47 147 56 13
187 25 537 22 49 82 106 83 11 15 130 90 125 31 224 45 71 9 76 4 175 63 129 20 36 54 234 42 93 80 38 50 94 61 48 77 117 38 183 11 129 41 204 6 13 12 231 66 138 43 146 30 120
188 25 642 63 63 61 55 95 150 6 238 3 165 79 34 4 61 44 184 72 186 38 227 98 101 9 215 39 104 47 183 80 11 48 92 17 242 91 72 51 126 45 131 34 115 71 91 88 221 99 203 2 165
189 25 587 60 37 46 120 34 87 89 125 27 210 5 80 38 200 62 96 1 105 50 84 71 140 56 161 80 129 12 34 91 15 48 150 51 45 22 184 81 10 58 59 63 240 8 64 2 104 64 8 55 100
190 25 597 29 46 57 91 25 135 4 58 26 119 75 169 1 48 55 133 64 44 28 228 83 135 93 186 40 57 94 144 58 124 14 66 16 1 70 124 90 82 52 160 67 58 30 10 35 57 80 159 8 125
191 25 591 55 217 98 196 30 166 61 230 37 236 7 178 68 211 2 110 3 118 17 132 78 204 90 22 25 239 1 135 48 226 39 164 75 234 46 240 97 225 82 84 44 42 5 196 70 23 29 147 76 218
192 25 661 20 100 59 120 85 108 45 125 22 22 11 17 13 57 93 141 40 176 41 71 88 244 25 35 63 98 61 175 83 30 77 193 52 111 50 198 87 71 19 47 89 82 55 134 95 59 18 37 32 8
193 25 647 80 56 42 145 5 107 55 180 89 37 6 81 38 18 30 235 4 53 56 3 93 137 7 226 60 3 37 127 91 118 34 171 75 28 65 30 71 61 74 209 18 204 46 235 35 83 90 89 94 182
194 25 635 76 103 57 85 5 43 63 246 12 49 18 37 34 168 61 106 30 184 65 47 87 162 33 173 44 72 68 193 60 70 51 146 96 209 71 107 40 245 84 73 14 244 29 93 77 95 89 165 6 123
195 25 605 39 102 47 200 86 14 44 146 33 195 91 108 90 101 31 248 59 222 45 142 95 108 37 75 53 15 19 43 24 166 70 127 12 169 63 77 8 159 9 100 68 100 1 200 97 159 72 191 18 151
196 25 586 89 244 3 6 14 97 36 39 12 107 66 75 76 228 51 40 35 161 50 136 31 199 32 45 47 205 88 249 72 90 39 117 44 244 80 240 69 104 34 178 15 163 56 199 41 105 23 53 70 5
197 25 602 50 16 9 139 14 83 78 104 99 121 48 181 10 81 15 170 84 243 85 196 73 142 46 115 49 79 88 3 42 202 2 192 80 84 69 84 41 33 3 113 65 167 34 150 11 20 47 183 62 192
198 25 553 10 20 87 12 18 130 16 234 33 109 64 67 80 149 3 20 81 117 74 145 91 28 32 151 48 78 36 61 69 85 22 38 73 183 7 4 59 206 54 190 4 206 9 34 24 183 56 175 57 37
199 25 656 77 206 64 214 68 132 50 39 70 172 74 178 73 68 13 233 75 18 72 228 33 113 49 17 92 155 43 51 91 219 8 55 35 226 38 184 59 208 37 237 34 112 56 98 44 31 16 118 41 202
200 25 647 21 189 18 114 45 10 64 136 30 22 42 114 47 181 62 240 9 199 76 44 60 233 92 5 13 109 74 123 51 175 93 191 8 136 53 122 23 83 95 16 98 93 46 49 54 185 57 152 63 245
201 25 608 94 68 9 4 91 231 6 216 25 196 33 183 62 6 5 146 50 172 93 92 18 94 95 154 99 166 52 111 97 178 70 150 21 203 88 27 53 198 11 237 66 144 4 165 15 99 56 182 3 86
202 25 651 43 201 53 247 61 216 91 187 63 139 99 2 68 1 49 178 38 108 44 233 13 110 47 213 66 229 6 120 1 70 70 247 32 187 89 72 73 181 84 12 82 85 29 184 86 58 5 107 11 52
203 25 640 72 228 82 177 47 149 29 18 20 25 49 56 64 71 78 196 6 41 79 193 19 63 28 127 35 172 92 130 91 243 51 218 76 80 16 124 8 35 93 133 34 150 98 206 27 93 13 118 74 5
204 25 615 88 136 34 16 22 207 45 13 87 135 7 137 5 82 16 222 24 7 51 206 42 50 55 97 27 47 9 96 83 107 1 149 31 8 43 43 94 29 50 230 85 83 98 57 90 121 65 142 78 56
205 25 577 92 132 2 170 80 162 65 2 77 147 10 80 45 240 37 189 83 180 20 34 11 154 18 58 12 209 76 101 57 133 42 88 86 211 48 77 21 76 73 32 5 120 22 241 60 156 79 189 33 235
206 25 627 8 192 46 217 72 124 69 178 58 62 68 244 39 41 98 11 18 172 92 123 91 63 15 201 89 31 21 15 66 164 13 84 35 138 52 165 95 63 82 238 36 72 28 135 6 123 20 199 38 36
207 25 639 99 5 74 31 15 96 46 130 10 208 44 95 66 160 41 230 43 179 65 114 58 49 95 155 6 170 54 207 12 154 61 135 35 177 31 82 92 141 72 87 87 37 97 27 18 39 5 32 53 13
208 25 634 82 199 17 240 18 143 93 74 54 149 87 140 35 63 72 16 71 63 58 192 50 94 31 146 22 198 84 177 88 41 15 137 9 104 4 53 99 180 56 247 16 198 81 230 69 48 2 232 55 244
209 25 631 33 250 26 128 71 225 13 249 58 203 89 23 39 200 94 2 76 123 8 72 90 7 54 122 25 151 23 8 57 18 40 158 43 219 29 20 34 127 77 186 18 51 67 29 69 218 44 27 85 33
210 25 583 81 56 10 134 29 169 40 246 9 200 41 229 78 60 14 56 88 249 23 139 26 39 67 147 59 122 42 135 99 226 20 30 84 181 63 214 49 204 3 101 38 82 12 151 52 2 60 90 79 101
211 25 631 58 225 59 81 66 195 80 94 16 9 27 246 73 190 45 78 50 203 81 203 42 164 14 145 1 165 98 113 56 76 13 65 53 23 46 168 67 125 61 135 35 89 30 7 28 76 84 130 79 166
212 25 665 32 22 80 45 16 232 62 15 44 167 41 56 82 243 30 229 49 103 75 133 37 213 64 195 93 190 22 70 98 53 91 79 97 109 60 158 23 154 27 65 11 10 7 93 38 171 92 45 59 188
213 25 712 74 201 27 55 72 196 52 224 89 30 73 247 40 182 21 95 8 36 57 117 94 99 56 114 41 147 60 115 26 119 53 201 69 179 6 241 77 207 64 115 88 213 80 170 83 124 18 232 96 162
214 25 582 31 53 77 223 2 137 38 77 55 140 30 175 20 237 15 146 95 231 12 133 70 74 62 239 57 137 68 76 69 113 89 51 17 216 73 68 54 110 97 60 51 126 34 21 1 18 6 83 41 152
215 25 660 55 52 91 163 89 8 9 222 77 209 88 144 31 56 47 193 2 156 43 29 92 165 42 242 83 249 74 164 39 225 18 43 67 233 33 224 21 241 49 199 35 43 81 192 41 223 45 249 68 225
216 25 543 90 134 16 231 18 214 6 81 5 130 51 247 49 235 29 24 55 171 71 205 19 207 99 250 42 224 44 190 43 170 26 135 61 244 50 166 76 6 47 178 54 95 12 182 2 189 25 72 97 123
217 25 662 23 246 14 148 91 3 40 110 33 17 96 43 12 147 58 140 3 105 69 6 51 183 90 169 50 243 9 26 67 205 99 239 64 136 77 249 1 93 46 57 93 155 95 9 2 162 43 80 98 236
218 25 620 91 73 52 95 73 242 95 137 77 36 57 55 37 209 49 82 54 55 24 209 70 69 16 224 80 113 66 162 60 201 35 204 46 157 45 42 3 227 12 78 47 165 82 173 25 234 44 44 1 17
219 25 674 75 163 33 36 23 35 39 9 89 187 15 35 80 162 10 9 64 138 74 175 73 192 97 245 16 182 38 61 82 157 86 144 18 25 26 115 93 150 79 106 61 138 21 198 63 196 13 135 81 6
220 25 642 94 19 17 125 27 104 70 17 78 40 41 141 56 42 9 157 23 16 67 12 87 164 74 84 28 209 72 38 77 181 59 245 7 187 50 129 3 228 68 244 20 134 51 12 45 9 86 60 75 147
221 25 616 48 240 70 31 18 30 4 57 71 133 90 231 29 98 79 226 20 156 43 215 25 27 17 238 23 75 73 232 99 121 32 141 91 62 10 222 68 68 94 250 59 125 28 107 44 8 34 115 63 77
222 25 622 82 140 55 248 79 127 23 204 60 223 24 241 65 16 74 238 92 131 25 52 57 202 52 62 94 217 22 148 15 76 45 194 4 69 49 115 72 208 56 190 12 232 37 25 61 61 26 118 64 86
223 25 591 69 175 31 37 49 2 86 215 79 33 60 232 1 8 48 244 32 155 52 121 68 83 99 204 57 159 64 34 28 128 71 199 87 52 73 17 30 155 26 113 7 136 11 101 17 67 2 39 35 136
224 25 679 87 138 94 197 54 229 77 131 50 227 84 50 63 86 2 135 41 229 98 150 64 160 80 226 3 218 60 188 6 150 33 55 11 83 35 60 59 168 62 223 53 215 49 52 85 198 51 48 57 52
225 25 581 80 83 6 149 94 143 5 95 77 61 49 238 93 233 99 53 1 110 75 5 26 136 11 127 38 247 24 240 33 144 25 217 60 94 7 220 90 105 57 184 8 236 67 112 45 248 56 221 37 152
226 25 645 46 128 48 178 71 22 44 120 95 56 13 24 62 182 15 166 91 100 5 198 87 194 16 49 40 210 30 36 97 76 63 244 34 117 1 53 56 117 69 150 54 86 53 191 89 90 86 55 25 14
227 25 686 87 170 46 172 68 223 36 63 77 119 29 177 73 190 84 241 52 141 82 88 30 236 80 219 25 115 23 64 90 138 2 11 83 75 28 155 11 40 31 218 60 106 96 96 88 47 86 21 6 115
228 25 523 38 183 82 62 98 71 49 150 31 132 26 160 36 199 21 67 68 83 74 27 28 119 66 26 7 86 64 74 44 228 11 126 61 72 23 231 22 224 13 105 43 237 72 65 5 140 47 178 18 126
229 25 655 47 84 4 3 21 117 78 66 46 188 41 107 61 16 89 232 2 87 40 25 81 229 99 245 83 240 94 61 7 221 59 192 74 63 15 90 30 36 79 173 44 241 90 182 72 130 33 160 22 160
230 25 668 90 100 58 187 34 249 82 246 57 2 4 49 78 118 65 167 46 54 87 220 49 227 9 81 1 241 10 112 24 152 63 133 40 248 31 221 94 238 38 151 67 204 70 125 99 75 62 119 79 54
231 25 599 90 219 68 52 32 244 55 244 28 244 42 109 66 87 98 139 35 187 1 242 63 176 37 139 60 62 78 191 15 68 59 235 71 91 30 25 36 57 70 29 67 185 16 175 50 2 2 95 29 87
232 25 671 67 67 98 128 47 238 93 166 79 136 89 158 12 24 64 131 53 231 15 19 46 239 20 150 57 22 44 134 2 182 19 230 78 217 22 132 65 102 69 53 59 130 29 74 60 231 56 176 99 202
233 25 659 66 221 53 172 92 48 8 43 30 209 63 61 88 81 79 59 12 94 80 248 22 61 76 196 70 8 51 245 59 154 61 79 34 172 56 191 16 87 31 147 87 11 27 198 73 72 4 70 81 215
234 25 659 97 128 36 207 78 233 15 234 95 245 41 128 66 196 69 83 84 70 63 132 6 24 59 155 48 80 64 1 1 46 17 200 23 203 52 37 72 235 81 66 26 110 83 121 80 165 5 99 57 201
235 25 641 46 211 26 176 50 178 71 69 27 245 23 32 97 159 55 83 41 122 58 250 54 231 80 221 87 230 74 36 2 70 99 201 20 51 93 142 84 41 39 124 42 10 31 42 16 111 21 138 47 50
236 25 715 37 21 88 40 92 36 90 188 11 191 61 7 63 13 52 204 49 92 6 39 65 147 96 188 15 58 60 204 55 12 42 127 31 170 86 72 57 246 69 105 25 184 80 232 97 87 20 212 84 21
237 25 662 9 23 86 216 35 41 22 246 33 50 96 213 69 131 87 177 28 149 98 82 25 31 39 56 64 86 93 235 49 126 5 57 50 92 24 234 46 229 17 97 26 31 66 6 94 234 91 167 73 6
238 25 521 49 186 93 41 22 91 68 129 17 220 24 1 4 21 31 22 18 207 3 183 14 71 28 149 88 69 66 80 91 71 79 115 20 200 55 137 30 55 56 150 78 108 5 49 38 227 16 246 50 60
239 25 533 1 77 58 188 47 125 20 138 97 199 68 161 19 117 65 57 71 62 98 49 54 199 61 182 14 56 12 165 17 115 43 27 4 90 23 227 22 144 8 142 73 198 60 95 9 143 82 13 41 44
240 25 556 96 56 8 72 68 222 15 194 27 4 95 250 82 42 23 77 99 214 90 223 13 50 18 226 10 62 24 5 3 220 54 77 34 122 50 148 28 3 9 227 84 200 51 160 64 199 25 229 42 204
241 25 658 10 6 13 83 16 52 71 119 30 154 90 231 3 55 59 155 65 37 88 117 38 249 67 153 48 91 81 149 85 187 8 40 49 243 51 116 96 71 37 228 77 76 60 229 82 120 84 149 9 223
242 25 621 15 48 72 81 50 21 23 183 69 57 19 79 48 69 73 98 35 170 71 21 97 97 9 75 82 30 60 180 38 33 94 85 54 126 37 126 44 57 89 224 7 146 52 143 16 224 64 70 24 246
243 25 613 96 4 56 127 91 190 72 228 95 47 14 170 84 65 2 72 89 208 30 36 11 25 3 134 41 17 55 240 98 152 5 28 86 44 51 113 40 97 28 109 43 111 74 96 34 212 15 247 13 41
244 25 662 52 96 82 68 50 238 59 200 90 4 56 19 91 200 20 205 41 18 32 100 12 142 23 108 27 86 62 191 84 225 35 172 15 154 24 2 63 123 68 28 58 79 31 112 93 169 86 43 71 14
245 25 525 30 182 56 163 58 37 32 153 3 205 5 67 77 147 84 206 41 35 40 104 4 142 98 124 83 18 25 98 47 56 54 159 66 42 49 195 13 3 1 229 31 97 36 107 20 196 11 125 87 8
246 25 676 50 41 43 117 65 190 13 73 93 124 90 135 33 138 31 45 92 131 74 172 77 88 57 83 42 79 81 202 55 69 12 155 54 123 28 195 36 152 38 211 41 24 30 204 88 221 51 97 79 79
247 25 669 47 183 99 108 89 210 63 62 90 57 41 196 9 34 19 201 24 190 36 209 54 227 23 153 79 171 46 7 44 42 49 151 30 59 93 200 21 41 40 117 51 173 87 54 88 63 43 123 73 47
248 25 644 99 197 51 228 17 48 86 217 91 229 16 93 61 226 57 203 77 128 96 166 46 96 89 32 28 196 42 100 19 40 65 192 34 240 15 52 30 45 73 105 29 58 72 108 5 238 3 100 87 249
249 25 592 55 32 42 106 2 133 19 74 84 52 13 248 95 42 74 167 99 71 47 158 93 5 12 232 59 11 11 145 9 17 77 102 72 128 26 196 10 59 22 158 54 216 52 79 34 50 33 207 91 237
250 25 645 68 124 47 230 84 42 41 150 20 192 23 197 78 149 45 187 9 195 60 217 48 226 18 178 61 169 77 43 75 219 81 94 93 28 73 78 19 163 80 138 7 202 86 234 2 180 70 11 25 179
251 25 675 29 224 56 198 2 67 16 80 61 240 48 92 35 242 69 7 20 39 72 149 76 228 52 213 54 245 82 164 71 12 44 194 70 41 47 38 98 247 24 89 31 65 59 39 86 199 60 134 89 86
252 25 705 89 99 41 183 82 106 53 194 99 198 65 239 97 202 46 22 42 197 90 24 14 50 64 99 49 224 35 224 22 14 13 112 69 200 67 250 5 5 96 6 50 119 57 93 66 48 18 31 81 231
253 25 580 97 206 67 171 20 188 36 84 1 232 29 219 83 70 35 32 26 91 84 192 48 140 86 165 89 103 47 135 27 82 39 194 54 108 33 139 41 134 22 222 57 143 90 118 19 201 18 192 12 234
254 25 754 30 15 80 217 50 56 40 101 5 248 84 243 90 69 67 11 22 173 53 62 12 123 97 132 75 173 99 219 34 82 98 200 63 16 49 19 15 189 71 19 38 54 64 179 82 190 96 204 94 159
255 25 701 67 168 5 99 93 227 99 61 61 233 10 112 45 126 13 65 92 201 36 13 90 89 26 18 63 157 9 58 62 3 66 178 72 21 28 114 97 177 76 159 86 123 85 122 6 187 57 118 59 1
256 25 601 54 68 64 58 34 242 79 156 71 193 4 249 18 163 9 205 85 214 69 21 35 25 57 93 94 232 39 89 26 200 41 79 17 5 86 50 48 67 5 68 59 209 67 78 73 177 40 53 29 76
257 25 524 29 187 68 173 18 209 61 145 8 201 26 174 57 63 4 129 30 74 89 90 92 67 14 168 51 22 58 105 2 235 34 188 55 206 7 213 54 222 79 145 25 193 20 80 72 102 53 60 43 144
258 25 540 28 207 62 30 30 221 35 184 57 20 73 61 27 32 75 144 85 96 13 115 93 87 7 62 69 230 65 171 42 58 17 221 16 80 51 47 37 230 8 6 53 19 34 86 45 77 20 91 39 36
259 25 692 83 28 44 96 96 174 63 68 67 122 84 137 89 165 85 214 77 115 24 184 69 42 17 4 38 193 75 80 34 210 14 13 3 210 60 178 74 227 94 145 33 233 27 173 19 43 50 83 66 183
260 25 493 3 209 50 208 48 94 32 28 29 91 41 91 46 202 52 23 25 181 19 221 45 51 5 71 75 24 65 74 58 132 9 61 92 10 70 140 53 2 67 34 44 159 26 39 11 78 14 187 8 132
261 25 639 10 102 34 64 74 108 89 91 84 147 24 142 59 16 1 178 7 105 81 25 38 225 83 114 65 145 93 28 32 152 61 91 55 44 6 230 54 195 22 37 41 246 80 1 13 180 78 221 95 24
262 25 649 35 29 37 1 74 31 81 107 32 141 49 138 87 54 17 142 39 178 92 136 59 42 48 238 72 218 21 132 64 44 16 92 82 166 14 46 25 95 73 84 77 29 51 68 30 91 47 22 76 155
263 25 725 63 223 42 236 92 14 67 105 60 32 98 43 15 207 97 91 3 235 16 237 11 94 39 80 75 129 76 196 54 80 28 73 96 219 87 213 73 98 70 140 95 136 48 194 27 101 78 42 41 237
264 25 715 77 20 61 207 98 209 60 127 71 237 50 16 57 138 80 231 85 176 26 172 38 174 65 64 76 145 66 85 95 244 56 205 5 15 11 232 49 33 51 5 22 132 58 57 86 83 79 23 8 195
265 25 721 38 233 89 246 75 40 93 83 47 44 87 111 54 20 46 204 48 208 29 44 32 138 80 217 68 104 74 162 44 159 3 139 8 127 81 3 59 127 96 248 39 52 17 236 55 23 83 213 97 164
266 25 603 58 81 53 87 47 120 43 120 33 186 80 235 26 140 64 58 92 24 84 39 71 125 40 140 10 95 62 193 59 210 8 16 90 110 5 188 31 99 60 65 36 39 2 61 78 115 21 240 54 210
267 25 545 13 28 99 2 90 245 65 182 3 76 41 21 68 202 27 155 34 175 14 198 60 205 1 222 82 65 42 53 55 198 19 77 12 122 16 157 86 99 11 63 89 33 30 142 59 185 25 33 50 75
268 25 737 94 54 25 166 88 192 59 192 48 156 55 116 33 216 87 48 74 224 49 237 86 87 69 168 81 128 4 207 62 53 56 209 58 223 46 201 31 39 98 87 93 15 21 160 53 70 36 76 68 222
269 25 661 13 7 40 130 37 219 83 145 81 238 78 186 46 185 8 43 38 183 86 26 77 150 98 138 4 118 73 179 85 196 43 43 88 225 6 57 26 236 96 153 93 87 32 87 25 222 19 60 47 145
270 25 760 61 45 33 164 14 7 42 50 53 186 43 240 10 73 97 69 48 185 50 207 59 38 91 95 62 62 64 123 83 56 46 69 99 39 69 203 75 63 94 236 85 140 54 185 24 120 86 133 78 174
271 25 631 73 222 37 136 60 45 47 144 51 40 40 21 90 28 41 242 4 155 27 245 76 202 64 211 84 93 36 158 67 75 43 103 88 1 29 40 20 162 30 150 55 174 53 159 10 194 48 188 89 125
272 25 579 90 154 88 75 97 173 33 15 47 127 17 134 14 220 63 105 10 82 69 191 31 123 16 86 78 131 19 205 6 75 92 233 23 167 67 187 65 193 5 149 59 124 13 215 35 246 29 205 93 164
273 25 639 86 222 94 168 39 215 72 46 91 116 78 63 82 94 1 46 89 107 96 147 31 108 11 67 54 46 50 87 97 87 8 92 98 158 48 93 23 212 26 67 12 123 7 21 19 55 51 128 15 67
274 25 656 31 210 61 14 12 99 98 8 6 152 56 163 29 149 63 73 71 24 89 188 20 197 58 88 51 60 68 166 78 150 27 240 14 140 88 77 82 41 53 97 59 93 75 182 40 116 21 161 62 178
275 25 669 1 63 89 168 30 67 17 158 56 82 98 246 11 187 93 92 27 47 88 247 49 198 91 125 82 240 2 92 52 130 44 216 68 211 97 136 80 54 42 211 53 187 71 139 29 165 15 175 54 213
276 25 609 25 152 5 199 33 186 41 84 30 194 65 173 59 33 84 157 70 13 10 211 75 15 99 148 3 229 12 120 55 117 79 18 89 130 52 124 86 3 13 2 76 123 34 161 29 156 90 116 4 115
277 25 632 48 109 95 11 28 200 11 28 47 99 9 249 25 30 36 77 94 187 54 116 23 14 96 228 88 188 39 143 86 1 6 199 30 55 76 241 34 174 91 45 24 15 59 194 18 248 85 172 63 31
278 25 644 51 52 18 195 40 110 8 228 13 63 78 42 19 103 34 152 26 75 46 152 91 122 60 236 39 209 35 223 32 47 55 232 50 72 79 240 86 69 98 48 96 139 68 50 73 19 77 199 17 78
279 25 543 91 188 90 227 76 100 13 200 32 111 5 63 10 228 51 113 21 210 25 166 49 92 67 121 63 244 31 173 11 68 62 239 95 62 1 244 45 61 57 121 28 250 73 240 27 194 2 152 61 150
280 25 631 95 28 22 159 23 42 39 147 4 208 61 43 52 22 45 98 66 8 99 174 28 78 73 102 70 100 71 103 6 120 49 135 93 60 7 236 48 153 89 158 13 183 86 28 60 103 35 59 29 14
281 25 584 36 51 65 55 52 160 27 206 67 246 55 151 90 64 9 175 63 13 64 170 26 146 33 213 25 242 18 59 2 148 24 38 98 39 94 52 50 173 7 168 70 11 60 176 34 41 38 199 62 65
282 25 700 45 94 30 221 86 149 80 237 96 203 76 95 43 172 46 244 94 5 11 113 17 80 74 43 57 58 35 197 56 246 13 202 90 242 73 27 92 54 65 37 58 241 84 53 14 231 7 235 59 71
283 25 672 2 138 95 144 47 154 80 193 9 175 5 213 64 149 37 40 90 40 55 29 49 247 12 51 60 242 18 227 59 140 78 98 36 73 94 139 86 150 76 91 62 42 89 98 33 128 39 8 69 140
284 25 636 48 11 90 217 89 48 7 18 95 92 92 239 31 193 26 232 20 216 93 113 56 42 86 132 43 220 23 164 11 122 76 150 39 114 99 195 81 194 38 174 34 220 16 159 51 187 27 145 2 134
285 25 745 88 49 71 169 86 64 91 210 29 201 82 104 53 170 67 1 16 199 96 205 22 79 25 89 40 227 27 168 28 51 61 178 30 164 87 170 73 65 72 204 70 174 36 27 92 36 97 9 51 23
286 25 660 47 92 99 75 11 222 53 161 33 132 34 162 45 172 18 88 56 223 7 32 94 58 91 229 79 189 37 131 35 74 10 10 84 181 64 197 13 95 82 176 92 54 9 243 83 100 49 134 95 8
287 25 615 77 226 36 15 14 119 26 249 42 185 60 228 67 175 74 130 69 55 57 10 19 20 3 36 55 154 40 48 93 166 23 230 31 87 48 156 37 142 90 46 56 220 92 37 46 46 2 56 73 110
288 25 521 1 29 63 136 19 60 80 34 35 209 64 21 7 119 8 104 18 116 75 61 54 116 6 49 69 63 62 242 22 64 72 36 90 198 24 132 39 89 4 147 58 62 48 17 15 215 84 191 25 238
289 25 621 8 32 86 77 97 200 70 220 13 41 6 166 31 203 45 156 35 244 89 33 53 250 30 70 16 146 56 22 42 113 28 189 52 229 60 71 91 1 78 8 83 232 40 167 39 133 7 224 88 206
290 25 559 3 209 71 51 13 28 22 5 41 227 82 181 80 160 91 103 2 243 10 125 64 64 16 132 4 248 89 227 37 44 32 95 67 182 58 144 5 212 36 184 45 169 56 161 17 109 99 220 79 164
291 25 620 35 244 95 139 43 235 15 230 31 246 76 247 29 235 92 134 48 230 19 42 98 133 99 160 60 62 50 79 42 163 16 35 9 204 96 68 26 166 36 124 46 220 17 31 68 196 49 161 45 82
292 25 554 62 104 83 21 17 132 1 58 46 16 44 56 21 173 89 232 26 156 19 201 51 141 68 232 10 113 82 170 60 113 33 13 47 203 30 228 6 189 75 123 81 194 55 231 34 138 59 89 9 9
293 25 607 41 199 76 224 8 141 56 229 2 220 12 164 67 216 95 146 73 234 71 196 16 3 39 22 35 72 11 143 62 69 54 4 17 31 80 76 23 187 55 174 58 68 38 74 85 234 72 208 69 44
294 25 704 3 184 96 143 57 232 16 68 75 179 38 230 34 107 60 113 82 33 99 88 6 159 95 84 42 129 55 99 47 50 53 233 97 141 29 162 10 155 40 48 73 154 93 88 87 27 88 127 33 146
295 25 693 83 229 80 126 57 236 26 156 86 178 90 232 32 160 37 42 14 228 89 197 53 94 92 142 18 129 58 52 77 243 81 106 68 239 41 194 96 228 23 87 10 201 69 119 35 67 50 83 21 245
296 25 565 24 12 26 94 42 236 47 118 28 27 25 197 68 166 92 113 95 67 4 17 20 175 3 81 59 171 30 41 91 226 67 154 1 112 46 188 58 115 15 135 40 214 57 205 66 201 71 17 55 37
297 25 687 88 79 92 68 37 164 49 179 5 24 45 210 77 206 57 16 66 72 31 152 11 246 67 200 22 167 71 191 23 109 78 1 50 98 89 164 46 170 20 22 64 31 72 238 65 89 59 147 90 69
298 25 567 42 244 87 92 67 155 64 107 78 22 35 180 24 132 19 139 29 238 58 150 53 138 51 26 75 216 85 112 5 103 56 198 91 49 65 246 12 221 23 85 7 2 8 90 22 198 59 55 20 114
299 25 567 95 71 39 21 38 105 6 101 59 10 9 101 54 75 46 67 97 168 2 4 71 211 45 193 15 203 65 235 66 211 57 57 32 146 11 37 96 71 98 54 29 248 7 3 43 226 50 112 5 235
