0 25 810 24 23 57 175 46 37 74 62 107 26 50 126 108 185 43 174 69 71 103 106 7 142 102 234 68 159 67 48 115 145 41 241 42 97 17 65 9 215 92 240 27 69 86 236 122 154 33 201 111 40
1 25 845 92 213 23 159 98 89 58 190 108 200 55 1 47 196 65 32 35 43 100 1 46 44 74 132 6 172 12 39 122 100 78 65 62 202 99 34 40 133 124 83 4 124 106 199 41 12 85 185 111 62
2 25 952 105 131 10 213 114 158 77 152 29 51 81 94 89 32 44 247 48 153 72 46 110 177 21 215 103 61 78 39 97 166 101 179 23 87 118 11 120 194 14 125 119 196 70 207 102 90 56 149 104 46
3 25 863 79 7 67 146 109 229 98 23 53 240 123 106 13 61 75 148 55 144 14 32 114 209 78 48 61 43 80 186 12 35 107 215 41 150 110 25 3 185 47 55 49 21 81 212 113 207 74 19 70 32
4 25 747 96 94 69 115 48 107 1 82 88 216 123 89 52 249 68 111 22 123 35 167 111 197 99 49 7 188 5 80 58 52 89 29 20 32 120 45 13 246 103 77 63 100 17 91 75 85 54 96 59 88
5 25 789 114 44 11 65 70 143 2 199 74 60 102 37 65 247 69 184 18 58 31 120 112 195 72 3 36 21 87 89 94 145 28 82 41 163 123 235 32 250 58 231 59 137 17 100 110 187 33 127 120 166
6 25 1002 121 231 110 169 85 247 42 172 62 10 66 66 68 208 81 191 67 237 102 217 100 113 86 199 97 22 83 75 118 248 47 98 91 183 58 132 120 243 123 60 37 81 117 227 22 229 94 212 7 19
7 25 772 35 6 79 234 123 201 8 73 12 98 107 70 81 62 41 175 59 77 86 116 69 40 13 149 34 89 70 230 28 179 100 62 53 148 56 106 30 128 117 104 109 38 36 45 78 210 22 196 98 163
8 25 744 60 246 72 24 42 153 51 220 2 89 28 55 88 61 35 94 63 128 24 166 107 170 118 43 102 249 48 96 79 84 68 2 87 154 9 158 31 75 61 62 37 223 73 6 12 200 77 35 115 36
9 25 780 57 85 55 158 83 96 54 27 16 223 28 247 36 182 108 69 64 57 106 250 93 203 49 223 89 123 27 101 113 164 32 72 70 166 29 143 98 184 44 113 9 196 86 169 104 193 42 101 69 18
10 25 791 69 21 66 143 87 64 21 39 28 36 47 76 106 212 81 123 59 117 41 148 102 88 109 247 67 153 86 85 4 154 103 174 27 145 43 215 60 189 3 64 76 49 116 56 112 72 30 148 40 172
11 25 674 45 118 10 5 114 178 74 12 13 205 91 38 83 111 80 47 22 245 26 86 71 51 53 228 37 101 8 161 15 179 58 7 40 62 98 217 48 23 104 37 102 46 36 156 6 59 30 227 84 217
12 25 711 47 9 19 127 23 245 9 183 111 164 92 95 79 6 67 22 53 89 125 215 43 46 15 78 20 137 59 247 72 150 58 146 123 80 6 114 102 22 81 71 77 211 12 98 13 226 98 204 18 245
13 25 910 94 72 24 215 60 83 63 109 107 60 41 229 57 245 118 40 85 95 61 17 40 137 102 154 109 217 4 183 22 123 52 217 46 178 106 10 96 214 93 155 72 87 100 41 103 36 112 38 53 152
14 25 737 26 131 55 9 97 35 67 221 9 220 62 54 124 118 11 8 89 76 78 220 56 24 33 132 64 135 43 51 24 72 54 49 77 210 58 151 96 101 121 104 47 57 32 171 27 20 30 92 95 232
15 25 857 61 151 5 71 9 171 80 51 73 229 99 228 4 176 39 186 76 134 13 48 112 162 81 245 82 232 14 213 109 195 111 111 51 56 119 73 22 247 67 120 71 147 114 108 97 247 98 121 108 9
16 25 737 77 80 67 58 93 154 108 201 98 70 38 149 102 157 73 190 53 70 7 24 20 54 46 9 13 244 5 110 115 90 95 43 44 161 113 65 36 166 14 105 78 14 58 86 87 123 8 106 27 11
17 25 669 36 160 23 29 40 235 120 106 79 37 1 115 91 238 31 126 28 146 106 83 35 163 43 98 12 158 105 242 6 2 58 166 2 188 57 111 14 64 71 14 30 161 103 162 37 108 119 190 92 133
18 25 794 107 166 20 116 113 138 25 217 47 42 93 235 75 55 42 213 95 89 78 102 56 13 13 140 70 108 79 138 115 37 30 111 28 174 76 142 51 144 64 92 111 173 19 142 66 83 29 161 87 130
19 25 734 68 77 17 82 21 226 12 136 48 40 30 52 66 105 69 116 123 234 59 85 8 179 101 50 64 78 47 150 60 216 53 149 99 154 35 211 96 207 102 250 9 167 82 54 56 37 45 141 98 218
20 25 697 70 234 31 124 7 56 58 74 8 111 97 208 116 131 43 86 88 122 62 198 15 245 1 126 51 139 45 191 11 244 33 80 103 166 78 86 73 136 35 205 98 131 114 34 25 53 30 188 102 45
21 25 913 58 102 22 233 92 191 25 227 59 182 33 13 97 110 99 169 110 226 46 92 115 110 80 23 9 109 30 49 85 176 106 163 72 65 114 89 82 172 122 239 37 71 76 237 91 149 96 168 70 39
22 25 657 9 54 96 134 40 204 38 65 39 88 45 178 11 211 34 124 49 217 22 22 58 183 92 8 44 35 31 14 77 202 53 211 6 250 94 22 78 108 86 218 47 232 21 182 67 31 55 92 122 53
23 25 723 90 54 111 159 38 154 68 171 20 246 122 174 81 229 48 151 8 187 70 156 43 192 87 211 97 243 29 70 46 119 124 133 27 138 36 71 58 55 66 180 103 124 10 2 24 10 2 134 39 68
24 25 669 114 228 5 187 72 34 6 117 4 231 101 132 119 137 77 28 43 17 59 123 15 69 124 16 55 102 24 227 39 44 16 26 50 88 33 56 115 157 45 233 20 246 113 187 12 171 35 19 42 247
25 25 784 114 57 17 102 73 167 4 12 100 161 44 240 25 177 34 110 71 29 74 110 18 244 43 146 85 54 39 2 42 182 123 155 113 140 108 162 56 236 48 133 69 224 120 8 86 191 13 159 50 30
26 25 764 27 69 88 225 65 90 16 223 64 22 63 180 4 224 111 217 124 220 89 192 68 190 61 52 25 103 58 152 94 187 73 246 24 47 37 215 62 112 29 185 49 83 45 131 122 241 95 188 36 34
27 25 787 101 189 36 203 3 195 82 199 6 29 69 7 75 82 73 238 45 78 47 218 13 86 92 182 88 25 38 3 37 48 80 100 83 157 103 153 113 28 10 243 96 243 67 154 66 54 74 143 77 18
28 25 706 30 163 109 189 4 49 65 41 28 226 88 107 52 148 115 6 50 80 33 184 72 105 116 9 94 44 59 236 98 76 16 135 37 181 62 245 89 72 47 248 13 4 17 217 36 178 81 131 1 49
29 25 770 26 161 34 248 88 26 7 249 58 246 37 52 2 227 123 198 23 223 63 36 101 182 104 113 109 244 105 64 124 105 112 150 15 247 22 205 6 203 57 228 92 86 68 60 52 193 32 216 80 109
30 25 787 22 35 97 5 29 76 68 4 33 31 28 149 27 103 32 158 60 111 124 20 90 168 80 118 110 111 61 41 95 184 76 43 64 206 108 209 2 139 112 151 18 115 3 169 123 160 103 108 10 225
31 25 721 50 53 54 19 14 164 79 157 110 138 107 129 53 39 99 137 122 100 2 210 19 74 105 164 48 116 119 133 1 93 57 155 21 200 43 161 6 74 120 157 47 195 35 44 74 37 3 175 55 179
32 25 828 6 94 78 247 87 85 122 54 16 3 51 68 45 211 50 96 83 169 104 84 67 49 57 101 69 232 114 196 9 169 101 139 54 135 52 13 108 82 110 132 7 194 99 102 27 244 80 235 60 105
33 25 903 18 137 48 227 103 96 110 146 71 123 111 249 14 114 92 220 96 179 78 145 60 146 118 138 47 213 8 249 49 128 10 96 104 112 66 88 109 114 62 71 89 171 84 77 115 30 43 232 102 128
34 25 803 35 216 49 99 57 159 97 105 36 84 53 139 47 95 78 156 83 139 60 139 100 26 43 124 68 150 41 146 27 178 111 52 26 19 85 123 101 245 81 28 110 2 99 164 9 182 30 87 80 214
35 25 773 77 54 91 244 29 158 18 70 53 21 122 15 73 124 33 32 121 8 4 201 12 215 55 111 63 144 1 98 98 77 3 188 48 32 72 65 78 101 74 115 10 174 124 143 45 109 123 222 120 88
36 25 742 3 207 68 191 100 202 43 49 26 222 52 190 121 185 11 60 12 236 99 187 108 110 98 103 6 206 103 53 39 230 111 231 22 63 34 167 59 240 14 123 110 50 21 186 95 245 46 204 84 246
37 25 694 56 214 76 31 43 105 69 148 68 27 21 130 60 187 115 96 28 106 70 12 30 180 10 193 24 4 41 172 82 249 42 13 65 219 20 232 74 190 106 141 2 122 105 40 88 75 19 181 75 175
38 25 650 65 17 51 45 57 222 2 33 13 116 97 106 112 180 31 51 36 23 96 14 19 200 30 107 24 74 26 19 5 100 69 46 93 244 91 2 67 194 11 204 107 59 22 13 49 25 89 144 38 210
39 25 889 93 193 66 218 16 193 89 122 20 134 104 110 90 45 30 100 123 65 58 158 63 196 99 213 95 165 107 110 124 51 29 41 121 21 108 209 18 229 92 14 68 172 32 216 4 109 88 193 41 222
40 25 904 107 88 48 194 58 87 27 19 85 55 47 102 50 192 61 235 40 178 74 107 99 173 115 64 51 223 3 95 116 201 76 203 123 122 112 209 5 20 54 51 121 205 95 57 64 30 73 218 104 31
41 25 910 43 3 20 83 54 220 85 250 13 178 14 135 49 1 94 173 107 113 79 135 86 158 104 244 74 8 66 18 88 96 61 91 92 18 121 61 80 245 122 92 47 136 101 72 113 171 97 219 11 50
42 25 804 103 73 82 183 66 7 43 233 25 232 55 62 72 21 79 169 59 10 39 180 78 187 42 31 111 154 76 207 100 86 6 77 10 64 112 75 71 154 57 197 8 59 109 188 102 42 73 242 31 240
43 25 623 32 141 120 233 97 219 45 102 46 180 17 157 106 87 37 163 10 46 81 210 80 183 1 129 26 74 5 56 40 162 71 159 121 42 3 17 25 196 12 33 29 200 69 168 85 91 42 78 47 229
44 25 811 9 229 104 137 4 154 119 162 45 30 107 79 2 149 58 143 120 82 66 6 114 94 81 159 11 142 124 29 94 45 7 80 88 216 106 93 61 142 13 67 100 91 68 248 23 86 95 81 3 100
45 25 887 69 73 32 204 60 150 77 65 119 99 72 50 98 11 15 55 103 201 48 217 17 148 34 62 122 158 124 91 113 126 43 33 50 199 111 234 99 188 13 221 118 212 106 234 61 36 41 4 30 63
46 25 792 38 216 37 70 89 2 35 191 44 192 115 95 30 223 68 69 122 113 81 93 105 167 73 65 110 101 76 114 107 115 3 72 26 197 12 28 83 179 48 150 20 17 54 94 61 247 90 173 57 4
47 25 736 95 232 69 5 68 21 57 56 2 171 35 50 72 232 38 76 64 68 123 190 87 15 55 75 121 100 53 103 11 23 49 78 43 105 111 21 25 20 70 73 103 209 23 144 26 248 60 214 12 155
48 25 710 120 188 97 241 37 195 20 242 12 30 14 185 84 57 39 194 54 165 66 249 90 20 59 237 38 85 109 98 25 97 2 145 75 135 19 131 16 7 7 191 95 40 81 16 93 246 68 187 100 127
49 25 833 48 115 63 9 87 212 82 65 83 195 116 194 72 10 74 189 118 85 70 59 55 109 14 172 77 236 104 246 47 203 122 197 44 36 57 130 123 115 46 57 60 37 1 131 23 74 69 15 11 241
50 25 856 50 167 99 64 88 27 26 191 23 175 120 246 121 164 32 177 20 131 41 191 62 202 79 187 59 78 113 105 69 123 95 119 39 45 34 126 72 184 66 196 108 162 80 75 74 108 24 12 118 202
51 25 865 90 179 11 19 41 240 87 15 84 80 53 230 113 30 51 149 72 98 108 109 16 188 58 214 45 4 20 45 15 12 122 206 65 234 99 83 75 38 97 10 117 2 114 82 31 142 82 228 64 86
52 25 638 4 126 120 195 23 124 89 67 13 77 40 196 16 148 21 200 97 58 24 231 27 150 95 108 32 111 41 111 76 229 48 182 82 168 1 229 66 45 30 17 85 225 9 107 98 186 56 155 84 161
53 25 731 56 85 107 140 116 194 55 79 20 159 1 178 92 43 30 195 60 95 114 215 88 50 41 96 9 138 31 189 43 216 76 75 50 35 90 18 103 144 96 224 29 221 26 120 14 213 79 157 36 212
54 25 829 44 43 2 188 111 203 13 160 112 79 29 66 74 226 40 80 72 42 51 164 92 213 121 79 14 176 110 26 115 130 45 241 68 30 57 42 8 10 70 199 60 46 113 14 94 131 65 7 79 31
55 25 811 71 130 3 149 120 30 8 20 121 13 41 214 57 71 90 112 118 224 33 191 10 180 30 24 23 160 65 131 114 72 77 220 51 100 89 205 85 85 53 199 16 130 70 250 94 158 117 169 66 182
56 25 727 30 120 63 53 120 223 94 227 40 178 32 90 5 97 22 66 56 74 14 55 66 245 65 88 9 159 108 199 67 137 46 5 42 17 102 135 118 141 27 23 24 93 91 217 50 164 82 104 81 76
57 25 748 80 248 15 214 31 224 14 97 110 36 78 3 52 31 115 147 46 243 44 46 85 70 40 176 13 66 66 219 45 22 21 226 121 160 41 26 8 157 99 94 67 29 74 96 59 188 117 82 55 12
58 25 753 2 116 58 144 18 70 84 84 15 230 82 137 81 179 46 246 79 30 4 29 100 48 57 173 93 212 111 49 118 247 27 211 54 170 103 100 38 91 108 96 102 165 24 124 13 79 5 16 85 81
59 25 647 63 118 106 57 85 67 42 235 37 140 12 122 45 33 76 121 36 114 121 61 16 35 14 149 15 120 40 224 79 92 33 136 28 224 29 13 112 169 1 210 65 158 61 171 123 143 52 247 4 76
60 25 707 12 101 92 87 28 170 30 60 55 58 10 84 47 122 104 149 81 145 56 116 80 78 93 180 95 29 45 249 25 25 51 138 17 77 27 38 106 188 15 73 61 194 108 186 1 127 117 242 59 171
61 25 805 84 113 16 89 32 139 91 33 41 205 33 182 31 36 94 137 99 163 3 46 65 41 24 226 26 69 82 84 115 18 48 130 83 56 120 173 88 35 68 10 8 36 123 106 51 1 92 41 93 116
62 25 927 118 58 62 117 76 176 111 248 32 193 30 26 93 242 37 197 89 229 81 221 116 56 41 56 78 8 73 22 100 65 79 92 103 195 42 28 55 141 59 123 45 61 67 138 97 138 101 52 70 48
63 25 833 43 250 100 185 32 52 44 104 50 18 21 4 86 123 73 104 3 230 119 38 79 140 99 145 5 172 105 76 78 153 95 78 104 29 109 133 65 57 67 210 60 153 59 110 6 38 89 102 76 42
64 25 842 93 26 61 74 49 69 54 124 123 183 75 161 99 161 43 23 100 202 89 161 11 218 71 120 76 234 83 29 59 101 98 186 13 47 109 206 77 108 79 111 52 130 25 40 18 47 14 219 113 151
65 25 778 104 182 97 99 7 80 33 137 115 9 110 27 21 156 10 204 107 219 9 92 123 138 89 22 30 231 46 20 51 33 119 230 73 50 12 209 16 247 68 167 18 75 28 198 99 206 101 96 70 167
66 25 821 94 76 124 139 96 50 46 118 79 237 88 58 59 137 17 27 43 187 45 37 11 174 86 169 22 41 121 219 87 37 63 15 36 76 85 99 38 85 18 72 120 154 113 32 49 178 1 162 101 86
67 25 876 57 123 103 52 91 65 89 130 56 124 81 142 83 156 95 222 92 89 20 86 117 113 73 125 101 247 52 226 33 4 62 191 16 242 46 57 80 50 112 203 107 128 12 12 74 85 37 229 63 130
68 25 801 92 238 4 169 86 157 121 95 13 159 35 240 50 26 106 106 85 93 66 220 24 180 21 108 32 57 87 72 62 30 36 42 51 45 90 165 56 124 29 105 64 62 118 42 101 141 73 246 100 207
69 25 953 29 38 28 192 67 188 86 218 35 238 115 124 27 170 122 55 24 247 95 85 103 196 91 72 113 168 64 162 38 163 118 168 76 145 110 119 59 195 87 70 57 53 68 83 97 41 114 245 84 181
70 25 821 117 154 123 63 118 40 1 155 77 140 22 222 90 19 81 61 54 127 124 124 35 51 43 94 84 82 121 142 25 237 46 23 26 140 62 128 21 116 17 168 87 209 38 19 68 145 119 168 44 86
71 25 646 22 42 44 80 11 141 97 160 104 17 57 129 8 96 108 154 86 226 48 47 36 62 65 156 4 61 1 172 91 146 109 112 62 152 66 197 19 14 84 122 7 140 15 87 20 47 59 67 70 72
72 25 897 3 9 102 233 46 205 6 136 100 114 99 139 117 40 62 10 53 145 37 137 107 176 98 190 70 20 101 238 89 149 115 75 74 245 56 205 108 31 45 81 44 37 97 105 23 127 29 163 113 112
73 25 807 88 210 29 9 81 231 121 147 4 110 96 105 35 67 36 114 49 66 34 232 109 172 78 190 69 79 64 199 116 28 61 180 113 214 63 68 58 214 72 144 28 54 80 63 42 105 3 52 86 213
74 25 810 75 39 28 144 94 193 92 210 96 152 14 60 77 229 12 111 68 185 5 80 88 160 34 25 53 139 105 76 69 54 114 73 49 83 118 141 19 190 32 249 85 227 99 173 21 159 52 203 121 86
75 25 812 111 247 13 226 103 94 52 172 40 96 48 99 88 40 117 152 59 126 2 248 62 81 96 109 78 231 12 155 74 141 75 87 116 154 32 19 31 36 23 181 9 87 95 228 91 5 80 92 118 24
76 25 906 98 102 102 203 90 131 31 164 123 207 91 110 8 109 14 16 121 161 71 130 122 165 84 189 45 15 46 7 120 210 109 198 50 115 80 65 89 161 41 179 25 140 10 17 22 212 116 121 104 176
77 25 789 59 250 65 191 22 49 74 17 8 182 66 159 23 122 98 237 9 138 17 107 15 8 117 156 120 240 95 110 110 198 13 169 49 179 86 70 102 159 63 235 68 105 18 90 101 116 76 109 105 195
78 25 636 91 96 77 184 2 48 48 73 33 33 20 147 53 170 75 115 114 52 1 29 13 68 8 30 32 109 122 85 69 204 29 34 49 82 50 130 117 122 14 126 118 137 30 14 86 144 3 12 19 31
79 25 674 1 188 38 31 95 123 4 179 67 82 59 225 6 242 44 32 98 137 111 114 100 247 18 114 60 138 116 173 32 248 49 196 12 56 40 135 70 76 118 230 27 248 97 47 29 194 35 136 23 236
80 25 702 5 40 99 166 53 66 89 186 40 114 6 176 44 23 37 204 92 89 71 72 93 68 20 139 74 190 26 186 73 173 46 55 65 121 95 242 61 160 29 100 23 11 3 191 33 141 122 125 105 67
81 25 873 48 72 112 192 62 37 108 87 97 181 120 235 51 115 79 19 28 114 47 104 113 57 106 31 90 122 27 66 78 195 24 33 31 187 69 240 18 170 114 154 37 103 85 180 107 175 86 14 9 43
82 25 701 44 75 16 172 117 218 81 93 24 111 30 70 101 155 87 122 75 128 29 154 64 83 11 113 35 73 103 145 115 22 72 131 68 63 59 19 20 60 106 174 4 183 55 90 32 172 34 75 21 222
83 25 669 9 156 61 20 103 163 16 195 36 87 52 229 2 126 14 122 20 198 79 45 76 239 17 145 122 9 30 173 56 162 15 200 117 154 91 38 65 154 89 20 33 128 86 208 82 107 10 172 58 152
84 25 683 66 31 12 197 79 18 26 236 32 40 61 23 68 3 60 234 31 125 3 163 65 13 40 25 95 223 109 104 19 18 107 61 48 119 7 103 113 157 89 19 1 143 93 128 54 76 33 178 56 195
85 25 850 118 193 110 119 14 207 102 117 78 221 99 13 19 194 122 223 33 28 38 52 53 38 69 20 40 248 72 50 27 127 119 19 46 80 115 184 91 153 39 228 80 34 23 76 6 55 81 169 106 133
86 25 726 58 152 4 223 1 200 22 27 54 117 23 201 49 137 112 39 79 139 106 242 116 185 25 138 11 133 67 216 28 150 75 210 51 203 34 153 55 179 24 178 110 174 64 73 87 245 86 192 111 76
87 25 848 1 113 65 238 97 108 78 249 7 4 83 159 58 242 38 164 23 194 72 23 121 33 71 37 105 157 31 65 98 118 117 76 82 158 63 178 16 118 51 124 9 135 102 47 69 226 115 140 124 213
88 25 781 25 194 124 129 78 29 46 50 123 139 102 80 24 40 7 164 9 183 14 231 43 125 11 144 47 204 96 13 71 219 100 220 15 223 75 217 103 97 118 101 88 95 55 236 111 186 1 244 76 137
89 25 778 14 87 7 37 17 103 49 87 71 24 56 187 98 108 28 201 79 21 41 217 82 26 77 17 26 47 112 17 122 123 60 5 43 202 84 216 38 29 91 196 53 220 116 108 92 143 24 58 76 26
90 25 745 111 194 29 157 55 170 6 155 51 42 11 70 118 219 35 133 99 228 78 64 18 232 110 89 102 104 89 35 31 115 20 224 120 154 39 136 66 177 45 10 22 138 21 154 100 231 27 94 87 37
91 25 793 55 152 115 10 116 1 40 207 21 14 76 151 19 216 13 178 31 166 97 17 62 86 14 90 71 91 47 74 59 235 87 91 12 77 100 127 77 140 83 74 28 10 46 225 88 98 107 129 123 167
92 25 490 6 113 7 53 55 30 2 91 15 88 56 3 16 30 4 93 21 63 18 25 72 94 70 148 33 144 13 41 103 55 46 90 38 224 20 44 77 87 58 39 17 60 32 148 40 101 44 204 118 193
93 25 682 2 63 115 24 96 133 27 210 26 129 116 196 71 130 21 67 49 222 28 231 113 169 18 19 66 182 119 234 88 29 114 151 13 223 16 182 20 150 75 192 29 95 8 202 44 160 35 31 55 177
94 25 738 26 97 85 121 58 197 83 211 38 108 103 50 80 81 65 114 108 61 115 34 2 143 3 9 72 148 20 231 30 51 9 180 23 70 27 80 119 110 40 31 92 119 57 149 74 223 114 158 34 228
95 25 874 66 137 97 171 123 168 45 17 75 68 8 231 67 180 21 48 117 37 78 60 7 111 60 57 83 25 90 218 104 7 105 76 29 102 95 199 118 95 23 37 79 230 103 133 89 100 55 57 11 109
96 25 836 94 244 71 28 51 154 30 117 121 8 123 225 83 152 53 178 100 148 124 99 59 77 55 139 62 144 113 93 75 226 77 20 48 19 27 54 10 250 61 110 76 246 4 25 64 151 23 14 68 176
97 25 750 12 188 39 230 115 241 33 9 61 156 56 80 35 211 66 34 22 27 86 17 14 214 18 202 91 40 90 4 10 179 104 197 69 83 59 217 70 245 122 102 51 156 63 93 41 84 97 2 77 110
98 25 785 67 94 39 135 110 230 13 201 114 66 54 186 10 238 98 45 79 167 16 76 121 66 83 183 11 124 118 232 102 69 68 43 14 106 29 248 63 166 73 176 84 2 88 195 38 239 5 120 74 47
99 25 844 77 108 34 177 100 140 5 145 83 48 33 40 76 155 102 94 80 5 52 58 69 121 23 106 86 192 60 192 61 235 91 115 93 249 18 169 116 148 64 175 47 73 89 224 43 67 95 193 92 67
100 25 767 90 73 28 134 109 71 46 218 36 160 37 160 30 183 2 52 121 176 75 170 14 25 124 33 69 32 56 38 76 148 105 166 95 234 49 203 54 94 22 67 106 36 78 112 93 79 15 65 4 214
101 25 942 86 244 113 85 4 181 93 59 71 44 81 27 61 27 10 211 104 165 31 103 106 113 115 160 99 59 123 93 53 208 87 143 19 215 50 112 120 155 67 107 109 27 63 1 57 142 45 131 118 18
102 25 855 64 230 108 163 73 12 97 11 29 218 77 79 79 201 50 85 8 150 26 92 85 22 91 106 4 208 101 44 62 83 81 111 71 29 98 100 121 49 30 176 10 132 103 12 88 142 95 102 60 59
103 25 783 104 244 34 22 33 218 79 143 39 210 116 115 80 16 19 233 15 199 94 249 29 106 73 241 99 176 62 200 26 99 111 232 92 144 3 124 89 184 119 127 18 86 74 101 9 181 59 25 91 87
104 25 800 107 38 77 80 88 139 7 216 112 242 72 180 10 51 54 200 109 172 76 228 43 177 84 153 74 87 6 141 48 214 102 44 118 92 27 208 78 18 4 159 37 204 119 185 97 43 49 148 2 53
105 25 689 4 75 14 237 68 164 52 246 15 95 113 106 98 48 35 240 30 143 96 63 55 49 57 91 31 28 9 181 27 135 109 30 61 224 118 128 12 170 123 3 116 213 85 89 10 96 16 239 25 79
106 25 833 20 175 112 235 58 116 118 238 17 2 96 23 40 47 42 183 37 17 38 129 104 99 92 90 70 249 105 35 23 35 31 50 123 15 107 90 110 94 83 88 106 2 88 200 21 247 11 91 15 235
107 25 838 35 229 31 158 60 65 32 220 95 81 69 211 39 34 47 235 116 237 26 73 90 215 22 235 63 234 21 51 52 35 12 86 115 167 118 152 83 24 98 29 82 166 114 245 51 138 81 167 124 83
108 25 898 91 65 47 215 50 212 70 12 101 82 23 61 48 166 30 199 123 31 46 26 112 189 116 83 114 105 39 7 80 246 98 145 20 62 69 208 88 240 71 189 96 235 6 21 84 138 67 211 107 76
109 25 767 35 220 56 175 102 112 46 176 6 167 89 199 101 51 64 46 114 111 115 192 58 201 49 204 11 186 20 96 13 228 47 197 78 97 25 65 119 52 70 137 15 121 112 191 36 157 31 123 123 222
110 25 586 56 175 122 9 60 57 5 155 46 232 52 93 30 232 64 157 57 208 92 193 98 189 31 140 99 164 22 222 13 96 4 62 12 223 1 141 2 46 3 136 53 159 33 86 117 250 66 40 35 57
111 25 808 14 198 78 212 85 173 90 248 117 226 95 117 93 198 66 103 4 193 56 204 123 17 47 224 89 13 33 145 26 82 74 214 42 99 53 16 5 236 58 199 35 173 114 176 59 79 84 137 76 77
112 25 640 35 26 74 248 38 208 17 41 40 215 4 58 63 159 73 4 15 160 89 195 86 79 58 11 12 11 94 250 45 159 88 221 8 228 53 149 18 217 91 123 1 130 31 199 111 23 108 148 29 233
113 25 768 41 189 119 155 51 64 6 114 86 17 53 181 24 30 85 25 52 240 22 52 96 154 102 206 28 62 104 240 67 86 8 5 56 139 97 144 21 57 12 73 89 36 80 48 60 205 76 151 101 230
114 25 855 98 232 81 31 9 244 101 61 71 233 65 104 120 200 116 242 108 128 15 121 95 176 75 171 53 153 25 150 111 82 55 96 40 196 113 236 30 154 66 2 1 140 117 247 97 33 44 213 5 138
115 25 635 13 80 58 65 84 59 66 69 118 246 16 170 12 212 9 99 93 14 39 95 116 30 64 210 3 12 117 171 99 247 36 213 53 218 27 113 4 194 33 121 41 48 17 53 111 2 26 204 15 42
116 25 793 25 108 71 213 67 199 76 58 96 151 31 131 113 185 116 47 79 184 56 51 100 229 44 27 66 147 29 144 13 70 43 120 118 107 61 43 34 96 59 1 19 148 38 196 115 186 1 174 117 28
117 25 805 72 71 3 137 92 156 8 229 78 27 76 70 9 136 112 19 106 226 55 84 96 202 98 166 67 158 41 217 1 68 91 174 115 93 61 58 100 45 14 177 71 89 56 224 75 57 4 242 109 182
118 25 754 66 25 123 75 42 89 76 235 31 124 36 134 75 80 22 228 3 110 58 185 113 234 93 228 112 186 87 44 1 213 18 76 4 209 90 114 103 41 14 174 61 70 47 38 72 156 107 192 55 215
119 25 665 35 32 54 72 95 74 73 182 91 250 38 49 2 229 104 121 1 219 21 38 39 192 52 212 74 142 45 141 48 112 50 79 40 246 26 113 82 55 96 206 22 75 118 228 47 95 71 193 7 86
120 25 711 9 58 25 83 51 46 98 98 32 249 29 196 96 179 35 118 112 67 13 60 22 137 111 241 114 32 85 161 99 68 102 100 42 28 20 116 91 107 76 163 12 213 30 101 50 156 40 121 28 226
121 25 775 8 2 20 83 86 121 34 104 31 219 102 184 36 185 9 198 72 96 80 172 124 99 58 25 106 179 41 78 81 243 85 59 12 145 121 8 53 224 109 208 44 187 16 181 122 127 4 193 97 60
122 25 747 91 198 10 148 74 217 53 92 44 133 84 105 96 249 39 80 52 240 40 134 102 25 66 98 3 46 17 76 105 107 23 216 106 199 57 33 77 17 123 181 60 195 55 76 1 106 65 166 51 142
123 25 815 92 116 91 219 36 232 45 117 65 169 59 45 117 115 54 8 66 195 6 122 107 177 28 34 30 110 75 172 40 167 116 5 10 128 88 179 97 27 71 66 122 101 74 39 22 56 35 3 84 164
124 25 559 13 90 23 87 11 223 87 27 116 54 8 125 56 220 31 129 121 105 34 168 22 155 18 197 45 165 2 205 19 188 95 9 27 243 15 67 33 18 57 86 26 33 119 222 40 247 93 246 7 237
125 25 825 18 13 107 66 58 123 45 114 118 107 83 1 110 177 96 226 3 244 26 214 121 36 59 217 75 180 36 71 62 23 65 51 4 107 108 1 7 54 119 219 82 191 69 177 68 39 77 133 34 112
126 25 767 66 1 39 98 36 211 11 160 25 186 38 6 44 140 9 116 110 117 103 85 20 131 29 189 82 174 55 69 114 157 84 188 73 204 45 111 93 175 108 58 19 217 50 40 46 111 119 167 116 22
127 25 894 105 12 103 28 43 148 119 74 83 56 117 126 106 70 45 193 15 72 73 247 68 65 7 209 87 118 77 128 85 75 84 73 30 112 115 154 82 63 112 239 32 237 94 203 13 217 65 185 28 231
128 25 839 67 88 44 59 40 23 120 114 107 193 93 34 24 151 74 135 14 230 121 108 34 4 97 1 83 182 42 143 61 250 84 148 43 244 39 66 113 5 47 157 124 241 66 147 16 139 31 29 95 4
129 25 1016 113 3 7 210 105 67 118 124 84 53 123 144 52 165 114 91 78 95 3 110 93 243 27 115 110 142 122 14 88 250 103 67 109 62 24 175 54 147 83 121 112 137 77 117 45 148 96 131 92 66
130 25 721 32 183 50 25 55 165 112 31 18 54 14 181 77 165 87 75 24 44 70 230 7 81 72 208 49 117 82 20 122 174 62 131 106 236 30 137 26 142 43 20 47 158 75 123 73 36 57 243 53 188
131 25 841 50 101 123 224 92 204 95 66 2 133 71 85 118 100 96 120 93 240 116 139 23 191 113 72 101 161 121 9 5 150 72 180 1 194 124 201 32 228 60 79 62 52 54 134 24 21 14 12 21 56
132 25 787 124 92 9 137 64 142 118 89 65 24 89 235 28 55 109 80 86 14 17 124 43 47 7 43 45 130 33 181 2 214 31 195 74 42 90 35 97 30 58 60 116 188 91 99 119 154 36 235 23 34
133 25 777 4 69 18 46 113 124 55 20 1 18 51 70 91 69 78 158 80 174 39 13 85 154 52 51 105 22 56 117 108 180 3 111 101 145 8 190 63 210 120 182 10 65 119 9 20 47 124 229 50 131
134 25 695 8 48 39 125 31 218 2 118 68 123 1 8 15 40 92 237 96 203 51 72 7 21 80 16 40 228 116 246 30 165 103 37 65 16 13 220 109 139 87 153 11 64 35 3 114 176 55 141 122 39
135 25 674 13 179 31 30 22 127 37 163 104 176 79 222 63 48 80 77 112 209 64 152 119 43 5 198 55 230 23 28 18 138 81 25 42 214 43 250 38 248 50 116 94 113 16 25 41 104 109 229 9 151
136 25 618 29 40 5 29 45 249 41 227 1 82 65 250 101 42 37 223 68 5 67 32 20 216 72 123 51 153 104 4 26 90 30 31 4 136 59 150 112 76 2 112 9 168 111 234 61 250 82 129 35 23
137 25 714 67 84 122 118 111 77 121 113 41 127 18 147 115 54 46 101 4 24 64 138 44 174 98 104 25 31 107 28 7 244 27 199 77 250 66 164 38 26 94 17 20 240 6 73 13 231 54 13 43 56
138 25 898 69 15 35 94 23 243 98 29 111 125 102 164 101 144 77 52 57 204 123 198 76 237 55 148 53 239 95 146 100 212 45 109 48 143 12 33 119 216 49 94 109 125 17 181 97 191 6 185 120 5
139 25 733 36 131 58 1 37 152 21 12 90 201 33 73 100 27 62 234 122 27 32 193 10 9 42 129 64 138 69 46 72 41 50 84 46 209 84 208 88 82 71 177 9 205 108 232 61 216 80 189 22 175
140 25 649 108 63 53 148 75 224 68 124 14 94 82 184 18 243 15 224 40 43 107 120 42 191 78 204 8 32 17 107 31 169 89 218 96 213 20 194 30 245 59 101 76 95 5 195 87 121 43 104 38 126
141 25 704 98 57 66 27 10 74 35 4 55 65 24 246 119 208 6 40 90 250 65 52 44 171 122 131 41 16 109 203 17 58 9 207 61 121 30 95 101 62 12 249 57 146 94 116 3 235 80 2 60 246
142 25 845 30 228 41 151 108 206 19 193 11 160 102 121 116 37 93 248 109 68 59 245 43 217 117 12 119 246 97 32 111 1 10 129 4 219 61 22 14 48 56 115 44 148 122 89 55 83 98 123 51 211
143 25 938 57 169 59 172 117 90 9 117 99 114 97 68 50 95 81 97 2 47 27 128 123 240 58 30 49 7 93 60 119 128 83 235 92 69 79 168 110 83 122 167 55 100 65 46 101 69 25 99 105 84
144 25 740 66 233 57 10 43 153 114 227 80 45 67 122 79 71 83 161 44 226 90 143 18 238 96 211 46 18 48 150 101 90 7 135 99 26 14 87 3 127 24 171 117 227 116 74 13 34 27 79 28 44
145 25 847 43 248 4 32 123 79 44 76 51 62 118 76 75 56 55 76 73 79 98 166 32 88 115 44 121 243 100 1 36 142 16 173 18 13 1 186 88 20 111 149 114 164 93 128 94 23 9 180 63 100
146 25 793 75 35 92 49 35 229 66 135 119 215 27 132 68 87 71 87 50 72 76 88 21 221 32 148 64 157 123 73 86 37 24 12 48 116 61 208 103 194 65 67 95 48 9 33 96 207 41 148 39 118
147 25 943 30 61 57 186 35 106 123 71 106 134 96 198 46 53 19 148 98 60 90 192 84 98 99 178 45 181 71 67 53 234 60 207 44 218 119 181 50 116 103 155 102 198 80 147 74 9 111 140 92 208
148 25 871 114 144 3 146 89 194 50 49 105 234 93 49 102 125 75 195 82 148 36 44 26 235 65 225 118 50 84 110 79 102 112 76 43 32 103 68 86 160 14 62 34 89 108 113 22 5 37 57 62 41
149 25 678 67 36 33 94 2 241 78 182 69 41 110 213 49 212 31 139 47 42 28 210 53 93 68 40 114 174 76 22 74 239 62 16 71 109 3 38 61 161 83 203 20 46 1 83 15 231 19 191 123 111
150 25 948 110 139 99 33 66 245 107 55 33 224 56 103 82 160 117 244 47 74 71 44 119 173 1 148 39 209 94 57 68 167 124 88 77 178 120 175 85 199 108 221 65 203 14 250 38 234 48 15 109 211
151 25 830 98 202 120 223 121 36 59 179 28 178 53 217 106 82 87 8 19 12 115 114 54 68 108 169 67 145 27 91 12 237 29 234 63 23 36 160 117 89 39 21 16 6 2 223 69 9 116 182 100 81
152 25 719 110 42 41 153 86 37 32 153 48 143 33 134 58 180 67 93 105 56 49 87 57 248 30 167 90 87 16 147 35 187 76 97 99 84 101 21 78 9 29 10 40 197 79 231 5 237 63 185 12 149
153 25 726 93 111 31 111 75 242 1 221 39 137 10 91 108 233 49 84 105 2 69 111 113 233 57 169 89 38 7 128 74 18 26 166 3 33 54 24 4 126 40 117 107 202 94 8 35 74 111 80 59 75
154 25 646 62 92 118 127 5 249 4 203 7 221 97 164 98 2 40 78 3 181 70 114 37 146 83 21 32 156 6 111 66 206 24 32 50 151 13 49 91 18 114 38 115 153 10 116 44 65 95 224 9 209
155 25 818 112 6 41 8 14 48 115 101 113 195 124 121 120 126 9 145 7 201 37 120 3 124 99 244 42 38 65 242 23 148 104 153 63 88 18 235 77 243 74 124 94 47 95 94 32 114 107 127 49 71
156 25 824 107 172 44 202 66 184 16 182 81 39 12 86 101 99 103 63 28 73 113 151 41 34 120 134 65 85 63 148 86 111 93 67 9 114 51 47 11 108 104 49 96 64 1 70 19 40 97 216 122 6
157 25 939 61 218 116 228 52 53 114 15 70 33 24 58 27 74 81 162 33 184 62 4 123 188 73 243 102 21 83 4 119 213 42 86 78 246 108 222 122 166 111 122 75 138 71 132 26 80 66 213 40 150
158 25 865 7 157 1 27 114 232 122 178 59 232 97 172 89 68 24 211 86 9 35 248 4 144 84 209 111 143 100 112 25 233 28 96 47 25 46 208 106 17 107 47 85 5 109 22 115 42 56 215 74 215
159 25 796 106 134 75 123 85 38 124 192 1 152 14 48 28 13 93 87 96 87 68 17 23 174 44 39 41 76 105 188 2 69 20 237 120 245 72 32 118 138 32 121 27 56 16 126 110 111 87 52 86 226
160 25 652 103 129 116 121 56 72 35 159 15 180 21 236 49 92 17 41 104 25 14 107 81 161 123 58 20 108 19 49 87 206 1 189 61 93 36 241 39 71 25 155 45 140 113 156 42 68 32 180 50 214
161 25 850 91 172 21 87 6 141 112 217 96 112 8 31 56 168 124 219 113 125 123 89 44 12 19 132 75 51 61 249 116 151 22 137 90 153 27 178 100 40 80 5 95 100 3 166 64 104 38 28 117 131
162 25 822 22 123 81 174 59 56 40 186 78 176 2 82 54 55 29 28 71 234 10 142 83 114 57 123 93 197 25 91 75 244 97 221 122 151 84 36 64 13 63 167 94 218 96 248 121 18 107 160 17 95
163 25 749 68 139 62 116 16 5 42 134 101 138 4 134 104 189 21 144 77 185 60 45 27 133 19 249 25 78 105 161 71 75 81 85 113 196 117 113 69 102 14 174 87 117 84 112 64 143 24 210 44 156
164 25 744 81 145 32 33 124 68 104 50 40 140 70 241 6 159 52 52 112 65 100 198 34 189 8 145 2 150 20 64 46 175 19 190 59 153 63 103 108 215 102 147 23 239 86 57 17 137 89 70 92 152
165 25 877 77 88 6 227 108 69 22 134 64 63 67 193 102 169 51 191 20 174 44 20 38 232 76 156 118 197 89 183 16 55 85 93 120 192 69 204 112 192 87 50 106 6 117 82 49 19 46 193 65 207
166 25 719 1 242 112 221 63 76 28 204 107 89 23 226 30 68 31 141 111 220 42 216 100 136 24 250 29 23 22 198 20 211 54 118 92 94 68 120 49 60 46 2 90 113 9 82 98 103 101 40 88 188
167 25 650 54 116 63 177 41 207 13 171 78 43 38 170 11 230 16 136 6 200 56 109 20 242 75 117 72 50 8 125 12 196 53 229 110 230 19 168 94 167 120 113 79 39 101 184 31 236 106 167 24 223
168 25 868 61 140 47 30 63 96 37 63 84 84 92 40 45 48 35 212 118 201 82 231 30 222 58 88 105 168 85 186 3 57 99 119 104 128 57 51 16 119 112 202 62 151 121 235 60 60 102 136 59 40
169 25 884 66 116 104 170 11 60 106 71 62 15 44 157 95 148 88 20 16 183 108 217 120 133 64 206 45 225 34 55 92 93 71 33 60 26 54 195 85 160 123 174 36 29 18 36 94 14 51 128 122 119
170 25 712 99 231 34 54 25 9 88 56 100 55 103 109 114 230 15 161 41 174 51 38 74 63 44 193 98 12 81 148 14 54 118 238 12 152 18 36 35 105 69 236 11 148 95 227 3 211 43 134 39 183
171 25 848 59 226 101 126 51 112 58 175 102 89 43 191 100 194 84 112 103 188 55 88 74 203 34 175 57 244 38 224 104 76 31 14 108 241 78 71 26 3 48 114 45 215 88 238 67 88 106 131 36 160
172 25 661 17 62 91 112 76 166 68 151 49 206 53 31 6 102 74 133 1 187 52 90 16 138 51 59 100 133 64 112 42 57 25 234 44 202 111 102 73 168 103 216 11 56 39 120 56 77 23 123 77 163
173 25 799 112 230 73 188 12 49 6 68 50 239 88 126 13 50 79 62 93 84 17 183 95 72 74 191 105 150 89 227 102 103 65 183 51 127 44 39 27 49 83 201 15 46 53 27 108 89 62 191 82 97
174 25 696 12 28 45 203 109 171 18 62 124 245 1 56 2 100 83 153 41 205 14 63 32 91 71 134 39 19 20 43 40 199 27 210 91 88 84 86 66 241 107 169 67 167 72 192 59 128 57 246 112 199
175 25 804 4 54 31 176 62 69 69 184 89 85 109 240 45 177 54 230 114 221 95 220 15 162 11 63 80 69 65 136 41 153 59 92 97 13 16 30 101 225 116 67 121 42 77 155 68 24 37 112 32 162
176 25 894 103 198 65 164 94 225 108 165 71 120 55 203 72 132 68 115 104 109 86 56 115 130 79 90 63 115 53 58 82 85 59 134 11 98 102 110 57 16 32 176 48 234 99 54 51 190 2 64 109 244
177 25 824 90 171 108 119 81 166 78 152 100 188 14 49 39 100 105 157 6 132 79 115 82 234 17 248 117 28 124 56 4 232 49 70 5 9 64 85 118 88 56 78 25 219 52 231 102 159 89 55 45 140
178 25 916 119 167 7 21 18 187 1 249 87 196 105 95 9 41 121 228 3 97 33 205 122 229 108 102 80 244 66 112 118 87 111 106 109 233 100 22 75 109 31 180 55 141 95 27 124 26 29 245 106 239
179 25 657 73 60 107 115 23 201 54 24 39 159 7 146 8 29 106 59 114 113 113 43 3 208 70 223 32 45 123 162 16 205 2 88 14 85 55 37 36 108 37 199 118 20 71 102 25 154 35 138 33 121
180 25 817 82 204 93 215 123 90 1 138 21 128 77 159 87 131 47 99 90 60 24 59 80 95 35 81 100 172 94 115 46 103 110 127 56 77 68 155 18 68 19 163 95 174 111 203 72 209 7 108 78 63
181 25 759 54 214 18 5 112 213 119 157 65 206 10 222 9 77 1 4 122 19 41 43 91 191 5 43 13 66 38 246 48 240 35 78 56 52 82 42 117 52 51 181 7 37 118 114 121 212 106 91 79 111
182 25 772 110 68 51 124 40 200 114 74 4 21 85 62 116 113 89 24 97 1 28 214 91 9 84 177 111 221 32 53 26 244 14 195 44 13 109 220 103 182 98 248 34 159 36 1 22 125 1 95 5 58
183 25 749 67 116 118 118 101 190 1 131 91 245 19 12 15 133 98 87 110 6 36 107 39 195 18 17 68 244 119 162 95 101 71 161 63 130 43 127 5 173 69 226 44 58 93 176 30 179 35 214 51 10
184 25 801 113 169 77 106 37 90 52 12 35 189 79 199 68 224 53 50 21 223 25 41 30 219 92 59 124 104 71 213 74 246 62 164 3 19 41 104 111 221 29 54 69 81 103 90 54 127 107 185 73 50
185 25 753 119 196 28 41 10 204 36 84 15 51 86 135 102 29 57 17 109 168 113 138 96 33 70 73 99 123 51 206 35 248 5 5 46 10 45 55 88 80 13 79 75 213 83 206 20 77 64 62 41 178
186 25 870 9 198 123 58 47 222 108 127 6 208 10 3 117 31 34 56 110 47 91 223 74 49 53 93 102 219 17 248 116 89 120 48 69 7 113 51 66 221 38 68 64 68 30 125 105 120 20 127 99 246
187 25 810 72 104 12 194 71 78 41 243 87 211 52 11 42 249 25 87 62 218 63 33 122 39 115 218 112 144 90 215 118 85 36 198 74 207 19 151 113 89 59 89 15 171 6 13 92 177 38 6 84 136
188 25 660 44 198 80 132 69 44 97 186 106 109 8 54 65 128 56 163 116 144 73 204 11 244 84 23 64 50 51 203 55 10 75 59 19 82 104 40 30 39 20 138 24 175 26 230 16 123 17 220 10 178
189 25 656 8 198 103 160 25 134 21 89 84 182 17 35 123 46 74 244 58 97 43 237 122 147 56 13 49 232 106 183 11 215 5 90 6 224 20 71 34 76 29 175 88 129 95 36 4 234 93 230 38 250
190 25 872 94 11 48 177 117 230 63 183 86 129 34 91 79 156 13 112 106 166 68 146 84 80 120 213 11 55 20 150 31 238 36 203 40 129 61 244 59 72 102 198 101 59 90 239 104 111 72 183 105 11
191 25 874 98 92 42 242 116 72 104 151 1 245 6 159 50 44 4 234 115 189 121 91 113 221 24 203 61 2 40 110 37 246 120 134 87 139 77 210 80 80 63 200 62 96 101 105 100 84 71 140 56 161
192 25 812 105 129 37 34 41 15 73 150 51 45 122 184 6 10 58 59 71 13 115 8 64 52 104 164 8 55 100 79 46 7 91 25 10 104 119 107 75 169 26 48 80 133 57 114 44 128 103 33 18 186
193 25 820 90 57 69 144 8 124 65 14 66 66 1 170 124 176 15 82 102 160 108 150 114 217 58 80 10 185 57 43 70 200 80 159 30 217 123 196 105 166 11 230 62 236 7 178 68 211 87 152 110 53
194 25 882 118 167 7 128 79 40 22 125 114 101 10 198 101 39 39 75 109 246 115 97 100 28 82 84 80 1 44 42 27 5 71 20 23 179 93 20 59 120 110 108 95 125 86 17 113 57 16 240 51 95
195 25 798 116 71 113 244 75 35 13 98 88 11 50 33 30 127 68 2 111 50 73 87 71 219 47 189 82 205 9 222 70 59 43 37 107 8 56 42 20 5 55 139 37 56 81 38 18 130 110 104 53 56
196 25 754 3 93 12 207 101 210 2 141 118 134 46 25 28 65 30 134 71 61 124 209 93 204 121 235 60 83 65 89 13 44 57 126 103 157 85 105 43 63 49 18 37 76 59 168 61 106 80 184 47 137
197 25 864 37 133 48 244 72 12 108 218 68 210 70 201 21 26 96 209 107 7 15 245 59 73 14 244 54 93 52 95 40 6 123 189 102 47 75 186 119 146 83 195 41 108 101 231 84 222 95 142 45 108
198 25 662 112 75 53 15 44 43 31 174 41 220 2 212 63 77 38 208 34 209 100 118 76 200 97 159 47 191 28 68 26 139 119 203 6 14 36 39 12 107 75 26 103 151 40 185 11 131 74 86 57 45
199 25 853 97 205 88 249 22 90 114 117 19 244 5 240 7 169 104 238 84 178 115 163 56 6 74 91 105 84 73 53 45 5 75 16 14 14 83 228 121 98 110 81 99 65 34 243 35 196 48 142 79 188
200 25 561 3 248 67 202 115 2 105 84 44 84 10 141 33 65 103 113 15 167 9 150 11 20 72 183 37 192 25 10 20 87 12 18 5 66 109 233 89 67 24 53 56 117 99 145 6 141 28 132 26 48
201 25 657 78 186 61 19 85 172 38 23 58 157 4 100 16 236 84 206 29 190 104 206 34 174 30 156 50 57 37 177 81 114 89 118 7 150 39 170 47 74 53 27 48 68 13 233 18 172 103 224 108 113
202 25 783 124 17 17 155 43 51 66 219 108 55 35 226 38 184 14 59 83 87 112 234 31 98 94 31 116 118 8 191 77 121 64 218 114 195 10 164 11 80 22 42 122 181 25 112 115 209 74 226 44 60
203 25 750 108 142 5 13 109 224 123 151 50 243 66 142 83 136 3 122 120 16 48 93 71 49 79 185 7 152 12 51 63 245 44 68 4 41 106 6 91 75 84 33 58 212 6 55 21 250 47 193 92 118
204 25 703 94 45 29 100 49 166 2 111 12 147 53 120 25 71 78 155 13 27 73 161 112 159 41 144 54 165 65 99 6 182 44 153 86 143 76 103 122 61 91 143 62 43 14 49 18 1 74 178 113 108
205 25 680 94 233 13 110 47 213 116 229 6 120 41 1 70 120 122 232 62 139 72 123 56 84 12 82 85 29 59 136 58 23 118 151 5 107 11 52 103 132 52 97 24 29 18 120 25 249 39 71 53 196
206 25 834 6 41 4 193 69 63 78 127 85 172 67 130 116 243 51 218 101 80 41 124 108 35 118 133 34 150 23 206 77 93 63 118 74 5 38 136 59 16 72 207 20 13 87 135 107 137 80 82 91 222
207 25 650 57 74 7 151 81 142 50 205 97 127 47 159 96 222 16 133 107 51 24 31 8 43 43 94 29 150 105 85 83 48 15 121 40 142 53 56 67 132 27 170 30 162 2 177 22 210 80 45 115 87
208 25 832 64 33 55 70 34 11 29 218 58 62 84 30 101 101 82 133 42 88 11 211 95 48 77 221 76 223 32 155 120 22 116 160 31 22 104 189 33 235 8 192 46 217 97 124 44 178 108 62 118 244
209 25 686 22 189 41 98 11 218 47 42 123 41 63 215 76 218 89 31 8 121 15 16 39 163 84 135 13 2 40 245 32 238 61 72 28 135 82 98 56 123 95 199 38 36 24 5 124 31 115 96 46 130
210 25 695 10 208 65 144 95 66 35 191 105 43 54 165 114 58 49 195 30 206 45 124 29 207 12 154 86 135 60 177 106 82 56 92 16 222 87 87 37 247 27 118 39 205 32 153 13 182 74 167 115 118
211 25 774 18 143 74 154 24 137 15 185 63 222 16 221 8 192 25 94 81 146 97 198 59 177 82 188 41 115 12 59 104 4 53 99 55 206 122 66 73 181 105 169 48 52 107 55 119 233 51 128 96 225
212 25 614 38 249 33 203 39 23 89 200 1 194 2 76 123 208 72 40 7 104 122 175 26 173 8 57 18 240 68 219 4 20 109 127 52 186 51 126 92 29 69 218 104 44 27 176 60 33 6 56 9 229
213 25 782 44 190 121 159 75 41 104 78 60 64 56 88 124 73 14 226 39 167 22 109 122 42 10 149 101 20 30 134 38 214 99 204 84 109 28 101 88 82 12 151 13 202 2 210 90 79 108 225 81 16
214 25 793 70 230 94 66 9 227 121 23 65 95 78 250 106 203 17 164 89 145 51 165 123 113 76 213 28 23 21 168 92 125 11 135 110 89 5 7 84 130 29 166 82 22 80 45 41 232 62 15 42 91
215 25 902 56 232 118 180 104 12 124 103 8 87 88 114 70 93 65 130 97 70 23 53 91 79 109 60 33 123 29 177 61 10 57 93 113 171 67 45 98 130 63 74 76 127 55 172 71 202 99 139 30 173
216 25 1005 122 90 57 221 95 108 36 7 117 194 99 206 114 41 22 10 115 26 119 53 76 69 54 6 116 227 82 214 89 238 88 30 45 183 124 27 93 232 121 162 81 53 2 223 52 137 77 5 15 130
217 25 731 50 170 112 165 21 45 106 112 8 70 74 162 114 7 12 118 76 119 113 89 51 17 91 23 68 204 110 247 60 101 1 234 18 156 83 130 16 152 55 52 38 189 34 222 77 209 19 231 56 97
218 25 974 68 52 31 43 29 242 40 242 117 183 124 74 39 139 100 218 43 217 108 83 99 221 116 47 24 199 35 43 67 241 98 95 118 225 115 134 91 231 89 156 81 205 5 151 122 199 110 79 80 171
219 25 825 71 205 119 207 99 149 67 224 94 190 68 170 54 76 10 11 75 166 51 6 22 178 104 95 37 182 93 102 64 25 72 247 123 73 121 64 23 191 3 90 110 33 17 96 43 112 83 140 28 105
220 25 669 44 6 51 183 40 169 25 243 84 26 42 205 24 239 75 64 11 140 77 249 76 93 71 96 57 93 30 196 120 9 114 102 37 46 118 80 48 236 16 73 27 95 73 242 45 137 2 36 32 55
221 25 689 12 209 124 82 54 55 49 209 20 69 91 224 105 113 37 160 76 52 85 204 21 157 70 42 48 180 28 227 66 112 78 147 40 132 100 234 44 44 51 17 38 233 36 73 35 189 9 239 62 165
222 25 673 35 80 37 60 9 64 13 74 50 215 73 192 97 245 41 182 38 61 107 157 61 144 14 73 68 25 114 76 115 50 93 150 4 106 21 198 63 196 10 239 111 231 6 144 19 67 27 104 120 17
223 25 704 28 40 41 141 92 156 42 59 32 23 16 217 12 37 39 74 84 178 72 38 77 181 59 245 62 200 4 203 103 168 119 220 9 1 45 9 11 60 100 147 73 240 95 31 43 30 79 57 71 133
224 25 857 90 231 104 98 43 179 101 120 31 143 27 67 113 173 75 123 107 49 121 32 16 91 62 160 97 118 68 144 9 125 103 107 19 8 59 115 38 77 57 140 80 248 2 73 79 210 98 74 116 215
225 25 805 16 155 124 238 67 131 100 52 107 202 10 102 62 194 92 224 122 148 90 76 20 194 54 69 115 42 72 208 6 190 112 232 29 87 25 11 61 76 118 114 86 219 50 131 37 149 2 36 33 10
226 25 742 107 101 8 198 119 182 30 102 121 118 83 149 79 107 34 14 3 128 96 199 52 101 87 52 102 123 17 30 26 113 11 61 101 67 67 202 39 185 62 138 94 197 4 229 6 200 50 63 86 4
227 25 718 37 102 10 191 104 248 25 114 35 250 55 226 53 218 63 6 8 55 28 111 83 135 60 59 43 212 98 3 90 10 81 99 52 185 73 201 48 107 80 83 24 94 18 155 95 127 61 99 113 143
228 25 810 108 149 53 151 110 25 5 176 11 211 2 188 122 74 115 44 33 144 100 217 99 124 60 94 7 220 65 105 82 184 88 208 111 90 67 112 94 95 123 156 96 37 27 146 3 48 21 22 19 120
229 25 856 20 56 88 24 62 182 65 166 116 100 105 198 69 116 49 140 85 148 45 180 36 197 76 163 119 105 59 117 101 53 12 156 117 137 25 54 86 140 28 191 64 90 111 55 115 125 14 137 46 172
230 25 753 93 223 61 63 77 119 54 177 23 190 59 241 2 141 107 88 30 236 5 219 75 115 64 240 13 52 11 183 103 155 40 84 106 218 10 106 46 96 63 47 111 21 118 6 115 188 58 82 62 98
231 25 693 71 199 25 81 7 76 35 138 86 199 96 67 18 83 24 27 3 119 66 26 82 86 114 74 69 228 11 126 36 72 98 231 122 224 38 105 50 72 118 237 65 155 15 147 53 18 1 47 84 4
232 25 900 3 21 117 178 66 196 63 191 107 111 16 189 91 102 87 140 25 181 104 249 120 133 115 244 61 7 96 209 67 224 65 90 5 36 29 173 119 241 40 182 97 130 33 160 122 160 90 100 62 84
233 25 865 124 32 121 107 2 204 49 78 118 215 42 107 71 54 112 220 24 227 9 81 51 241 90 210 27 63 8 190 123 131 96 244 113 74 13 151 79 170 75 112 119 224 65 229 54 240 94 18 52 182
234 25 889 119 55 103 244 117 109 66 87 73 139 10 187 17 51 38 176 112 139 110 62 78 191 115 68 34 235 96 91 80 25 61 57 120 29 60 115 50 250 2 66 27 95 54 87 67 67 48 128 122 238
235 25 778 118 166 22 79 11 89 33 12 24 214 6 53 106 65 19 46 114 120 25 157 119 134 52 182 75 119 105 78 92 217 47 132 90 102 53 9 5 179 74 10 31 176 124 202 16 221 78 172 117 48
236 25 832 33 43 105 209 13 61 81 129 59 212 94 12 80 248 122 61 51 196 70 8 101 245 109 154 11 79 83 34 47 6 66 66 87 150 56 147 37 11 2 198 98 72 84 154 90 97 3 136 82 228
237 25 734 108 65 109 95 120 191 3 166 71 69 83 134 70 13 7 106 24 9 30 98 80 114 1 1 46 67 75 173 78 156 2 37 72 235 6 66 51 110 121 30 40 5 99 178 11 57 76 246 86 150
238 25 763 76 176 25 178 96 69 2 245 123 32 122 159 80 83 16 122 8 250 79 231 30 221 87 230 74 36 52 70 99 201 24 202 49 97 20 51 68 142 59 41 50 139 124 42 10 131 42 66 111 71
239 25 688 13 197 50 137 21 188 40 192 36 240 63 161 66 111 7 63 52 204 49 92 106 39 90 147 25 96 58 110 79 5 12 192 2 199 45 86 72 107 121 13 69 105 75 184 31 130 107 247 87 20
240 25 798 87 234 21 159 23 236 91 235 41 72 121 233 50 46 88 219 6 137 52 228 24 98 82 75 31 89 56 114 86 143 110 149 1 5 57 250 92 124 109 133 71 229 97 126 66 6 42 94 93 73
241 25 778 6 149 61 193 41 22 91 18 4 249 17 220 99 1 79 21 81 22 118 207 53 183 64 71 3 149 113 69 66 80 16 71 103 179 115 120 75 205 12 180 55 6 25 28 108 205 49 188 102 166
242 25 1006 121 131 75 60 76 77 83 188 122 125 120 138 47 199 43 161 69 117 115 57 21 62 48 49 104 199 61 182 114 56 62 165 92 115 93 27 29 90 26 23 102 198 97 144 108 142 112 223 73 10
243 25 724 95 112 34 143 7 13 91 44 46 56 100 108 72 168 97 165 69 227 4 95 82 42 73 77 24 214 40 223 13 50 68 226 60 62 85 174 5 3 79 77 109 122 25 148 65 228 3 159 102 84
244 25 874 75 151 35 201 114 199 25 229 100 92 79 160 6 163 83 10 41 52 46 119 105 154 115 231 28 55 84 155 65 37 113 117 63 249 67 153 73 91 24 35 62 58 40 99 118 151 116 146 71 87
245 25 739 103 77 76 60 104 232 120 134 24 9 98 15 48 222 81 200 21 23 58 169 57 119 79 198 69 173 60 170 22 97 73 59 75 32 30 60 55 38 33 194 85 4 1 137 23 69 44 57 39 224
246 25 737 4 107 21 102 18 66 99 15 64 70 65 224 121 96 56 127 41 190 47 228 45 47 114 170 46 34 102 72 39 208 30 36 36 25 78 134 16 17 80 240 73 152 95 105 28 136 44 51 113 190
247 25 804 97 78 109 143 111 174 96 34 87 53 40 247 88 41 52 96 57 68 25 238 34 200 15 4 31 19 116 200 70 205 18 32 100 12 17 23 108 27 86 12 66 184 107 235 47 15 29 174 2 63
248 25 769 123 141 43 28 12 158 79 81 112 70 75 143 44 212 11 43 46 14 105 182 56 163 8 37 32 153 28 205 30 67 77 147 109 206 33 141 35 90 104 104 17 98 124 103 108 18 98 247 29 159
249 25 792 41 42 33 49 70 163 3 201 104 181 97 213 11 107 80 170 71 161 87 8 100 41 93 117 40 190 113 73 124 90 10 133 13 181 45 242 6 24 47 227 88 57 83 42 79 131 77 55 69 62
250 25 879 30 212 29 123 103 195 111 152 38 211 116 24 93 230 79 138 96 186 13 142 37 100 51 97 118 129 47 183 124 108 64 210 113 62 40 57 24 191 71 109 34 219 76 13 65 86 84 54 102 223
251 25 841 28 129 46 146 7 249 44 42 99 151 105 59 13 143 75 171 41 140 117 1 48 187 54 38 63 243 123 123 47 99 72 51 103 117 86 217 91 229 66 93 61 226 82 203 27 128 96 166 89 32
252 25 747 24 228 71 142 100 69 40 50 15 192 27 234 115 215 52 80 45 219 48 105 46 129 58 72 108 5 113 203 53 87 124 155 32 242 106 202 8 155 69 74 34 52 63 248 80 245 42 174 22 158
253 25 745 18 5 37 232 59 11 11 145 9 17 52 102 122 128 109 26 71 160 99 222 33 54 91 52 79 234 50 149 108 207 41 237 118 124 22 230 42 91 25 70 67 123 72 28 24 245 62 59 70 10
254 25 879 92 248 101 18 53 61 44 77 43 125 94 131 93 28 73 78 69 163 80 138 82 202 61 234 77 180 45 11 54 79 99 6 27 67 116 80 86 240 48 92 60 242 119 7 70 39 22 149 51 228
255 25 888 77 213 86 154 120 232 39 221 12 94 69 120 41 197 38 156 26 248 122 74 89 181 65 59 111 199 60 134 101 139 64 99 91 183 57 106 28 194 74 198 40 239 121 22 117 197 15 24 114 50
256 25 821 39 99 124 224 85 224 89 22 14 63 112 196 96 69 75 141 17 250 55 5 121 6 119 57 93 66 48 218 31 97 6 231 72 206 42 171 45 188 36 84 26 232 54 219 33 70 110 32 101 91
257 25 884 4 84 67 248 15 136 40 39 103 47 10 234 27 82 64 194 104 108 108 139 66 134 97 222 79 107 18 41 115 118 119 201 93 192 37 234 105 15 30 217 100 56 25 140 101 105 123 84 118 40
258 25 859 69 67 11 22 48 153 62 162 123 147 7 175 99 219 84 82 73 200 88 16 49 19 40 189 96 19 38 54 114 179 122 32 65 246 79 194 34 217 43 55 93 227 61 61 108 110 112 195 1 13
259 25 657 65 142 76 36 13 90 89 126 18 63 32 59 58 212 3 216 53 22 21 128 114 247 52 26 34 11 11 123 80 113 10 122 106 187 118 26 97 95 43 159 1 204 68 64 117 79 31 221 4 249
260 25 749 93 163 9 205 35 214 44 21 85 25 82 93 119 232 64 89 1 200 66 79 17 5 11 50 98 67 80 68 84 67 78 223 52 135 109 140 53 129 76 179 62 168 48 168 20 158 49 57 63 76
261 25 748 29 129 30 74 114 90 117 67 39 168 76 22 58 105 2 235 34 188 5 206 82 213 68 204 97 18 20 75 95 80 72 102 28 60 43 144 103 207 62 30 80 221 10 184 57 20 98 61 77 32
262 25 830 19 235 96 13 115 93 87 57 62 19 105 15 46 142 58 167 116 80 1 47 50 237 83 6 78 19 59 86 120 77 70 91 89 36 28 194 49 213 68 167 122 234 12 89 40 239 10 214 77 115
263 25 699 24 184 44 42 117 4 13 193 50 80 9 210 114 13 28 210 35 178 102 94 20 63 83 233 48 219 43 250 66 183 103 209 73 94 7 28 79 91 16 91 96 202 23 225 56 219 95 51 55 71
264 25 800 75 24 90 74 83 132 109 61 67 10 120 140 103 2 42 34 69 159 101 39 111 78 39 187 8 132 10 102 34 64 24 108 64 91 22 74 17 59 16 151 53 7 105 31 25 138 100 183 114 115
265 25 645 20 43 28 82 27 11 91 105 44 6 105 4 70 172 37 91 121 30 1 113 55 178 96 34 84 245 24 35 29 137 49 31 6 107 57 141 13 37 54 117 17 100 39 178 42 136 59 42 123 238
266 25 893 72 218 21 132 64 44 41 92 32 166 117 164 46 75 95 39 123 84 52 29 76 68 105 91 97 22 101 155 63 223 17 236 42 14 35 32 48 43 50 165 82 197 91 153 110 66 112 161 94 39
267 25 857 80 175 4 176 71 104 111 178 73 96 94 87 88 73 98 96 120 140 20 136 69 227 101 178 42 189 66 237 102 20 36 207 48 209 60 127 46 237 75 16 57 138 106 235 51 100 47 88 49 115
268 25 833 64 126 20 207 41 85 45 244 81 205 75 105 15 111 107 185 74 33 76 5 22 132 110 108 57 186 83 229 23 108 70 188 108 89 121 250 25 40 118 83 97 44 62 111 29 20 46 204 98 208
269 25 573 50 229 44 32 13 230 92 218 104 74 37 144 34 103 14 158 2 31 3 209 46 248 89 52 17 236 5 23 83 213 72 164 108 81 28 87 47 120 43 120 8 186 110 176 15 214 58 142 24 184
270 25 738 39 21 90 140 110 95 37 193 34 210 83 16 40 110 80 188 81 99 35 65 11 39 27 61 53 115 96 171 115 154 85 113 28 49 2 240 120 15 57 153 76 241 21 218 77 77 30 134 50 64
271 25 917 73 60 80 201 97 132 65 192 53 55 114 19 77 162 122 66 32 136 99 161 63 89 33 30 17 109 60 25 100 75 69 54 25 166 38 192 84 192 98 156 55 116 108 216 112 48 124 237 36 87
272 25 748 19 168 81 128 79 207 12 53 31 206 84 158 98 246 76 181 39 48 87 93 15 171 35 103 70 236 68 222 88 7 115 130 94 83 20 231 113 28 61 196 60 158 43 237 58 136 26 127 25 48
273 25 737 13 104 118 123 54 185 71 243 43 38 100 231 6 57 1 236 21 153 23 193 87 32 50 222 19 60 122 145 61 45 33 164 14 7 92 50 78 186 93 240 35 73 97 69 73 185 89 100 82 9
274 25 764 38 91 95 212 62 114 123 160 110 183 56 142 96 69 24 39 119 203 100 63 44 236 10 140 54 185 74 120 11 133 3 174 98 222 112 136 45 47 19 101 40 240 21 40 28 241 117 104 30 137
275 25 691 90 40 27 245 76 202 114 211 84 93 111 158 42 75 43 103 36 88 1 179 40 41 20 162 80 150 5 174 3 159 60 194 73 188 64 125 15 154 63 75 122 173 108 15 2 117 9 214 95 63
276 25 808 105 10 82 119 66 231 123 216 86 31 3 131 81 167 69 205 56 75 17 233 48 167 67 187 15 193 30 149 9 124 63 215 110 246 83 28 79 205 118 164 111 222 44 168 14 215 122 46 16 116
277 25 732 28 63 32 94 101 46 14 107 46 147 106 108 111 67 104 46 94 182 87 197 58 92 4 48 33 228 48 93 98 212 67 62 123 57 21 169 55 1 3 165 85 161 62 99 23 8 6 152 56 163
278 25 776 4 149 63 73 121 24 48 39 45 197 83 88 1 60 68 166 103 150 102 240 39 140 88 77 38 198 82 41 3 97 21 3 34 93 100 182 15 116 96 161 62 178 101 63 89 168 80 67 67 158
279 25 737 56 82 48 246 11 187 68 92 102 47 63 247 49 198 66 125 5 182 115 202 92 52 44 216 93 211 22 136 54 192 86 203 62 221 14 129 40 115 50 204 88 75 27 5 74 133 61 41 84 130
280 25 709 69 65 48 159 33 134 32 20 13 210 86 75 15 249 23 153 104 62 120 5 117 184 79 18 64 130 2 124 45 86 3 113 51 123 34 161 29 156 25 90 116 99 115 98 109 195 11 228 75 128
281 25 863 36 28 122 99 9 249 75 30 61 77 119 187 104 116 73 14 121 228 38 188 70 239 18 161 86 1 106 199 80 55 76 241 59 174 66 45 24 15 74 209 69 68 123 47 35 172 31 1 52 218
282 25 793 70 40 110 208 103 213 63 28 42 219 9 152 26 75 71 152 66 122 111 189 84 135 98 232 47 105 107 200 72 29 115 34 69 98 48 96 14 118 50 23 19 177 74 67 78 241 40 227 1 100
283 25 961 88 200 82 111 55 63 60 228 91 151 113 76 71 210 100 166 99 92 67 121 119 171 6 173 36 68 87 239 45 62 76 244 120 61 25 57 121 128 123 240 52 194 27 211 95 28 122 159 42 39
284 25 655 22 54 83 211 43 2 95 98 16 8 99 174 3 78 48 102 45 100 96 103 6 120 49 135 93 60 7 236 98 153 39 158 113 183 11 236 28 210 103 35 59 129 14 136 51 115 55 2 35 127
285 25 735 81 17 121 5 26 190 64 9 50 13 13 214 45 126 21 33 88 25 117 168 59 152 23 174 38 198 39 194 52 50 48 7 43 20 11 68 85 176 76 134 41 88 74 62 65 95 94 130 96 86
286 25 971 24 30 112 46 78 126 95 93 47 146 119 94 5 161 113 117 80 174 43 7 58 185 72 6 121 113 77 90 117 173 27 242 54 115 37 108 116 234 53 14 106 46 107 235 59 71 102 138 120 144
287 25 740 122 154 55 193 34 175 88 14 24 237 40 140 30 29 124 247 12 51 10 242 74 218 102 109 15 78 98 236 73 94 14 2 36 150 51 91 112 42 114 98 58 128 64 8 89 37 19 140 23 11
288 25 834 65 217 89 48 107 18 20 92 67 239 106 193 1 232 95 216 93 113 56 42 23 36 7 86 43 220 123 164 86 122 26 150 114 49 70 131 69 138 49 34 116 159 76 187 102 145 27 134 38 49
289 25 727 21 169 111 64 116 210 79 201 82 104 78 170 92 1 91 199 46 205 122 79 50 89 90 227 2 168 28 51 11 178 72 180 39 237 45 123 65 222 20 174 100 236 27 42 36 72 9 151 23 97
290 25 761 92 249 75 111 97 103 36 233 7 84 37 45 47 183 43 88 6 223 107 32 50 194 58 91 104 129 64 237 86 185 74 210 10 184 56 214 72 163 95 132 51 242 54 210 34 243 68 233 100 99
291 25 835 9 145 8 77 101 136 15 64 119 226 124 192 60 110 103 217 50 174 5 19 55 157 10 210 94 20 78 36 105 154 111 90 48 243 41 23 56 87 98 156 62 142 90 46 95 42 37 90 96 46
292 25 772 77 56 14 73 110 151 29 13 11 119 60 230 34 185 84 214 21 57 119 207 50 208 104 168 116 175 61 4 31 49 44 63 62 242 47 64 122 36 51 240 73 30 24 132 114 89 4 147 83 62
293 25 655 48 17 40 215 109 191 25 238 33 32 36 77 72 200 45 220 13 41 6 166 31 203 70 156 61 35 119 189 53 250 80 70 16 146 81 22 17 113 64 102 104 210 71 241 1 178 8 133 107 203
294 25 858 15 167 89 133 82 224 38 206 53 209 96 51 113 28 72 5 16 227 57 181 55 160 103 2 118 132 10 125 114 64 116 132 4 248 102 137 44 132 95 117 83 144 105 212 11 184 120 169 6 161
295 25 860 67 109 28 199 95 129 39 135 119 45 14 93 110 115 105 131 121 176 122 29 117 134 48 230 44 42 23 133 24 160 75 110 62 250 79 42 38 66 35 59 104 146 68 60 26 166 111 124 46 220
296 25 692 92 31 18 196 74 161 70 82 37 104 8 21 17 132 76 58 21 16 69 56 71 173 14 232 101 156 16 168 107 10 113 32 45 160 58 13 97 203 30 228 6 189 100 123 31 194 55 231 59 138
297 25 677 59 89 9 141 74 176 99 208 16 6 104 152 95 162 39 67 91 45 21 73 109 121 71 116 3 139 22 85 72 11 18 12 69 4 4 17 31 80 76 23 62 55 49 8 68 88 10 234 83 69
298 25 728 44 153 59 46 18 57 107 66 68 125 54 238 105 34 10 113 57 33 49 88 81 159 7 145 84 142 4 155 99 197 50 103 108 197 97 141 37 60 30 90 48 134 123 154 88 187 27 238 2 233
299 25 872 21 133 104 230 1 107 111 76 31 36 53 240 107 126 35 37 42 64 103 89 72 203 94 192 17 132 93 129 8 52 2 243 106 118 114 91 69 246 98 87 85 201 119 237 110 35 67 50 83 121
