0 25 996 124 23 7 175 46 37 149 62 107 26 75 126 133 185 118 174 119 71 3 106 132 142 102 234 68 159 67 48 65 145 91 241 97 17 15 134 115 228 92 240 2 69 74 86 36 247 104 158 51 111
1 25 911 40 92 113 23 59 223 39 58 83 200 130 1 47 196 65 32 60 43 25 1 46 44 74 132 31 172 37 39 22 100 128 65 62 202 124 34 133 223 24 83 54 124 149 41 110 185 86 62 81 135
2 25 1064 63 114 108 202 102 29 101 81 44 214 132 169 47 173 103 72 96 235 77 21 65 228 111 78 139 97 16 101 129 148 137 243 11 245 94 14 125 244 46 70 107 227 40 56 99 243 79 46 57 67
3 25 965 46 234 29 223 23 178 140 123 6 138 61 200 148 55 94 14 32 239 109 203 48 186 43 205 136 137 135 232 15 41 150 110 75 128 35 47 55 174 21 12 11 81 112 61 138 207 124 19 145 32
4 25 972 21 94 119 115 98 107 51 82 88 216 123 89 27 249 68 111 97 123 85 167 136 197 99 49 57 188 105 80 58 52 14 29 95 32 138 246 78 77 113 100 17 91 50 85 4 96 109 88 94 136
5 25 962 15 195 43 2 99 74 60 102 137 190 97 69 134 143 8 31 20 237 45 72 53 36 21 87 89 219 95 28 82 41 63 248 85 157 33 231 59 137 117 100 133 127 145 166 46 231 110 169 135 247
6 25 974 142 172 87 10 66 66 43 208 31 191 37 42 77 217 13 86 149 97 22 83 25 118 98 172 110 91 83 58 32 206 45 243 73 60 131 242 127 22 79 120 100 47 119 212 19 160 106 204 134 123
7 25 843 51 8 23 12 48 107 20 81 112 166 25 184 127 211 66 69 140 138 149 159 39 195 130 153 79 100 12 184 3 148 56 106 55 128 17 104 84 38 36 45 53 210 131 30 72 196 113 185 46 72
8 25 780 24 42 103 176 20 2 139 153 5 88 11 160 44 188 28 197 74 166 82 170 18 43 52 249 17 48 146 79 134 193 102 107 87 154 8 156 25 61 112 162 123 73 6 12 35 115 36 57 130 158
9 25 1155 133 96 7 179 27 141 123 28 147 161 32 233 119 189 57 231 100 218 53 174 23 214 127 101 88 164 122 195 116 154 143 223 134 169 113 9 146 211 79 193 139 167 1 69 68 69 121 191 93 87
10 25 949 14 21 39 153 86 47 26 231 112 81 23 184 67 41 98 227 88 109 147 67 53 86 135 4 54 103 124 27 145 168 15 60 89 3 114 76 49 241 106 112 72 30 48 40 122 45 68 10 5 114
11 25 953 128 10 49 12 13 205 66 38 133 111 5 47 22 245 101 86 71 51 78 228 112 101 108 161 90 179 7 40 123 217 73 229 37 227 96 74 111 156 131 59 80 227 109 217 97 9 44 127 23 245
12 25 1006 34 183 86 164 92 95 54 6 117 22 78 89 100 215 18 46 90 78 103 20 137 184 97 197 50 145 58 146 73 80 106 114 77 22 6 71 127 211 37 98 38 226 48 204 93 245 144 72 149 215
13 25 1025 10 83 113 109 132 60 116 229 32 245 118 40 45 61 67 165 37 227 54 234 117 129 83 22 123 177 146 178 82 106 60 96 64 93 55 231 122 87 125 41 28 36 87 38 103 152 26 131 105 9
14 25 821 147 35 92 221 9 220 87 54 99 118 61 8 114 76 3 220 106 24 58 132 85 168 51 24 22 54 52 210 108 151 46 101 71 104 72 57 57 171 77 20 80 92 45 232 11 151 55 71 34 171
15 25 999 55 51 23 229 124 228 129 176 139 186 126 134 88 48 87 162 6 245 82 232 64 213 109 195 86 111 101 56 44 73 12 147 147 192 120 224 21 147 114 108 22 247 148 121 83 9 27 80 42 58
16 25 972 93 154 33 201 98 70 113 149 127 157 23 190 3 70 82 24 145 54 71 9 63 244 105 110 15 90 20 43 119 161 102 113 36 166 14 105 28 14 83 86 137 123 140 8 106 14 52 11 136 160
17 25 821 73 29 115 235 45 106 54 37 126 115 141 238 31 126 3 146 81 83 60 163 18 98 37 158 5 242 56 2 58 166 127 188 82 111 133 139 64 71 80 161 53 162 108 58 19 190 17 133 57 166
18 25 910 120 116 20 113 38 25 67 47 42 93 85 75 105 167 113 220 139 78 52 250 131 13 88 140 8 79 90 37 5 111 103 174 26 142 1 144 39 92 36 173 119 142 91 83 111 29 61 212 130 193
19 25 970 127 17 82 146 126 12 136 68 148 40 130 52 66 105 44 116 134 59 85 8 29 226 12 189 78 172 110 216 49 224 54 160 61 221 57 102 59 167 4 134 106 37 45 141 46 223 68 195 84 156
20 25 699 24 7 56 183 83 111 72 208 16 131 68 86 38 122 87 198 140 245 1 126 39 170 41 136 44 158 30 228 66 203 86 73 36 160 105 98 31 15 13 114 134 150 3 155 88 102 45 183 52 22
21 25 974 133 92 41 25 127 184 32 158 113 97 110 99 119 97 60 226 96 92 140 110 55 23 109 109 80 49 10 176 81 163 147 65 6 239 39 82 22 122 37 71 51 237 141 149 46 168 95 39 59 54
22 25 916 46 134 115 204 13 65 14 88 45 178 86 211 34 124 99 217 97 22 8 183 92 8 119 35 56 14 2 202 103 211 6 250 144 22 53 108 136 218 147 232 146 182 142 31 105 92 15 54 9 163
23 25 883 54 193 71 20 46 122 124 206 29 173 1 250 75 8 87 195 106 168 142 87 61 222 43 154 120 46 119 124 133 27 138 36 21 58 5 66 30 228 74 10 52 24 10 127 34 48 123 39 68 114
24 25 893 78 130 87 72 134 6 17 4 81 101 32 119 52 28 143 17 109 123 40 69 74 16 130 102 49 227 89 44 16 26 25 88 133 56 14 115 7 45 33 145 96 113 137 12 71 59 4 239 135 19
25 25 872 118 238 67 247 114 57 92 102 73 167 129 12 25 161 19 240 75 177 134 110 71 29 24 110 43 244 46 85 4 164 102 42 32 248 105 238 40 108 62 56 36 173 33 248 144 224 70 8 86 191
26 25 975 138 159 100 30 52 69 127 88 25 190 40 16 123 189 22 63 130 129 24 236 17 249 20 214 142 193 140 61 102 25 103 190 33 152 119 187 73 246 74 47 37 215 112 112 54 185 113 249 31 247
27 25 930 91 95 88 36 84 101 39 161 3 128 145 207 149 131 29 194 107 75 32 73 138 45 128 172 18 13 36 217 82 217 63 25 53 162 48 205 50 208 7 228 103 113 78 135 43 221 143 67 104 66
28 25 1015 4 199 143 77 18 155 113 234 39 129 99 65 91 153 26 88 57 177 148 115 56 50 130 33 84 72 55 177 9 94 94 59 136 223 41 135 62 181 115 62 145 155 114 72 72 248 88 4 92 217
29 25 988 86 178 141 141 56 131 51 49 76 161 34 248 38 26 32 249 8 246 62 52 102 227 73 198 148 223 126 182 54 113 109 244 5 64 124 105 50 15 147 147 105 125 131 203 28 217 130 193 60 177
30 25 867 143 32 16 80 109 147 85 222 5 29 76 68 4 33 131 153 99 28 2 103 132 158 61 124 20 90 18 80 10 111 86 41 120 184 126 43 39 206 70 108 9 2 89 112 51 18 115 3 119 248
31 25 978 110 103 58 135 125 50 53 54 69 14 64 204 57 235 38 232 79 178 89 99 137 247 100 127 60 250 94 74 5 164 73 116 33 1 43 182 96 200 118 161 6 74 146 245 107 126 72 195 124 160
32 25 801 44 74 87 3 125 180 29 131 144 203 47 212 35 247 104 16 3 51 68 170 11 175 46 208 69 104 34 192 99 57 1 194 132 239 146 9 19 226 39 114 79 135 27 13 83 82 81 235 50 7
33 25 924 44 224 2 152 144 205 135 185 55 143 87 48 77 228 146 235 71 123 111 249 110 139 14 92 70 96 29 203 45 185 68 138 97 213 92 133 49 49 78 135 4 112 141 88 9 114 112 71 59 77
34 25 805 15 30 22 43 132 168 27 128 35 216 74 99 57 159 97 105 36 84 3 139 147 95 28 156 8 139 78 172 60 139 100 26 68 124 18 150 141 146 61 52 126 19 110 123 26 245 56 28 85 2
35 25 829 124 164 109 182 55 87 114 77 4 91 44 29 8 143 70 53 21 247 65 73 24 33 132 246 108 129 1 137 15 55 11 129 63 144 83 1 98 98 127 3 88 173 82 197 53 101 49 115 110 174
36 25 800 49 143 70 109 73 222 95 88 128 207 18 191 50 202 93 49 1 222 52 190 96 185 136 60 87 236 99 187 58 110 98 103 131 206 25 103 3 164 80 111 31 22 13 34 17 111 84 240 14 123
37 25 890 135 50 110 146 36 95 95 224 46 204 134 246 6 214 51 31 118 105 44 148 68 27 121 130 60 187 140 96 78 106 20 12 5 180 93 24 54 166 22 207 49 167 113 65 19 145 32 74 131 141
38 25 939 18 2 22 230 140 213 25 68 118 144 31 75 75 190 117 51 95 182 72 2 133 138 66 97 6 112 130 31 1 161 123 221 114 144 50 155 57 24 124 26 19 5 100 194 46 218 144 91 52 67
39 25 1117 94 136 104 161 132 59 72 13 42 174 25 214 44 38 60 93 143 66 68 16 93 89 22 145 134 20 114 229 110 215 145 155 100 248 15 183 108 188 146 99 13 220 65 107 124 51 141 121 121 233
40 25 901 9 143 79 92 14 193 72 123 57 216 129 109 13 193 41 222 32 88 73 194 108 87 2 19 110 55 22 102 125 192 136 235 36 165 78 199 107 99 65 64 51 223 128 95 66 201 126 203 123 122
41 25 1145 12 209 125 130 120 179 101 121 105 95 107 189 30 73 118 229 81 168 53 145 133 54 20 210 100 85 63 178 139 135 49 1 144 173 132 113 4 135 136 158 129 244 149 8 66 18 138 96 36 91
42 25 874 42 18 46 61 30 245 47 92 122 136 126 72 88 171 147 219 36 50 53 73 107 183 66 7 143 233 25 232 80 62 72 21 129 169 84 10 14 180 37 167 81 111 4 201 7 225 136 6 27 10
43 25 811 14 112 25 71 4 57 97 135 136 8 9 109 88 227 92 198 123 150 31 240 32 141 95 233 47 219 20 102 96 180 117 157 56 87 12 163 135 46 42 206 60 80 133 1 29 26 124 130 6 165
44 25 760 12 196 9 246 92 128 117 245 75 196 83 154 50 194 68 85 41 167 128 47 29 9 129 229 37 4 54 119 20 30 57 79 27 149 8 143 95 82 141 6 14 94 6 159 111 142 49 29 69 45
45 25 930 107 80 75 88 16 231 143 186 92 13 117 100 41 193 48 148 136 95 31 128 44 73 57 204 135 150 2 65 119 99 72 50 23 11 15 55 3 201 148 217 9 62 147 158 49 91 138 126 93 33
46 25 846 100 199 36 234 49 188 48 69 38 221 68 212 31 234 117 186 16 4 55 63 63 216 112 70 114 2 60 191 94 192 40 95 80 223 43 69 72 113 56 93 17 73 115 35 110 101 51 114 107 115
47 25 886 128 72 126 197 37 28 108 179 123 150 120 17 29 94 61 247 65 173 4 57 54 220 32 69 55 193 71 57 56 127 21 35 100 197 82 38 26 189 118 248 40 87 115 220 80 75 68 246 53 103
48 25 1156 143 136 123 49 28 43 105 236 121 25 70 70 23 103 9 148 144 26 98 185 114 12 55 245 138 222 141 37 95 145 92 137 80 14 35 209 107 39 129 165 116 249 90 20 109 237 63 85 84 98
49 25 709 100 97 52 145 87 75 35 25 19 131 66 7 12 132 41 220 40 81 18 246 31 68 77 173 65 63 59 212 7 65 108 195 141 194 22 10 74 189 68 85 20 59 105 109 39 172 36 104 96 172
50 25 1079 103 122 97 169 136 57 130 248 115 46 7 60 37 1 131 148 124 69 15 11 41 175 117 99 64 88 77 151 23 175 45 246 121 164 82 177 145 131 141 191 137 202 129 187 34 78 63 105 44 123
51 25 930 95 119 139 45 34 126 22 184 66 196 58 162 41 80 125 74 8 220 4 149 62 243 52 90 79 136 69 41 140 212 65 84 30 53 80 113 130 51 149 197 98 108 109 141 38 183 64 45 104 20
52 25 788 95 15 12 247 106 190 134 224 133 75 38 97 10 117 2 239 32 31 92 82 78 239 39 86 79 126 20 195 23 124 14 67 138 77 15 196 16 148 71 200 22 58 149 231 77 150 120 108 61 41
53 25 937 11 201 129 48 132 207 118 126 91 191 95 30 17 210 125 134 107 98 36 181 55 84 61 181 85 232 140 116 44 180 29 145 59 126 78 217 93 155 45 185 139 215 13 50 96 9 38 31 39 43
54 25 706 66 201 125 50 135 215 18 228 44 96 124 154 21 151 70 116 55 166 100 1 5 14 63 204 7 161 12 44 93 2 38 111 103 13 60 237 29 29 16 74 76 40 30 197 92 51 14 199 17 213
55 25 945 99 121 29 14 76 235 26 240 130 170 91 68 80 45 82 42 83 10 20 199 135 46 88 14 94 131 15 7 129 31 121 130 103 149 95 30 33 20 13 41 114 182 58 215 12 243 24 33 141 10
56 25 951 80 30 74 23 60 190 31 239 72 202 70 176 14 205 85 85 28 199 75 141 45 250 144 158 142 169 41 182 30 120 13 53 73 94 127 63 65 178 82 90 147 147 16 181 105 66 145 250 138 9
57 25 1051 109 108 49 192 137 171 5 42 17 227 135 243 141 152 23 24 143 152 120 91 67 50 14 82 104 81 126 205 148 15 106 224 114 97 10 36 3 3 102 31 90 147 121 243 19 46 85 70 115 176
58 25 863 38 66 91 219 120 22 46 226 21 160 126 133 107 224 144 192 29 199 9 188 42 82 130 12 27 116 83 144 43 70 59 84 40 230 7 137 106 179 54 30 79 225 148 57 23 143 18 212 136 49
59 25 805 143 247 127 211 29 170 53 100 79 38 141 108 146 227 15 24 74 13 5 16 10 81 13 118 56 57 35 67 92 235 62 140 112 122 20 33 26 121 111 114 21 61 41 35 85 14 49 15 65 224
60 25 839 1 79 42 158 86 28 124 29 113 237 19 126 60 190 8 36 61 171 101 123 93 61 114 177 97 129 26 12 51 92 37 153 120 30 55 58 85 84 122 122 54 149 81 145 6 116 105 78 18 180
61 25 783 20 29 95 249 75 25 126 138 25 17 27 27 138 106 88 93 15 73 78 186 44 233 36 126 77 242 42 184 21 209 13 141 89 157 66 33 116 205 8 182 81 36 69 137 124 163 3 46 90 41
62 25 837 91 24 76 216 101 69 7 84 40 18 98 130 108 56 70 173 88 35 78 245 18 10 33 36 48 106 1 1 53 92 143 116 68 58 87 117 51 176 36 248 107 193 5 26 92 162 47 89 129 206
63 25 892 121 116 56 76 116 56 28 8 98 22 25 65 29 92 3 195 92 28 80 141 84 123 145 61 42 138 122 138 76 52 95 48 118 250 125 185 7 52 144 104 18 21 4 211 23 198 104 3 30 244
64 25 1016 38 204 140 99 45 130 72 32 105 76 128 153 145 78 79 29 134 133 25 190 107 192 10 60 3 184 60 6 89 102 76 42 143 26 136 74 149 69 29 124 48 183 118 75 61 99 43 23 50 202
65 25 973 64 161 11 218 96 120 126 234 8 29 59 101 23 186 38 47 134 206 27 108 104 111 127 130 125 40 118 47 139 219 113 151 29 182 97 99 107 80 137 240 9 110 77 146 106 10 4 232 69 9
66 25 804 42 248 38 214 72 30 31 171 70 51 83 171 130 214 69 230 73 50 137 209 141 247 68 167 93 75 28 198 108 99 6 101 96 195 17 219 26 249 39 96 50 171 29 237 8 59 87 46 67 27
67 25 992 93 187 45 37 111 174 136 169 122 41 21 219 137 37 38 15 76 212 35 99 129 163 68 72 95 154 69 113 132 113 99 178 51 162 36 182 23 228 102 91 65 89 80 181 124 206 92 208 6 220
68 25 967 122 92 39 145 36 242 63 198 75 226 47 52 26 158 104 62 141 228 41 242 71 57 80 50 37 203 57 128 112 12 99 85 3 37 129 188 42 238 4 169 136 157 146 95 109 35 90 50 126 160
69 25 853 6 106 10 93 66 220 24 180 21 108 32 57 137 72 87 30 61 42 50 246 101 45 90 165 56 124 4 105 99 64 112 106 75 154 118 42 76 141 123 246 57 154 88 28 142 67 36 218 35 238
70 25 792 65 124 102 170 97 55 24 247 20 85 3 196 41 72 38 168 64 162 113 163 118 168 51 145 10 119 134 195 87 70 82 53 43 83 22 41 39 245 138 209 81 242 54 123 63 243 40 126 55 202
71 25 814 140 22 72 90 69 81 61 54 27 249 24 160 101 168 94 22 9 82 68 246 92 150 37 46 73 151 40 62 28 146 16 17 18 87 109 38 71 193 95 119 104 169 36 147 44 80 91 222 110 229
72 25 916 17 182 29 8 46 108 104 211 26 173 147 36 62 65 106 4 61 126 122 216 96 109 112 187 102 191 97 144 114 209 32 140 140 87 9 145 34 67 45 72 78 9 77 233 71 205 56 136 50 114
73 25 873 149 139 117 40 137 10 3 145 31 37 82 176 73 190 70 20 26 238 114 149 65 75 125 199 45 181 55 233 81 169 37 222 5 148 77 250 29 163 138 112 88 210 4 9 46 147 129 110 21 105
74 25 811 10 67 136 114 49 66 134 232 34 172 53 190 69 79 39 199 141 28 11 180 138 214 38 68 94 183 64 72 128 54 5 63 17 105 52 86 63 75 3 144 93 92 60 221 102 139 77 229 12 111
75 25 946 43 185 5 80 113 160 84 25 78 139 105 230 76 69 4 114 123 49 33 118 91 144 40 144 32 249 13 210 77 224 21 159 127 203 121 86 86 247 63 226 103 94 102 172 65 96 148 99 140 242
76 25 929 52 184 76 2 148 187 31 221 109 203 81 137 105 203 24 141 50 87 66 154 82 19 127 31 36 23 131 134 87 220 78 91 55 92 102 243 123 102 53 90 6 164 23 207 141 110 33 109 39 16
77 25 933 146 161 30 247 115 209 89 170 83 171 57 156 45 210 134 198 100 115 5 65 139 161 66 179 22 150 90 10 67 135 62 116 71 229 76 59 50 190 91 22 149 199 17 8 82 66 9 148 72 223
78 25 857 37 134 38 17 7 140 58 117 6 245 140 220 60 110 48 138 69 49 129 211 120 227 9 188 135 193 105 143 40 226 116 76 109 105 45 216 46 202 84 2 73 73 108 33 47 53 20 75 65 239
79 25 845 2 126 79 138 118 133 30 157 59 247 135 69 4 29 34 49 32 69 100 130 92 122 89 126 43 137 130 14 61 144 103 12 19 31 1 188 63 31 45 123 129 179 132 59 125 131 42 44 23 137
80 25 1018 106 111 14 100 147 143 110 138 116 173 107 248 74 196 12 56 90 135 134 70 126 118 30 152 48 222 47 29 94 35 86 157 98 236 5 40 149 166 28 66 89 186 115 114 81 176 69 23 62 204
81 25 1032 92 89 121 72 143 68 95 139 149 190 26 186 98 173 5 65 21 220 142 186 10 29 73 11 28 191 133 141 147 125 80 67 72 237 42 62 87 233 37 222 131 112 135 176 115 204 69 153 14 47
82 25 886 104 238 57 231 31 90 122 27 16 203 45 113 24 33 56 187 69 240 124 143 120 237 39 154 112 103 10 180 107 175 78 211 114 134 93 44 75 16 72 242 68 117 6 93 99 111 80 70 51 155
83 25 1010 112 122 41 200 78 154 54 189 83 11 63 160 123 228 45 115 72 72 31 193 13 200 109 19 110 231 124 129 130 90 57 172 134 75 146 222 6 186 20 228 116 195 136 87 27 229 52 126 139 122
84 25 867 70 198 4 45 126 239 17 145 47 9 80 173 105 103 31 162 90 200 42 154 16 38 140 154 64 20 89 158 128 211 8 82 57 135 22 183 52 66 131 12 54 18 51 236 132 40 36 23 143 3
85 25 874 60 234 6 125 53 163 15 13 140 25 120 223 34 104 44 18 107 61 98 119 57 103 138 157 39 19 148 126 43 93 78 54 76 33 28 181 95 243 143 235 19 14 52 117 71 224 63 19 22 223
86 25 912 83 28 63 52 28 38 94 20 115 248 47 50 27 127 44 19 121 80 140 184 39 91 53 91 14 228 55 34 23 76 56 55 106 169 6 133 58 152 104 223 1 200 122 27 129 117 148 201 149 137
87 25 875 37 39 79 139 81 242 16 185 25 138 61 133 142 216 3 150 50 210 51 203 134 153 54 55 129 34 74 178 85 174 14 73 62 245 111 192 86 76 126 113 65 238 47 108 103 249 7 4 108 159
88 25 1043 108 242 113 164 98 194 147 23 21 33 46 37 5 157 81 65 68 242 126 82 63 178 66 118 76 124 121 134 135 31 27 47 44 226 90 140 99 213 75 194 79 203 29 46 100 248 139 227 130 149
89 25 885 40 7 64 9 83 139 31 168 125 11 44 172 54 221 63 196 69 225 70 15 23 200 117 103 47 118 101 88 95 180 86 236 51 244 18 139 126 137 114 87 32 37 92 103 149 87 71 24 6 187
90 25 1066 148 108 53 201 4 21 103 41 17 82 26 202 117 26 147 237 122 123 132 60 5 168 102 209 66 38 129 91 96 216 91 53 20 241 108 92 143 149 76 26 61 194 104 157 130 170 81 155 51 42
91 25 1033 61 70 93 219 85 133 149 228 128 64 118 232 136 110 39 227 104 89 35 31 115 145 24 120 54 154 36 160 141 177 120 10 22 138 146 154 86 225 31 152 94 212 37 55 52 115 60 241 101 40
92 25 841 57 146 14 76 1 19 116 138 128 156 16 97 17 187 86 14 90 71 41 172 124 184 35 212 91 137 77 100 127 77 140 83 3 10 26 171 75 213 48 232 129 46 98 167 131 113 7 53 5 30
93 25 990 27 91 115 88 131 3 66 30 79 93 21 63 118 25 122 94 145 148 8 144 29 138 41 228 105 171 90 163 74 145 144 202 37 58 89 17 60 157 48 40 51 169 104 118 143 127 63 240 71 133
94 25 866 102 210 76 129 16 196 121 130 71 67 74 222 3 231 63 169 143 19 66 182 19 234 38 88 29 114 1 18 88 223 91 182 27 20 50 75 92 29 95 8 52 169 60 35 131 180 127 151 97 210
95 25 994 71 183 97 208 11 163 8 228 100 80 81 190 14 108 115 34 102 143 128 9 47 148 120 231 130 51 59 180 98 70 80 119 110 40 31 217 69 182 149 199 123 114 134 228 41 137 22 171 48 168
96 25 870 70 17 50 68 58 231 17 180 33 146 148 242 87 78 10 7 111 60 107 83 25 215 118 104 57 105 126 29 2 95 99 118 95 148 54 230 103 133 64 100 30 57 36 109 19 244 121 28 101 154
97 25 789 5 117 21 8 23 225 83 152 28 178 98 124 49 184 77 180 39 62 144 238 93 200 76 202 20 219 74 48 19 27 4 135 50 61 60 76 96 113 104 25 64 151 48 14 136 76 37 188 130 240
98 25 850 41 33 9 61 6 56 30 35 11 66 84 22 27 211 67 139 14 143 102 216 40 215 4 115 110 179 97 194 133 186 117 195 95 122 26 156 113 93 141 84 72 2 52 110 44 164 135 235 130 138
99 25 1039 101 239 66 54 36 10 138 223 95 204 117 141 76 121 116 83 83 11 124 118 82 227 119 193 43 14 56 29 48 188 148 176 34 2 113 195 89 38 139 193 4 130 20 74 97 202 108 159 27 225
100 25 996 90 5 45 83 48 158 140 76 5 227 94 205 127 58 19 121 56 211 142 60 42 61 85 91 65 93 49 143 119 241 148 64 125 47 23 214 124 80 93 67 134 47 95 193 17 67 73 28 34 234
101 25 932 21 46 118 161 10 162 110 155 83 2 52 246 26 200 20 139 75 249 133 194 82 181 138 76 148 105 66 220 134 49 103 54 44 22 117 106 86 78 62 218 29 15 15 4 64 86 94 238 35 129
102 25 966 31 218 109 71 94 206 127 61 77 10 61 229 15 156 53 231 13 240 10 224 38 238 123 93 58 87 93 144 65 175 12 125 95 155 67 107 134 27 51 182 142 231 145 131 68 189 130 108 122 11
103 25 978 104 218 77 79 29 201 125 85 83 150 101 92 133 29 129 133 110 22 116 106 58 226 144 187 33 206 61 196 73 100 46 49 80 176 54 10 82 103 12 223 88 142 53 220 2 226 85 59 79 244
104 25 1004 34 22 133 218 129 143 64 210 116 115 105 16 94 233 15 199 44 249 4 106 73 241 149 176 112 200 101 99 111 232 142 144 3 124 14 184 69 127 93 86 91 199 81 116 134 25 16 87 82 38
105 25 1001 77 80 63 139 132 216 137 242 147 180 85 51 4 200 84 172 76 228 7 168 27 209 3 107 124 87 81 141 123 214 129 102 144 243 42 27 8 78 118 6 57 4 9 162 104 244 72 43 149 148
106 25 753 2 53 54 75 39 237 68 164 46 15 145 238 56 223 48 35 40 155 93 96 13 55 149 57 41 31 78 134 31 27 35 234 130 61 24 118 128 137 70 123 3 116 63 210 110 96 16 239 25 79
107 25 1080 45 175 87 235 108 116 118 238 142 2 71 23 115 47 143 42 83 162 17 38 79 229 149 217 90 195 105 35 23 35 81 50 15 107 140 235 94 83 88 167 56 2 63 200 46 247 62 136 141 140
108 25 948 85 160 79 31 8 185 115 32 120 95 81 194 111 39 34 47 66 237 1 73 140 215 122 235 63 234 96 51 77 35 37 86 65 167 93 152 33 24 73 29 7 166 89 245 51 138 117 124 133 91
109 25 1032 115 47 65 50 62 50 95 12 76 82 148 61 48 166 5 199 98 31 21 26 87 189 66 83 89 105 14 7 130 246 145 62 94 208 113 240 121 189 20 101 85 6 84 138 142 211 82 76 60 220
110 25 1008 131 175 127 112 121 176 106 167 139 199 26 51 146 239 61 115 142 183 1 49 54 136 86 145 46 13 28 171 122 197 53 97 75 65 119 52 20 137 140 121 62 191 11 157 123 123 56 175 22 9
111 25 1000 10 57 55 155 71 232 127 93 30 232 139 157 146 57 8 217 143 98 89 156 140 99 64 22 72 138 46 129 112 217 137 223 76 141 77 46 24 155 38 3 36 178 59 33 86 117 130 66 85 57
112 25 942 89 198 28 212 85 173 90 248 42 226 120 117 18 198 14 191 53 4 93 90 31 204 73 17 22 224 148 89 113 33 45 151 132 74 67 99 103 16 140 130 36 58 149 35 39 239 26 184 129 209
113 25 924 87 201 127 160 76 74 48 38 108 142 141 40 65 4 58 63 9 73 54 140 60 163 139 195 36 79 83 11 112 11 19 250 13 45 109 88 21 8 28 178 149 18 67 216 73 126 30 31 136 23
114 25 789 58 148 13 154 133 41 39 244 105 51 114 6 14 211 117 53 31 24 30 210 75 149 127 240 22 52 121 154 52 206 28 62 54 240 36 133 5 181 6 97 144 21 7 12 73 89 148 60 26 151
115 25 957 26 230 73 232 131 31 109 244 134 101 11 71 83 65 104 223 20 200 16 242 8 128 65 196 115 121 145 176 125 171 78 153 100 150 36 82 80 96 96 238 4 191 102 126 140 220 67 247 47 33
116 25 1006 144 213 55 138 38 80 8 65 134 59 16 69 43 246 116 170 112 212 109 99 14 39 145 241 130 64 110 128 142 171 24 247 61 213 128 218 77 113 129 194 83 121 141 48 42 53 11 2 1 204
117 25 1004 65 42 100 108 121 213 67 199 126 58 71 151 6 131 13 185 101 241 47 79 134 181 1 225 79 44 77 191 129 144 120 43 143 107 36 43 34 96 113 184 94 148 88 196 40 186 76 174 128 250
118 25 943 47 71 28 137 117 156 133 229 27 201 20 134 36 112 119 231 76 55 84 221 102 223 16 192 108 41 67 126 68 216 24 240 143 61 58 100 95 139 77 71 89 98 56 224 111 75 57 139 129 242
119 25 859 9 182 16 25 123 75 17 89 101 235 56 124 26 248 86 134 30 22 128 3 110 76 108 185 138 234 93 228 12 186 137 44 51 213 18 76 79 209 78 215 14 103 91 112 39 174 61 70 97 38
120 25 838 22 156 65 232 92 55 35 32 129 72 120 74 23 182 41 250 13 49 77 229 29 121 126 219 46 38 89 192 27 212 99 142 95 141 98 112 75 79 40 246 51 113 82 55 21 96 56 147 125 118
121 25 1077 28 47 95 196 43 132 136 134 58 150 133 51 46 223 148 157 149 29 146 96 129 160 118 112 17 138 10 22 137 236 41 114 32 85 61 224 68 99 27 100 142 28 66 227 104 216 107 201 113 137
122 25 891 13 30 1 29 120 160 100 156 45 40 21 28 26 133 52 145 133 211 84 104 81 219 127 184 36 185 34 198 122 96 130 172 74 99 33 25 106 179 116 78 43 210 59 137 58 178 124 109 44 187
123 25 939 91 181 122 127 129 193 72 60 116 198 10 148 24 217 28 92 44 133 84 105 94 221 149 164 80 177 140 40 34 135 77 25 66 98 53 46 42 76 105 107 73 216 56 199 32 33 40 77 117 123
124 25 948 81 60 145 180 76 126 56 65 66 91 51 142 17 116 91 219 61 232 95 117 40 169 134 45 67 115 79 8 141 195 131 122 7 177 53 34 55 110 100 172 65 167 116 5 85 128 38 179 47 27
125 25 914 30 71 66 247 1 74 139 147 106 160 103 84 14 138 140 23 87 11 23 87 127 241 104 133 25 181 70 156 129 246 105 159 68 22 47 45 15 2 55 19 88 220 59 27 143 95 67 33 18 57
126 25 1037 86 151 83 119 22 40 147 218 96 7 137 18 63 107 116 58 23 170 14 243 107 83 1 235 27 96 126 243 128 244 64 246 136 184 117 75 130 36 21 187 90 51 129 107 58 1 71 243 82 54
127 25 1077 94 219 132 191 44 177 118 39 127 133 34 112 66 1 89 98 36 211 110 150 88 6 140 134 135 117 119 228 3 20 81 29 139 169 7 174 105 69 39 157 109 188 73 204 120 111 43 175 104 233
128 25 943 108 19 17 175 40 46 61 244 141 22 5 12 78 28 68 148 69 74 106 117 76 231 70 45 143 15 122 198 47 231 115 7 9 212 118 202 28 210 75 84 123 155 62 240 54 82 113 112 39 32
129 25 840 87 219 3 32 13 217 103 210 115 185 78 231 42 88 44 59 90 23 70 114 57 193 120 218 134 24 51 199 35 139 30 121 58 34 4 222 101 208 132 167 143 61 34 148 43 244 89 66 5 172
130 25 910 107 124 91 191 147 141 89 31 79 220 54 238 103 7 10 105 117 243 124 209 3 123 44 52 15 239 30 203 95 3 60 218 93 152 65 235 42 247 64 213 50 103 9 62 125 54 97 235 108 121
131 25 993 80 112 37 218 102 117 70 148 121 131 67 66 82 183 100 25 30 165 137 31 68 54 139 181 77 165 87 75 149 44 45 230 107 81 97 208 49 117 57 20 47 174 31 106 136 155 51 142 20 47
132 25 800 108 200 123 73 86 49 23 182 143 53 138 175 1 248 24 217 4 95 116 127 33 196 35 118 50 221 120 93 90 241 39 148 41 113 72 226 11 246 59 5 47 180 51 194 105 217 49 201 32 228
133 25 958 35 79 112 52 129 134 74 21 114 12 121 56 124 92 84 137 89 142 143 89 90 24 39 235 28 55 34 80 111 14 117 124 18 47 107 43 20 130 8 181 52 214 106 195 49 42 40 35 72 30
134 25 754 58 60 16 188 116 99 69 154 61 235 23 34 104 69 43 46 38 124 5 20 26 18 126 70 19 203 55 174 89 13 35 154 2 51 122 56 17 108 130 3 11 101 145 8 140 18 13 210 45 182
135 25 1046 135 65 55 119 109 10 145 47 124 229 52 175 81 8 148 39 25 156 18 127 118 68 23 126 58 140 40 217 87 221 103 51 72 7 121 80 116 165 128 241 46 30 115 228 37 65 66 13 70 234
136 25 942 89 87 53 11 64 160 3 103 78 239 26 180 141 247 13 179 106 30 6 147 127 37 113 104 29 222 138 48 55 77 37 209 2 119 143 5 98 31 130 230 123 28 118 138 125 167 43 250 25 116
137 25 944 69 113 16 25 141 104 34 229 105 204 72 9 1 154 90 130 79 170 49 166 27 126 32 190 100 226 142 37 73 68 5 192 132 20 122 123 101 153 129 4 76 90 31 129 86 59 50 237 126 127
138 25 1032 112 9 68 111 34 61 50 207 29 4 10 23 67 84 97 118 136 77 21 113 66 127 143 147 65 54 46 101 129 24 114 138 144 174 123 104 125 31 132 28 32 244 2 199 77 250 116 164 127 38
139 25 977 76 94 17 20 90 131 123 138 31 54 113 44 93 56 69 15 60 94 98 243 129 236 125 227 114 226 94 77 2 182 54 248 148 76 87 180 48 226 10 53 139 55 45 146 25 212 55 170 109 48
140 25 1193 93 137 133 119 66 49 144 109 75 248 42 181 97 191 106 185 70 5 111 131 8 1 87 152 146 12 115 201 73 100 127 62 134 247 132 193 135 9 142 129 139 138 19 46 22 41 50 84 121 209
141 25 879 34 208 63 82 71 177 105 250 133 232 11 216 130 189 22 175 108 63 3 148 100 224 143 124 64 94 57 184 53 143 115 224 43 107 70 42 141 203 54 8 32 142 7 156 69 214 118 221 13 20
142 25 863 144 155 45 59 1 201 105 195 37 121 68 104 13 126 123 57 66 27 110 74 10 4 80 65 74 246 135 244 108 6 40 215 50 98 15 52 94 171 47 131 141 16 34 203 92 58 59 207 36 121
143 25 854 80 95 76 62 62 249 7 146 44 116 103 235 30 2 35 246 105 228 116 151 108 206 69 193 11 160 2 121 16 37 93 248 134 68 59 245 68 217 142 12 34 244 96 116 147 32 61 1 10 129
144 25 1002 4 219 86 22 114 48 81 115 119 148 54 11 47 89 131 55 133 98 123 176 61 57 59 172 17 90 84 117 99 114 22 68 145 81 147 127 97 117 27 152 78 123 140 58 80 174 7 152 49 218
145 25 957 110 119 28 83 85 217 119 204 118 182 27 235 83 122 67 180 50 65 96 226 19 25 149 58 34 230 84 191 132 10 43 153 89 227 55 45 42 122 129 71 8 161 44 226 140 143 93 238 71 211
146 25 988 114 171 118 48 100 101 90 132 85 99 126 139 37 3 27 143 149 171 67 227 91 74 38 34 102 79 128 44 48 4 82 168 23 79 19 76 18 51 112 118 26 200 106 180 76 198 129 98 66 157
147 25 1059 38 240 44 121 143 225 51 36 142 248 91 173 18 13 1 186 88 20 86 149 139 164 94 93 128 94 23 225 9 180 113 100 125 35 42 49 85 229 141 135 69 215 102 132 137 71 87 175 122 76
148 25 883 138 21 71 32 98 64 107 123 23 86 37 24 12 173 16 61 58 196 53 194 115 67 145 48 34 33 120 221 7 41 46 164 18 30 61 182 86 35 106 123 21 231 134 96 48 46 103 144 110 215
149 25 925 42 209 148 224 28 170 81 71 117 178 134 185 7 44 68 244 75 116 3 155 2 198 5 147 52 98 145 199 109 111 140 217 8 114 44 128 46 214 144 175 99 230 34 93 149 227 125 75 45 227
150 25 999 82 148 25 36 144 26 85 190 43 50 14 209 110 79 102 237 76 168 32 103 68 114 136 160 12 34 139 108 63 22 55 37 57 151 141 192 36 33 91 203 132 194 74 212 131 139 47 42 103 210
151 25 811 28 93 68 40 114 174 26 22 124 239 62 16 27 196 9 128 138 61 11 83 3 20 46 126 83 178 15 231 71 19 141 248 110 139 133 66 45 107 105 158 24 181 32 160 42 244 72 74 94 119
152 25 1052 23 126 48 39 109 219 107 1 118 167 110 207 142 244 124 88 2 178 95 175 149 108 21 190 53 245 64 250 88 234 15 234 111 223 102 120 123 121 86 184 79 28 128 53 67 231 32 212 108 144
153 25 983 62 115 64 54 118 108 119 67 145 152 41 12 37 154 34 188 23 59 11 160 42 89 139 21 141 6 102 223 59 116 82 225 31 235 142 41 53 211 107 153 98 143 58 134 33 180 92 93 133 33
154 25 1136 130 56 24 87 57 248 55 167 65 87 41 147 123 35 137 76 147 224 34 101 121 78 59 154 110 40 54 231 87 63 85 12 149 93 11 156 111 75 92 1 71 164 141 233 133 174 134 105 102 194
155 25 958 61 113 133 57 69 214 88 7 128 74 68 26 116 128 54 24 129 126 40 117 135 232 52 219 8 35 24 111 30 184 25 62 42 243 77 130 149 4 53 118 82 221 97 164 48 2 78 128 131 195
156 25 1193 114 162 146 83 121 32 6 131 111 191 24 32 101 13 149 6 116 18 39 38 115 153 135 116 44 65 145 224 59 209 137 6 91 8 89 48 140 101 138 195 124 121 126 134 45 132 1 162 70 238
157 25 1094 78 124 124 244 117 38 140 242 48 148 29 153 38 88 143 235 27 243 74 124 119 47 120 94 82 114 127 49 71 107 72 44 102 191 34 141 132 81 39 12 136 226 99 228 13 28 123 238 101 41
158 25 1213 34 120 115 85 113 148 111 111 18 67 84 114 70 176 147 11 58 229 49 221 114 126 120 144 90 97 116 28 97 6 68 241 128 52 103 125 64 15 145 33 108 152 124 206 112 33 134 62 104 248
159 25 921 88 73 143 227 121 208 104 119 13 167 36 203 146 239 8 222 52 122 116 236 72 75 46 132 101 80 16 213 133 165 100 7 7 126 77 114 132 247 28 250 34 232 47 172 89 68 74 211 59 184
160 25 1127 10 248 79 144 149 209 109 111 143 225 12 150 83 89 78 96 72 25 125 171 58 106 117 232 47 85 55 109 15 42 81 215 121 74 131 134 25 123 110 38 124 192 126 152 139 48 128 13 118 87
161 25 773 71 87 68 17 23 174 125 44 39 166 76 105 38 2 69 20 87 245 95 197 82 118 88 157 21 27 6 148 91 126 85 111 12 52 127 86 26 103 29 116 72 160 59 140 80 146 36 174 42 17
162 25 941 91 229 75 14 107 81 11 248 8 145 58 19 149 87 6 126 89 186 93 161 14 71 55 250 145 140 88 156 67 68 32 180 122 21 87 131 137 217 96 112 31 56 68 124 69 238 123 89 62 113
163 25 882 58 19 82 75 51 61 99 116 101 22 137 90 53 27 128 221 75 40 30 5 95 100 66 189 104 38 78 22 2 242 131 22 23 206 24 184 6 40 36 78 126 127 5 154 28 196 134 135 92 83
164 25 1005 64 57 73 218 97 150 91 200 144 222 71 218 129 247 101 84 136 189 13 63 117 94 18 221 48 246 118 83 132 160 45 68 39 62 116 141 55 167 84 226 88 101 104 134 4 189 121 144 2 185
165 25 966 60 45 52 133 44 249 50 78 130 161 46 75 31 85 138 196 77 242 13 62 69 102 114 174 137 117 63 209 112 64 43 24 94 156 6 145 107 33 124 68 79 50 65 140 45 241 131 159 102 112
166 25 1026 15 225 148 34 139 8 145 2 100 20 14 46 125 19 90 184 103 63 3 233 52 147 104 148 39 86 107 142 87 20 59 214 70 92 2 77 138 6 77 108 119 22 134 189 13 67 43 227 126 191
167 25 909 20 174 94 20 63 232 26 156 68 197 14 183 16 55 135 93 145 192 69 204 12 192 137 50 56 6 92 82 124 19 75 46 143 20 115 207 51 242 62 221 138 76 3 204 82 89 48 226 30 68
168 25 927 131 141 61 220 142 216 25 136 49 250 104 23 147 198 95 211 145 54 68 217 94 193 70 149 74 60 46 2 40 113 84 82 123 103 26 40 29 213 38 179 16 63 127 166 7 138 71 203 43 38
169 25 959 120 136 130 141 36 6 100 181 59 141 45 242 75 117 147 50 58 125 12 196 103 229 60 230 144 168 69 167 20 113 104 39 51 184 131 236 91 231 17 149 23 61 140 47 38 96 37 63 109 84
170 25 913 67 40 145 48 135 212 18 201 132 231 55 222 133 88 68 230 136 128 7 99 19 104 78 57 51 16 119 112 102 187 1 246 110 102 86 243 84 40 66 116 29 170 36 60 6 71 37 15 107 220
171 25 956 98 213 120 16 33 233 117 120 83 64 6 170 125 159 55 217 143 196 110 26 54 195 85 160 16 123 124 36 129 143 36 94 64 51 128 247 69 99 131 34 4 150 59 213 56 225 53 109 14 230
172 25 946 65 161 116 174 76 38 149 63 19 193 48 12 6 148 39 54 68 238 87 152 93 36 60 105 144 236 111 148 95 227 78 211 43 134 64 183 84 226 101 126 26 112 83 175 102 89 41 225 94 84
173 25 987 62 103 138 55 99 203 134 175 132 244 113 224 129 76 106 14 101 108 41 78 21 26 53 173 64 45 65 88 88 48 1 192 56 131 36 160 67 62 91 112 76 166 43 151 24 206 103 31 131 102
174 25 948 124 133 26 187 27 90 126 16 138 176 59 225 83 189 12 42 57 25 34 169 102 150 111 102 73 168 56 103 116 136 106 39 120 181 48 123 2 163 30 73 112 12 149 6 18 175 89 88 79 62
175 25 894 18 84 67 183 20 72 124 191 55 150 89 227 2 103 90 183 76 127 44 39 127 49 8 201 146 178 77 95 39 62 141 207 47 12 28 170 103 234 71 143 62 124 145 1 56 170 100 208 53 250
176 25 940 16 205 39 63 34 18 57 91 108 71 84 164 69 145 43 40 149 27 60 91 88 84 86 191 141 107 119 192 117 72 92 184 28 182 96 112 49 4 4 156 76 187 144 184 64 85 90 45 27 179
177 25 842 30 114 121 220 70 140 12 136 13 205 69 190 36 166 3 187 120 59 142 95 47 13 91 30 76 225 116 67 52 155 18 24 126 59 37 112 21 241 132 162 128 198 115 164 75 108 15 71 20 55
178 25 1018 53 197 132 68 115 104 9 211 56 115 80 79 40 188 65 53 108 207 85 72 134 134 86 98 102 110 7 16 32 176 123 234 74 54 101 190 107 11 2 64 75 234 144 215 71 108 119 81 116 203
179 25 1000 52 100 138 139 99 39 100 105 107 131 32 79 65 207 84 17 148 242 78 249 6 4 132 49 70 5 109 189 35 174 143 88 75 181 69 177 81 227 59 214 5 125 20 140 144 167 82 21 68 187
180 25 1126 26 249 137 196 55 95 134 41 71 228 128 97 8 205 122 229 133 102 94 66 112 118 101 111 56 234 83 225 72 109 125 109 106 180 141 220 27 118 50 124 104 245 139 198 110 232 115 23 4 24
181 25 922 114 159 7 146 83 29 56 59 39 113 138 43 53 208 120 223 57 45 148 162 41 205 102 88 64 85 55 37 36 108 12 199 18 20 96 102 50 154 110 138 116 148 71 207 104 93 115 248 40 126
182 25 942 88 146 128 77 109 212 81 47 149 90 110 149 30 95 131 100 122 219 65 171 53 235 127 56 27 193 105 18 18 144 13 47 120 174 11 203 9 144 82 108 3 63 104 214 143 5 37 213 19 157
183 25 901 15 206 35 222 134 77 26 4 97 19 16 43 141 191 55 43 63 66 38 246 23 240 110 78 106 52 132 42 117 52 51 181 107 37 105 243 14 130 146 212 1 13 56 91 4 111 135 68 76 124
184 25 997 65 200 114 74 79 21 125 210 112 241 13 214 124 222 51 28 14 216 109 209 127 111 71 32 53 26 44 139 145 169 59 220 28 182 98 248 11 1 72 125 126 95 105 58 142 116 68 118 40 1
185 25 1023 81 216 95 19 62 15 83 223 37 110 6 36 107 164 118 17 68 244 144 162 120 101 121 161 116 188 130 43 77 130 73 194 26 44 108 93 76 30 79 36 135 214 44 51 110 113 19 77 12 90
186 25 914 27 12 110 189 29 199 18 224 28 50 146 223 125 41 30 219 117 59 49 104 46 213 149 246 24 62 64 3 119 177 92 196 41 104 86 221 54 54 44 81 53 90 4 127 132 185 148 50 94 196
187 25 890 53 41 110 204 86 84 15 51 35 227 79 182 67 234 18 238 138 221 133 70 23 224 123 51 56 160 98 5 105 46 10 45 5 213 80 138 29 130 125 213 58 206 145 77 39 62 116 178 34 198
188 25 764 48 58 22 222 58 127 31 208 33 135 103 242 9 56 110 47 84 91 23 199 49 178 43 227 69 6 92 248 41 89 95 48 60 69 107 238 1 66 71 38 18 64 68 227 70 30 75 105 149 155
189 25 919 20 127 99 246 97 104 87 194 146 78 141 243 111 250 27 11 67 249 50 87 12 218 13 33 47 39 90 218 137 144 15 243 85 161 148 74 7 144 101 247 38 89 9 89 115 171 106 13 71 92
190 25 895 27 38 6 209 136 44 98 205 32 194 144 97 131 109 133 54 65 128 56 163 66 144 23 204 11 244 59 23 114 50 51 203 5 10 90 200 82 104 40 30 39 20 88 24 125 55 101 230 69 16
191 25 798 23 142 120 133 135 178 58 198 28 160 84 21 89 84 82 84 117 35 146 74 94 183 97 168 137 247 56 13 22 49 32 106 33 11 65 130 40 125 31 224 45 71 9 76 4 175 13 129 36 122
192 25 972 104 234 142 93 80 38 100 94 11 48 127 117 30 188 83 211 29 159 91 204 6 13 62 231 16 138 143 146 109 80 70 213 113 11 55 145 50 156 138 161 53 165 79 34 44 184 122 186 88 227
193 25 1057 48 101 9 215 139 104 111 197 133 230 61 98 142 167 92 241 72 229 101 126 95 131 100 44 104 234 115 189 71 91 88 221 99 203 11 2 65 110 37 246 70 134 137 139 125 77 60 205 30 188
194 25 801 50 62 146 101 5 100 34 71 140 56 111 230 29 162 84 41 15 198 100 51 45 122 31 10 58 59 21 13 40 8 114 52 4 164 108 55 129 46 7 91 25 135 126 119 75 169 51 48 55 133
195 25 1014 107 114 144 128 78 33 135 143 136 90 94 144 108 124 90 14 16 66 51 170 124 176 32 102 60 233 50 114 117 58 30 10 35 57 143 70 59 108 25 155 67 248 146 230 66 11 80 187 36 7
196 25 922 128 68 61 87 52 110 53 118 17 132 104 40 22 125 139 101 135 198 76 39 14 75 134 246 40 97 25 28 82 84 55 1 144 42 102 5 46 20 73 179 97 226 118 20 50 59 70 235 8 95
197 25 727 75 22 22 211 117 113 7 93 41 240 126 95 21 238 44 75 35 13 98 213 11 175 83 30 127 193 2 111 48 87 69 47 39 82 5 134 72 195 109 168 87 232 58 30 56 42 45 5 57 155
198 25 855 80 139 137 56 131 38 118 130 35 104 53 56 103 93 37 207 126 210 3 137 77 141 18 134 121 25 128 65 30 134 11 124 9 218 54 246 85 185 83 190 39 138 94 182 26 103 7 85 105 43
199 25 1052 13 246 62 49 118 37 26 184 111 106 30 184 65 47 87 162 133 173 44 72 112 233 68 193 110 70 51 146 96 209 121 107 107 140 95 184 23 14 144 179 143 177 45 139 15 6 139 102 147 200
200 25 773 36 14 144 146 83 195 41 108 140 101 131 248 9 222 45 142 8 237 25 53 15 169 93 31 74 166 70 127 112 169 113 77 13 208 109 100 18 100 51 200 47 159 72 191 3 68 1 139 94 203
201 25 842 6 14 47 36 39 12 57 166 25 26 78 151 140 185 11 100 136 131 149 86 32 45 147 205 38 249 22 90 139 117 44 244 80 240 132 169 4 238 84 178 15 163 31 6 41 105 134 73 53 170
202 25 945 55 200 16 209 89 14 133 228 54 199 71 98 131 110 81 99 65 170 84 243 35 196 123 142 46 115 99 79 88 3 48 192 52 115 102 192 30 84 69 84 135 141 33 65 103 113 115 167 34 150
203 25 1054 11 20 147 183 112 192 100 10 70 87 118 130 66 234 83 109 14 67 130 149 53 20 31 117 24 145 131 141 78 132 51 48 128 186 61 19 35 172 88 23 133 157 104 100 91 236 109 206 140 104
204 25 877 6 209 34 174 33 30 106 175 57 37 77 206 64 214 118 132 139 170 122 74 28 27 123 68 13 233 25 18 24 233 113 249 117 142 105 43 51 191 69 108 35 226 88 184 9 208 87 237 112 156
205 25 992 98 94 81 116 118 8 41 202 71 189 18 114 45 10 114 136 130 22 92 114 147 181 100 112 90 209 49 226 144 60 83 142 5 13 109 224 23 151 75 243 141 142 58 136 3 122 133 245 16 48
206 25 821 43 196 49 204 35 7 52 12 101 63 145 44 118 109 104 41 81 6 66 75 46 209 133 183 62 6 5 146 50 172 143 92 18 94 95 154 16 2 11 12 47 178 120 150 21 203 55 138 27 203
207 25 969 98 161 37 159 116 144 104 165 15 99 106 182 144 153 136 143 1 103 147 61 16 143 41 187 43 13 139 49 2 18 99 178 38 108 94 233 113 110 47 213 79 6 120 166 101 70 70 247 32 187
208 25 815 139 72 23 181 34 12 82 85 79 184 36 58 73 243 51 5 7 11 2 172 78 132 77 97 149 29 68 120 25 249 106 164 21 178 96 6 41 129 43 69 63 78 135 172 29 192 30 241 143 51
209 25 765 68 226 80 166 24 108 135 243 33 34 98 206 127 93 13 118 55 38 86 184 16 72 57 145 113 87 35 107 37 205 32 216 72 57 124 7 1 206 42 50 5 97 47 159 46 222 83 107 101 149
210 25 1027 81 8 143 43 94 29 50 230 135 83 148 57 90 121 15 142 28 56 142 132 102 170 130 162 65 2 77 147 60 80 95 240 87 189 33 180 120 34 61 154 18 58 62 209 80 226 1 207 138 136
211 25 912 11 220 98 77 121 76 123 32 5 120 72 241 10 156 22 229 139 33 135 8 42 46 67 222 24 169 78 108 12 118 144 22 39 41 148 11 68 172 142 123 141 63 65 201 31 8 71 15 16 164
212 25 1081 113 84 135 138 102 165 145 63 82 238 36 72 78 135 48 56 73 220 149 38 86 149 105 124 81 115 46 46 130 10 58 65 44 95 116 160 141 230 43 179 15 114 108 49 5 206 120 124 104 207
213 25 850 112 154 111 135 85 177 81 82 106 92 41 222 137 87 47 27 18 39 5 32 3 13 32 199 117 240 143 143 24 154 49 137 40 185 13 222 116 221 63 8 42 150 94 81 96 222 98 184 27 82
214 25 855 88 41 115 137 59 104 4 53 49 180 56 247 116 198 131 230 19 48 102 232 55 244 33 250 126 128 71 225 63 249 58 203 39 23 26 194 23 208 72 40 57 104 122 175 101 173 118 240 8 193
215 25 1005 119 129 120 234 77 177 136 18 101 126 17 29 19 218 4 44 27 176 35 33 81 56 60 134 79 169 140 246 109 200 41 229 128 60 114 56 88 249 123 139 76 39 67 147 9 122 142 135 99 226
216 25 1170 20 30 84 181 113 214 149 204 109 109 53 101 138 82 112 151 38 202 102 210 140 79 51 108 75 209 131 16 145 230 144 66 77 246 123 190 45 78 81 203 92 164 64 145 101 165 98 113 56 76
217 25 795 63 65 3 23 46 168 17 125 61 135 135 89 30 7 28 76 134 130 29 166 32 22 95 166 12 15 44 167 141 56 132 243 79 12 99 103 75 133 37 213 14 195 43 190 80 222 70 148 91 79
218 25 1082 97 109 60 158 73 154 77 65 111 10 107 93 38 171 141 192 45 223 80 109 138 74 101 127 105 172 46 202 74 139 147 90 82 221 145 108 86 7 117 194 49 206 64 41 47 10 65 26 69 53
219 25 915 1 69 29 6 91 227 7 214 15 89 138 213 30 170 33 124 77 218 82 246 62 81 53 127 123 52 37 88 127 5 90 130 25 170 115 146 95 231 83 70 124 162 139 7 118 76 119 113 17 216
220 25 995 123 68 104 110 47 60 1 126 134 21 112 1 68 156 83 130 41 152 5 52 141 163 39 8 89 159 72 77 59 238 144 231 106 97 93 52 56 43 129 242 15 242 92 183 99 74 114 139 25 218
221 25 917 43 217 83 83 24 221 41 47 149 199 85 43 31 192 141 223 145 249 118 225 40 134 16 231 18 214 56 81 5 130 1 247 49 235 29 24 121 71 55 119 107 99 99 250 142 224 94 190 143 170
222 25 823 129 76 35 11 44 200 66 176 106 147 128 104 95 162 82 119 18 102 39 25 22 247 73 73 146 64 48 191 3 90 10 33 117 96 43 112 47 208 40 153 5 169 56 51 83 40 69 150 143 209
223 25 923 126 167 55 149 89 200 14 136 40 169 77 249 101 93 46 96 7 93 95 9 114 102 112 46 143 80 48 236 91 73 52 95 123 242 45 137 27 36 107 55 87 209 99 82 4 55 74 209 70 69
224 25 1014 16 224 130 113 62 160 1 52 85 204 146 157 145 42 95 173 103 227 66 112 78 147 65 132 23 225 84 44 44 51 17 125 113 233 136 73 39 9 87 165 80 162 60 9 114 138 124 175 115 73
225 25 1025 142 97 95 166 132 38 111 232 7 186 94 139 73 68 25 114 76 115 100 93 50 129 56 61 88 21 48 63 96 163 35 239 61 231 119 67 75 27 104 120 117 28 90 41 91 217 106 42 59 157
226 25 1059 23 16 67 12 87 164 124 84 28 209 72 38 91 77 31 59 45 157 137 200 129 203 128 168 94 220 134 1 62 45 59 136 110 225 147 198 140 220 18 30 4 57 121 133 90 231 148 168 29 226
227 25 787 20 156 43 215 125 27 17 238 23 75 73 232 49 121 132 141 91 62 10 222 68 68 44 250 59 125 78 107 94 8 84 115 13 77 82 140 55 248 29 127 4 210 123 74 115 16 5 124 138 124
228 25 1195 42 131 125 52 57 202 110 102 112 194 67 224 72 148 65 76 95 194 104 69 149 115 142 72 108 6 140 112 132 29 137 25 111 61 76 118 64 86 69 175 131 37 52 36 115 179 83 10 32 101
229 25 899 108 198 144 182 5 102 121 118 133 149 4 107 109 14 34 128 28 221 149 52 101 87 102 102 23 17 80 155 26 113 107 136 61 101 17 67 39 185 136 187 138 94 47 4 29 177 31 200 27 34
230 25 1140 100 63 86 4 37 102 135 191 79 248 114 160 130 226 103 218 60 188 106 150 83 55 111 83 35 60 109 168 112 223 115 10 6 99 52 185 148 201 48 107 80 83 56 149 144 143 105 95 127 61
231 25 931 149 238 143 233 99 53 51 110 125 5 76 136 61 127 88 247 74 240 94 33 144 225 17 99 10 94 80 7 70 190 55 207 34 88 8 236 40 67 62 94 45 248 56 221 87 152 96 128 98 178
232 25 1048 21 22 44 120 95 56 13 24 12 182 65 166 141 100 55 198 87 194 116 49 90 210 148 45 130 36 97 76 5 184 117 101 103 12 56 117 137 69 104 86 140 153 39 90 136 55 75 14 70 46
233 25 977 72 218 23 186 13 77 19 179 127 23 40 184 91 179 52 141 32 88 80 236 30 219 75 115 123 64 90 138 2 11 83 75 128 155 111 40 34 231 118 10 106 10 146 96 138 47 136 21 86 118
234 25 861 106 115 138 183 32 62 148 71 49 150 31 132 26 160 136 199 21 67 68 83 24 27 78 119 16 26 107 86 14 74 94 228 61 126 72 223 22 224 113 105 100 72 43 237 122 65 55 140 47 178
235 25 1099 68 126 147 84 104 3 71 117 78 66 146 188 91 107 111 16 139 232 141 102 37 140 25 181 129 249 95 133 140 244 57 221 9 192 74 63 15 90 90 130 36 29 73 244 132 222 130 33 60 122
236 25 927 10 90 100 158 37 84 99 32 46 107 102 204 78 118 15 167 57 196 54 237 120 149 77 9 81 51 141 215 112 124 113 133 40 248 131 221 94 238 24 49 38 151 17 204 125 149 75 112 69 224
237 25 986 40 229 104 240 69 18 52 182 144 55 44 228 94 242 59 66 87 198 39 135 42 51 92 163 126 242 137 139 10 62 128 191 15 68 85 221 141 80 125 186 57 120 79 17 135 115 66 175 2 66
238 25 913 52 95 28 179 87 67 17 48 128 247 138 243 66 147 129 136 89 158 12 24 14 131 103 231 115 19 96 239 70 150 57 22 144 134 102 182 119 230 67 217 22 132 65 102 19 53 9 130 79 74
239 25 845 10 231 6 176 49 202 116 221 3 172 142 48 8 43 30 209 113 61 88 81 79 59 62 94 80 248 122 61 126 196 20 8 51 245 9 154 11 79 108 34 72 6 91 66 87 150 81 147 127 198
240 25 900 73 72 9 154 70 81 65 97 78 136 57 228 83 65 84 95 145 191 66 196 19 83 34 70 113 132 6 24 59 155 98 80 14 1 51 46 117 200 123 203 106 2 87 72 85 131 126 110 33 121
241 25 1020 130 165 55 99 28 136 107 201 96 211 26 176 128 221 19 127 95 123 132 247 109 205 83 141 72 8 104 231 71 87 80 250 124 36 52 70 49 201 147 24 102 174 47 20 1 193 142 184 41 50
242 25 893 139 124 92 10 31 42 66 111 71 138 97 50 37 21 88 40 42 36 40 188 111 191 11 7 13 13 102 204 149 92 6 39 115 147 146 188 65 58 10 204 5 12 127 199 81 170 36 72 107 246
243 25 997 13 69 55 75 134 156 80 232 147 87 20 212 84 21 9 23 136 216 85 41 122 246 133 50 46 213 69 131 137 177 128 149 148 82 75 31 89 56 14 86 43 235 99 126 5 57 50 92 74 234
244 25 1066 83 196 129 217 97 126 81 66 6 167 144 234 117 191 67 93 23 6 149 186 143 41 22 91 68 129 99 17 120 224 101 204 21 81 122 118 57 53 133 64 28 149 138 69 66 80 41 71 78 179
245 25 1045 115 120 55 137 130 55 106 150 128 108 105 49 88 227 116 246 31 200 10 201 27 208 38 247 125 120 138 47 149 168 61 69 17 115 7 47 71 62 148 49 121 104 99 61 132 114 6 62 67 115
246 25 883 43 27 54 90 101 23 127 198 72 144 108 142 62 223 148 10 45 112 9 143 132 13 41 44 46 56 58 72 118 222 65 194 50 82 92 73 49 214 90 223 63 50 68 226 110 62 10 174 5 3
247 25 867 70 60 54 77 84 122 50 148 115 228 103 159 127 84 100 151 10 201 64 199 125 229 42 204 6 163 33 10 16 52 71 119 130 154 90 231 53 55 9 155 37 238 117 188 99 67 48 91 81 149
248 25 970 85 187 8 40 149 243 1 116 96 71 37 228 127 76 110 229 82 120 34 149 109 223 65 48 72 81 21 23 133 169 57 119 79 198 19 173 48 185 70 21 121 147 147 198 59 75 132 30 80 38
249 25 998 83 194 35 4 126 137 76 148 69 44 57 39 74 4 107 146 2 143 66 224 115 64 70 65 124 246 146 4 106 127 41 190 22 228 145 47 64 170 34 65 52 72 139 208 130 36 111 25 3 134
250 25 1007 141 17 103 205 140 198 52 95 105 28 36 44 101 113 90 97 128 109 93 111 74 96 34 212 65 247 63 41 2 96 82 68 100 238 59 200 40 4 106 19 70 205 68 32 62 142 73 108 127 86
251 25 1025 112 191 34 225 132 235 22 15 104 174 102 63 123 141 118 28 12 158 129 81 120 200 43 169 136 43 121 14 30 182 106 163 8 37 82 153 103 205 55 67 77 147 134 206 108 141 35 90 4 104
252 25 933 42 98 24 103 83 18 25 98 47 56 104 159 16 42 108 49 45 163 103 201 129 181 97 213 136 107 105 170 46 161 75 87 141 93 17 165 90 113 23 93 74 90 135 133 88 181 92 131 22 227
253 25 927 38 57 133 42 79 131 2 55 69 62 55 212 104 123 28 195 36 152 138 211 41 24 93 230 121 186 63 142 112 100 51 97 143 129 129 47 33 249 58 189 60 113 140 57 49 191 46 109 34 219
254 25 824 1 13 74 190 86 209 4 227 23 153 29 171 96 7 49 44 92 99 101 230 109 13 93 200 71 41 90 117 123 187 88 63 43 123 47 99 51 228 117 48 36 217 91 229 116 93 11 226 7 203
255 25 989 27 128 146 166 96 96 89 32 99 228 142 100 119 40 100 15 42 27 34 240 15 52 30 45 19 173 105 46 129 58 72 108 38 203 50 178 137 249 132 242 106 202 33 155 69 74 102 63 48 205
256 25 1043 95 42 24 167 149 71 97 158 43 5 62 232 9 11 61 145 109 17 127 102 22 128 84 26 46 160 49 222 58 54 16 52 129 234 100 149 133 207 141 237 118 124 130 134 92 91 120 192 73 197
257 25 831 28 149 45 187 9 195 60 217 48 226 18 178 111 169 27 43 75 219 31 94 93 28 73 78 69 163 130 138 7 202 36 234 102 180 120 11 29 79 24 6 148 152 117 116 30 211 90 48 142 185
258 25 848 92 119 7 70 89 22 149 176 128 202 63 211 54 245 32 164 21 12 144 194 20 41 47 38 6 26 148 247 24 89 81 65 9 39 36 199 110 134 26 139 136 189 91 183 82 106 3 194 98 165
259 25 966 139 247 2 246 122 199 42 197 40 24 64 50 99 249 24 85 124 214 72 14 63 112 96 96 69 200 141 17 105 5 46 6 100 119 7 93 116 48 118 31 47 131 81 197 106 167 21 170 88 36
260 25 1047 134 151 132 179 69 33 20 235 32 226 91 129 34 192 48 140 36 165 39 103 47 135 127 82 139 194 54 108 133 139 141 134 122 222 104 107 143 41 140 118 119 201 68 192 12 234 30 15 80 217
261 25 1037 100 56 50 140 101 105 148 84 93 40 119 67 111 22 23 153 62 162 97 132 125 173 99 219 84 82 48 200 113 16 19 165 89 221 138 54 14 179 72 32 40 246 54 194 9 217 118 55 149 93
262 25 777 27 49 111 61 33 110 12 195 26 13 65 142 101 36 13 90 39 126 68 63 57 59 58 212 53 216 128 22 21 128 14 247 59 11 86 123 105 113 135 122 6 187 7 118 126 97 95 43 109 1
263 25 894 104 68 64 58 134 242 129 156 121 193 4 249 18 163 9 205 35 214 69 21 75 207 93 244 32 189 89 126 50 191 79 17 55 136 100 98 17 205 118 9 78 223 77 135 59 140 53 129 126 179
264 25 838 87 168 23 168 9 11 145 158 101 76 24 57 13 76 54 129 30 74 89 90 142 67 114 168 1 22 108 105 52 235 134 188 105 206 7 213 18 204 72 18 29 145 25 193 120 80 122 102 53 60
265 25 950 43 144 128 207 112 30 80 221 135 184 7 20 73 61 77 32 125 144 35 96 113 115 137 57 12 19 115 171 42 58 17 221 66 80 101 47 58 6 3 19 134 86 45 77 70 91 39 36 133 28
266 25 997 44 96 96 174 63 68 67 122 84 137 89 165 139 135 14 77 65 24 119 42 4 138 143 175 80 134 60 114 103 210 128 24 127 94 95 63 83 233 123 219 43 250 133 66 3 209 58 198 32 28
267 25 946 29 91 91 91 96 202 52 23 125 181 19 221 95 51 55 71 124 215 8 132 109 61 42 10 120 140 53 2 67 34 144 159 126 39 61 78 64 187 108 132 110 102 84 64 24 108 39 91 47 74
268 25 928 42 59 116 151 78 7 5 31 75 138 125 183 114 115 95 43 28 82 52 11 141 105 94 6 80 4 72 37 146 30 1 113 130 178 21 34 59 245 24 35 129 137 101 174 81 131 7 182 41 49
269 25 895 38 37 104 117 142 100 39 178 86 59 98 238 122 218 71 132 114 44 16 92 132 166 67 164 146 75 95 39 23 84 27 29 1 68 30 91 47 22 26 155 13 223 92 236 64 117 105 160 93 50
270 25 930 15 207 47 91 53 235 116 237 11 94 139 80 75 129 126 196 104 80 128 73 46 219 37 213 73 98 20 140 45 136 48 194 127 101 92 189 41 237 77 20 61 207 148 209 10 127 121 237 100 16
271 25 924 7 138 80 231 35 176 26 172 138 174 65 64 76 145 107 166 135 45 44 206 55 200 15 111 32 185 49 33 1 5 122 132 58 57 86 83 29 23 145 188 133 89 96 250 125 40 143 83 47 44
272 25 914 87 111 4 20 46 204 104 98 8 175 79 44 132 138 30 217 18 104 24 162 144 159 3 139 127 31 53 209 148 89 102 17 36 5 23 83 63 197 114 108 131 153 97 120 143 120 33 186 80 235
273 25 963 126 140 64 58 42 24 84 39 121 125 90 140 110 95 62 193 109 210 108 16 40 110 5 188 81 99 60 65 86 39 102 61 128 115 71 171 4 210 63 28 149 2 45 15 32 153 26 241 118 202
274 25 775 127 155 134 175 64 198 110 205 1 222 82 65 142 53 55 198 114 19 27 162 22 66 7 136 49 161 13 89 33 30 9 185 125 33 100 75 44 54 25 166 38 192 92 98 56 55 66 233 16 237
275 25 1091 48 224 74 249 37 36 87 19 118 81 78 204 7 12 103 31 56 209 108 223 96 201 81 39 148 87 143 15 121 160 70 236 26 68 72 213 57 240 130 87 119 83 95 231 138 28 36 196 135 158
276 25 937 43 237 38 183 36 26 77 150 98 138 4 118 73 179 85 196 93 43 88 225 131 6 107 126 146 153 123 193 87 32 37 175 72 19 10 247 145 61 95 33 64 14 7 92 53 186 140 160 23 97
277 25 793 69 198 35 214 50 207 59 38 41 95 12 62 14 123 10 110 133 56 92 96 19 149 39 119 53 225 113 44 86 135 40 54 135 74 120 136 28 174 23 222 37 136 110 45 97 144 51 40 121 40
278 25 948 78 241 142 104 55 137 40 40 27 245 76 202 64 211 134 93 36 158 17 75 93 103 136 88 51 179 90 41 70 162 80 150 124 3 109 60 94 198 38 189 125 140 4 188 75 247 73 233 65 247
279 25 873 127 117 84 214 70 63 105 10 132 119 41 231 23 216 86 31 78 131 31 167 119 205 56 75 42 233 73 167 67 187 115 193 5 149 59 124 13 215 35 246 33 28 129 205 43 164 36 222 144 168
280 25 896 39 215 122 46 91 116 28 63 82 94 51 46 107 46 97 231 8 111 117 104 96 94 32 250 137 197 87 58 42 4 98 158 78 94 48 93 23 212 126 67 12 123 57 21 69 55 128 165 17 231
281 25 934 10 161 114 62 149 62 148 8 106 152 6 163 129 149 13 73 121 24 139 188 70 197 58 88 1 60 18 166 78 150 127 240 64 140 88 77 48 82 41 3 47 21 53 159 93 225 32 140 116 221
282 25 855 61 62 28 101 63 89 118 80 17 67 58 56 32 48 96 11 137 193 142 227 97 188 149 198 91 125 30 182 90 202 2 130 144 216 18 211 47 136 80 54 42 211 3 187 21 139 129 165 15 175
283 25 834 4 213 125 152 5 199 83 186 91 84 130 194 115 173 109 33 84 157 120 13 10 211 25 15 49 148 53 229 12 120 55 117 34 79 68 189 30 2 124 170 36 3 113 2 76 123 61 29 56 25
284 25 1074 90 116 149 104 115 98 109 195 61 228 128 161 28 247 25 30 86 77 144 187 104 116 73 14 46 228 138 188 95 239 93 161 36 1 56 199 30 55 126 241 134 174 41 45 24 15 124 209 94 68
285 25 977 148 47 135 172 113 31 1 52 68 195 40 110 108 228 13 28 142 219 3 134 102 26 75 196 52 191 122 110 36 189 59 135 73 232 97 105 82 200 72 29 134 236 69 98 48 96 139 118 23 19
286 25 805 27 199 17 78 91 188 140 227 76 100 13 200 32 111 55 63 10 228 41 151 63 76 71 210 25 166 49 92 67 121 94 171 81 173 61 68 62 239 45 62 101 244 95 61 50 57 121 128 123 240
287 25 941 127 194 102 152 111 150 145 28 122 159 23 42 139 147 54 208 143 2 148 16 8 99 24 128 78 173 2 170 45 221 53 6 70 49 85 93 60 7 86 98 103 39 58 113 33 11 28 210 35 59
288 25 1032 129 14 36 51 65 55 52 160 127 206 17 246 105 151 40 64 109 175 113 13 114 170 26 146 33 213 75 242 118 59 148 174 88 198 139 194 102 50 23 7 68 20 61 68 10 176 126 134 141 88
289 25 969 149 62 15 95 94 130 121 86 99 30 37 46 3 126 145 93 72 146 105 161 63 117 80 174 43 7 108 185 97 6 146 113 2 90 92 173 127 242 104 115 8 241 84 53 64 231 46 107 35 59
290 25 1011 121 102 38 245 144 247 104 180 143 159 125 55 113 14 149 237 40 140 90 155 29 249 97 12 101 10 42 199 68 227 59 140 28 98 86 73 44 139 52 36 26 91 112 42 39 98 83 128 89 189
291 25 951 58 89 87 19 90 148 61 190 117 89 98 107 118 145 142 192 139 231 143 126 82 220 116 93 113 56 42 148 86 132 36 43 20 123 64 211 22 26 50 89 49 195 31 194 88 174 34 220 16 159
292 25 958 101 187 127 145 2 134 138 49 71 169 36 64 91 210 29 201 82 104 53 170 117 1 16 199 146 205 72 79 25 89 40 227 27 168 28 51 111 178 130 164 37 170 123 65 54 20 124 225 136 27
293 25 946 92 36 122 247 59 151 23 97 49 75 61 222 3 161 133 132 34 162 145 172 83 168 88 6 73 107 82 50 144 58 91 229 29 189 137 131 111 185 74 210 60 184 31 214 97 163 45 132 26 242
294 25 996 4 210 59 243 118 233 100 99 84 145 8 77 126 136 15 64 19 226 99 192 135 110 128 217 75 174 80 19 105 157 60 210 69 20 3 36 136 90 148 243 16 23 31 87 98 156 137 142 140 46
295 25 734 69 56 120 42 37 90 96 46 102 56 14 73 10 151 29 13 86 119 130 34 35 209 21 57 19 207 8 104 68 116 125 61 54 116 56 49 63 62 42 172 122 36 1 240 48 30 74 132 39 89
296 25 909 4 147 8 62 148 17 15 215 84 191 25 238 108 32 136 77 97 200 70 220 63 41 56 166 131 203 95 156 86 35 94 189 33 53 30 70 66 146 3 206 72 142 106 178 39 102 129 210 121 241
297 25 928 51 178 58 133 82 203 90 167 89 133 7 224 88 206 53 209 71 51 113 28 22 5 141 227 32 181 80 160 91 103 102 243 10 125 14 64 116 132 54 248 77 137 94 132 45 117 132 208 144 105
298 25 814 12 136 84 245 19 113 6 161 17 109 53 199 70 129 14 135 44 45 89 93 85 115 80 131 46 176 147 29 42 134 148 230 119 42 33 149 60 200 112 250 129 42 63 66 135 59 4 229 18 60
299 25 1023 126 166 136 124 96 220 117 31 68 196 99 161 145 82 112 104 83 21 67 132 51 58 116 194 56 71 23 201 39 232 76 156 19 201 1 141 118 232 110 113 132 170 113 183 13 97 53 30 78 6
