0 25 3151 274 23 57 175 296 37 199 62 107 26 425 126 233 185 168 174 69 71 353 106 132 142 352 234 68 159 317 48 115 145 291 241 417 97 267 65 384 215 228 92 490 152 319 74 86 236 247 154 408 201
1 25 2986 361 40 342 213 23 159 223 89 308 190 483 200 430 1 297 196 315 32 160 43 225 1 46 44 74 132 381 172 137 39 122 100 328 65 62 202 224 34 40 133 473 124 333 4 124 231 449 41 12 210
2 25 3135 185 236 312 230 131 135 213 114 408 202 152 29 51 81 344 214 32 169 247 173 153 72 296 235 177 21 465 228 61 78 289 97 416 101 179 148 337 243 261 245 444 14 125 244 446 70 457 227 90 56
3 25 3742 399 243 479 46 79 7 317 146 484 229 223 23 178 240 373 106 388 61 450 148 305 144 264 32 239 209 453 48 186 43 455 186 137 35 482 215 291 150 110 25 378 185 47 55 174 21 262 61 331 212
4 25 3354 61 238 457 74 269 195 32 221 94 69 115 48 357 1 332 88 466 123 339 177 249 68 111 147 123 35 417 236 197 99 299 7 438 5 80 58 302 214 279 145 245 45 388 246 478 77 313 100 267 91
5 25 2376 200 85 54 96 309 88 114 44 386 65 195 143 2 199 74 60 102 37 190 247 69 184 143 58 281 120 237 195 72 3 36 21 337 89 469 145 278 82 41 163 498 235 157 250 183 231 59 137 267 100
6 25 2943 485 187 33 127 495 166 246 231 110 169 85 247 292 172 437 10 66 66 193 208 81 191 192 237 42 227 467 100 363 86 199 97 272 83 325 118 248 172 348 210 91 183 58 132 206 245 493 123 60 37
7 25 3036 81 242 227 22 229 120 350 47 219 212 132 19 410 6 204 234 373 201 8 73 12 98 357 70 331 62 416 175 184 77 211 116 319 40 388 149 409 89 445 230 153 179 100 62 303 148 56 106 155 128
8 25 3304 117 104 484 38 286 45 453 210 81 30 22 196 98 163 435 246 72 24 292 153 176 220 2 89 403 55 88 61 410 94 438 128 197 24 416 232 170 118 293 102 499 167 298 96 329 84 443 2 107 87
9 25 2989 154 134 158 156 75 61 312 162 223 73 256 12 450 202 285 115 286 57 85 180 408 83 96 57 179 27 141 223 28 247 411 182 233 69 189 57 481 250 468 203 424 223 214 123 27 101 238 164 157 72
10 25 3177 445 166 404 143 473 184 169 113 259 196 211 169 229 193 89 167 101 69 268 69 271 191 143 87 64 21 39 153 36 47 326 231 462 81 373 184 367 41 398 227 88 109 497 67 403 86 85 4 154 103
11 25 3107 424 27 395 168 465 60 439 3 314 76 49 241 306 112 72 30 148 40 422 45 118 10 5 114 178 10 199 12 263 205 466 38 333 111 455 47 22 245 151 86 71 51 228 162 101 8 411 140 179 58
12 25 2930 7 40 312 223 217 173 23 229 37 227 296 74 411 156 381 59 30 227 209 217 47 9 394 127 495 134 433 236 414 92 95 204 256 67 22 178 89 250 215 168 140 78 303 20 137 184 497 197 400 145
13 25 3059 308 146 373 80 140 6 114 227 22 206 321 77 461 137 348 138 476 98 204 143 495 94 72 149 215 60 333 63 109 232 310 166 229 182 245 118 290 210 95 61 267 165 137 227 154 234 217 129 183 22
14 25 2265 123 177 467 46 178 182 106 10 96 214 93 155 481 72 87 225 41 228 286 237 38 53 402 26 131 55 9 97 35 192 471 9 220 187 54 249 118 11 258 214 76 203 470 56 24 158 132 64 135 168
15 25 2686 51 24 322 54 49 202 210 58 151 96 101 121 104 172 57 157 421 27 20 30 92 95 232 61 255 71 134 171 455 51 73 229 224 228 379 176 289 186 326 134 388 48 487 162 206 245 332 232 14 213
16 25 3084 323 109 445 236 111 51 56 244 73 112 147 247 192 120 224 71 397 114 358 222 247 98 371 233 9 77 80 192 308 93 404 233 201 98 70 163 399 227 407 73 190 53 320 132 274 145 304 171 259 13
17 25 2936 244 5 110 115 90 220 43 169 161 202 113 65 36 166 264 105 328 14 433 86 337 123 490 8 356 14 402 11 286 160 23 29 165 235 495 106 454 37 126 115 91 238 31 126 403 146 231 83 160 163
18 25 3091 168 98 137 158 355 242 273 6 2 58 416 127 438 182 361 183 389 64 321 14 280 161 103 162 37 108 308 119 440 217 133 107 166 20 116 20 113 138 275 217 297 42 343 235 325 55 167 213 220 89
19 25 2849 78 102 250 181 13 138 390 70 108 79 138 240 287 155 361 153 174 76 142 51 144 189 342 236 173 19 392 191 83 111 29 161 462 130 193 77 267 82 146 226 262 136 318 48 290 30 302 66 355 194
20 25 3533 116 248 234 59 335 8 179 226 300 12 189 78 422 150 310 216 476 178 399 224 154 160 461 221 207 102 500 9 417 207 304 134 56 37 45 141 146 223 468 195 484 156 124 7 306 183 74 133 361 222
21 25 3577 458 116 131 168 336 88 372 187 198 140 245 1 376 51 389 170 191 136 494 158 330 228 166 203 86 73 386 160 455 98 265 213 114 34 150 53 405 188 352 45 433 102 272 233 92 191 275 227 184 182
22 25 3019 158 13 97 110 99 169 347 110 226 46 92 240 110 205 23 9 359 30 299 210 176 231 413 197 315 106 489 89 332 172 372 239 37 71 451 237 91 149 96 168 445 39 9 54 384 165 454 163 164 88
23 25 3022 45 178 136 211 284 124 299 217 147 22 308 183 342 8 169 35 406 14 452 202 303 211 256 250 344 22 203 108 86 218 47 232 146 182 192 31 305 92 247 53 215 54 486 159 163 154 193 171 270 246
24 25 3724 122 174 456 229 173 151 375 8 437 195 406 168 442 87 461 222 243 154 320 46 369 124 383 27 388 36 321 58 305 66 430 228 124 10 252 24 10 127 134 48 423 39 68 114 478 130 72 34 256 117
25 25 3347 254 231 351 132 369 137 202 28 43 17 309 123 140 69 374 16 180 102 399 227 274 39 44 239 266 26 425 88 33 56 414 115 157 45 233 145 496 113 437 12 421 59 4 239 285 19 418 238 167 247
26 25 3329 114 57 142 102 73 167 379 12 225 161 419 240 275 177 284 110 321 29 324 110 143 244 168 146 335 54 414 2 292 182 498 155 238 140 358 162 56 236 423 133 194 224 125 120 258 86 441 138 159 50
27 25 2418 30 152 69 27 88 225 440 90 16 223 189 22 313 180 129 224 236 217 249 220 214 192 193 190 61 52 25 103 190 183 402 219 437 73 246 24 47 37 215 62 112 154 185 174 83 63 170 131 497 241
28 25 3464 95 188 286 34 351 189 161 203 128 195 457 199 131 29 444 7 325 82 73 238 295 78 422 218 263 86 467 182 463 25 413 3 162 48 455 100 208 157 228 153 113 28 385 243 221 243 67 154 316 54
29 25 2729 199 143 77 18 405 163 234 189 129 49 65 41 153 226 88 107 177 148 115 6 50 80 33 184 322 105 241 9 344 44 59 236 473 76 391 135 412 181 312 245 155 214 72 94 422 248 388 4 142 217
30 25 2921 36 178 141 141 456 131 1 49 276 161 284 248 88 26 382 249 308 246 162 52 2 227 373 198 398 223 188 36 476 182 104 113 109 244 355 64 124 105 362 150 265 247 147 205 375 131 203 182 228 217
31 25 2909 336 230 193 60 177 193 32 216 80 109 397 35 222 5 279 76 68 4 283 31 153 149 278 152 103 152 158 185 111 124 20 90 418 80 368 110 436 41 470 184 326 43 189 206 108 209 252 139 362 151
32 25 2618 18 115 253 169 248 160 353 108 135 225 50 53 304 19 264 164 204 157 235 138 232 129 428 39 99 137 247 100 127 210 144 74 105 164 423 116 369 133 1 93 182 155 396 200 168 161 6 74 245 157
33 25 3092 376 172 195 224 410 44 324 37 253 175 180 179 131 94 203 247 212 85 497 54 16 3 51 68 420 211 175 96 458 169 354 84 442 49 307 101 194 232 239 196 9 169 226 139 114 179 135 177 263 233
34 25 4010 332 131 235 132 300 7 444 224 352 152 244 205 185 105 393 137 298 227 478 96 396 71 373 111 249 110 389 114 342 220 346 179 453 145 435 146 118 138 297 213 383 249 299 128 135 96 354 112 191 88
35 25 2863 359 114 312 71 464 171 459 77 365 30 172 43 482 168 227 128 285 216 174 99 57 159 97 105 36 84 303 139 47 95 328 156 208 139 310 139 350 26 168 124 318 150 41 146 27 178 111 52 26 19
36 25 2935 460 123 226 245 206 28 235 2 224 164 9 182 405 87 455 214 327 54 91 244 29 158 143 70 303 21 247 15 73 124 283 32 246 8 379 201 387 215 55 111 63 144 251 98 348 77 3 188 423 32
37 25 3270 197 65 453 101 438 199 115 10 174 249 393 170 109 123 222 245 88 128 457 68 191 100 452 43 49 151 52 190 496 185 136 60 387 236 349 187 100 108 110 98 103 131 456 225 303 164 230 111 481 22
38 25 3376 313 34 417 111 434 240 264 123 485 50 360 146 436 95 245 224 296 204 334 246 56 214 451 31 168 105 444 148 68 27 21 130 60 187 240 96 278 106 70 12 405 180 10 193 274 4 416 172 207 249
39 25 2674 417 13 315 219 395 232 324 190 231 141 318 2 122 230 40 213 75 68 68 144 431 75 425 190 17 51 45 182 472 2 33 138 366 97 106 112 180 31 301 161 23 221 14 144 200 155 357 24 74 26
40 25 3558 269 5 100 194 296 218 244 91 252 67 444 136 454 161 482 59 272 13 192 174 275 214 394 38 210 93 193 66 218 16 339 122 145 134 270 214 479 110 215 45 405 100 498 65 183 158 188 196 99 213
41 25 3156 470 165 357 110 374 51 154 41 371 21 483 209 393 229 92 14 443 172 123 157 466 129 359 213 41 222 482 88 173 194 58 87 152 19 210 55 172 102 175 192 186 235 165 178 199 107 99 173 115 64
42 25 3006 51 223 378 95 366 201 326 203 123 122 362 209 125 130 20 179 371 205 345 57 189 30 73 218 229 31 168 3 145 83 304 220 460 250 335 13 178 139 385 49 1 94 423 232 363 204 135 86 158 229
43 25 3314 494 199 8 66 268 88 96 186 341 92 18 246 61 80 495 247 92 172 386 226 322 238 171 97 469 136 300 103 323 207 433 66 7 43 233 25 232 180 62 72 271 79 419 184 260 164 430 203 437 167
44 25 2730 31 111 404 201 207 225 86 6 327 10 314 112 75 71 307 197 135 236 8 59 109 188 477 42 198 242 73 150 240 32 141 245 483 97 219 170 352 46 180 17 157 106 337 162 413 135 46 250 142 206
45 25 2767 210 80 433 1 129 26 74 130 56 165 162 196 159 246 42 128 267 245 275 196 262 33 404 200 194 168 85 91 417 78 47 229 9 229 479 137 4 154 369 162 420 30 107 79 377 149 308 143 245 82
46 25 3101 441 6 364 94 456 159 11 142 499 29 469 45 257 80 375 88 466 231 343 186 142 13 67 100 341 193 248 148 86 95 81 128 350 194 73 157 204 185 400 202 65 119 99 72 50 223 261 15 55 103
47 25 3081 201 48 217 17 148 159 62 247 408 249 91 238 376 43 283 50 449 236 234 99 188 48 69 138 471 118 462 231 484 17 186 36 416 4 155 63 163 216 162 70 214 2 410 191 44 192 240 95 30 223
48 25 2620 193 69 122 113 206 93 230 167 323 65 35 110 101 201 114 107 365 128 322 26 197 137 278 208 179 173 150 20 17 179 94 61 247 215 173 54 307 4 470 232 319 5 271 57 306 127 171 35 50 197
49 25 2665 482 38 326 189 318 248 440 87 15 220 180 75 68 246 100 121 53 103 193 136 23 49 78 43 355 236 21 25 20 70 73 103 209 148 144 26 248 185 464 12 405 245 188 222 241 37 195 145 492 137
50 25 2985 30 14 435 209 307 39 194 179 165 66 249 90 270 59 487 163 335 234 348 150 347 2 145 137 75 135 25 19 381 16 7 12 382 191 220 40 81 16 218 246 331 68 187 100 127 173 365 63 259 212
51 25 3244 462 207 315 208 195 241 194 72 10 74 439 118 335 70 309 55 359 139 172 77 486 104 246 172 453 122 197 169 36 57 380 248 115 46 307 60 287 1 381 148 74 69 15 11 491 175 167 99 64 88
52 25 3092 277 151 191 23 425 245 246 121 164 32 427 145 131 41 441 187 202 79 437 184 78 113 105 194 123 95 119 39 295 34 126 72 434 66 446 108 162 191 330 75 324 108 220 204 149 12 243 202 90 179
53 25 3263 136 19 41 240 462 15 334 80 303 230 113 30 51 149 447 98 108 109 391 188 433 214 45 4 20 45 15 12 247 206 440 234 474 83 325 38 347 10 367 2 489 82 281 142 82 228 239 189 336 129
54 25 2959 126 120 195 23 124 214 67 138 327 165 446 16 398 21 450 222 58 149 231 27 150 220 108 32 111 41 361 201 229 48 182 207 168 126 291 191 295 30 267 210 225 134 357 98 186 181 405 84 161 181
55 25 3459 335 232 140 116 194 180 329 145 409 126 428 217 43 155 195 185 95 239 465 213 300 41 96 9 388 31 439 43 466 201 325 50 35 215 268 228 144 96 474 154 471 151 370 116 55 166 50 1 405 14
56 25 3698 213 204 407 161 212 44 293 2 438 111 453 13 410 237 79 29 66 74 476 40 330 197 292 51 164 199 467 213 199 121 264 176 485 26 490 130 420 241 68 30 295 182 133 10 320 199 185 46 238 14
57 25 2918 94 131 65 7 79 31 321 130 253 149 245 30 383 20 371 13 291 214 432 71 8 215 112 243 224 33 191 10 430 30 274 23 160 190 131 239 72 202 220 176 350 214 205 85 335 178 449 125 141 130
58 25 3377 445 250 344 158 492 169 191 182 30 120 313 53 495 223 477 63 415 178 282 90 130 97 147 66 431 74 14 55 66 245 65 88 259 159 358 199 442 137 421 5 42 17 227 135 243 141 152 23 274 93
59 25 2852 152 120 91 217 300 164 82 104 81 76 205 248 265 214 406 224 264 97 360 36 453 3 302 31 490 147 171 243 419 46 85 70 165 176 138 66 191 219 170 22 396 226 121 160 41 26 133 157 224 94
60 25 3299 192 29 449 96 59 188 242 82 430 12 377 116 433 144 393 70 209 84 140 230 207 137 456 179 46 246 204 30 4 29 225 48 307 173 218 212 486 49 243 247 27 211 429 170 353 100 129 38 341 108
61 25 2976 346 227 165 24 124 13 79 5 16 210 81 63 368 106 307 85 67 42 235 162 140 12 122 170 33 76 121 161 114 63 371 61 391 35 335 14 399 15 370 165 474 201 329 92 408 136 278 224 279 13
62 25 2764 487 169 126 210 190 158 286 61 171 1 123 143 61 14 427 247 379 76 12 101 92 87 403 170 30 60 55 58 135 84 172 122 104 149 81 145 306 116 455 78 468 180 220 29 295 249 275 25 176 138
63 25 2942 125 17 327 27 38 106 188 93 15 73 278 186 444 233 186 126 377 242 242 184 171 209 113 141 89 157 389 216 283 166 205 158 182 31 286 219 387 224 163 3 296 190 291 91 24 226 466 151 319 207
64 25 3135 84 240 268 48 380 208 306 120 423 88 35 128 495 68 10 133 286 248 106 51 1 3 92 41 343 116 118 58 368 187 367 201 426 236 498 157 193 155 276 218 242 162 447 89 229 206 221 116 56 76
65 25 2699 166 56 78 8 198 22 225 65 79 92 103 195 42 28 430 141 184 123 45 61 442 138 472 138 226 52 195 48 418 250 475 185 157 52 44 104 175 18 21 4 211 123 104 3 480 244 38 204 390 99
66 25 2726 395 130 172 32 105 76 328 153 345 78 229 29 234 133 175 190 307 192 460 60 153 184 110 6 288 89 102 76 42 93 26 186 74 49 69 179 124 248 433 218 325 161 99 161 293 23 350 202 214 161
67 25 3543 11 218 446 120 326 234 208 29 59 101 473 186 388 47 484 206 77 108 204 111 427 130 373 25 290 18 297 139 469 113 151 229 432 97 99 7 330 158 387 240 259 110 27 146 406 10 454 232 9 92
68 25 2736 248 138 214 22 30 231 421 20 51 33 171 30 119 230 323 50 137 209 391 247 68 167 393 75 278 198 158 99 206 101 346 195 417 219 326 249 389 96 50 171 368 79 237 88 58 59 46 17 27 43
69 25 3150 187 45 37 11 424 86 169 22 291 121 219 87 287 188 265 36 76 212 335 99 329 163 18 72 245 154 363 32 49 178 251 162 101 86 432 123 478 52 341 65 89 130 181 124 456 142 208 156 470 222
70 25 2619 92 89 145 86 492 113 198 125 226 247 52 226 158 4 312 191 478 141 242 171 57 80 50 237 203 107 378 12 262 199 85 103 37 229 188 130 238 4 169 86 157 246 345 13 159 35 490 50 26 160
71 25 2455 356 106 210 93 410 66 470 24 180 21 108 32 57 87 72 187 280 161 42 50 496 51 295 90 415 56 124 154 105 149 64 62 125 154 118 42 226 141 73 246 100 207 154 38 28 192 67 188 336 218
72 25 3232 35 238 365 124 152 170 497 55 274 247 470 85 353 196 341 72 488 168 314 162 163 163 368 168 201 145 110 119 434 195 337 70 182 53 193 83 222 41 239 245 38 209 431 242 154 123 63 243 40 126
73 25 2308 405 202 140 22 222 90 19 81 311 54 127 249 124 160 51 168 344 22 209 82 118 246 142 150 487 46 23 151 62 128 396 116 267 168 337 209 38 19 121 193 145 119 168 54 169 86 147 42 44 80
74 25 3401 261 141 222 160 479 17 182 129 8 96 358 154 211 226 423 47 286 62 65 156 4 61 376 172 216 146 359 112 187 152 441 197 394 14 459 122 382 140 250 140 87 209 145 47 434 67 195 72 378 9
75 25 3269 477 233 171 205 256 136 100 114 99 139 367 40 437 10 53 145 131 37 387 232 176 223 190 70 270 226 238 214 399 115 75 125 199 245 431 205 483 31 420 81 169 37 472 105 398 127 29 163 112 88
76 25 3243 210 154 9 81 481 246 147 129 360 221 105 160 317 36 364 49 66 34 232 234 422 203 190 69 79 189 199 241 278 61 430 238 464 188 318 194 183 214 322 144 36 28 304 205 313 167 355 128 302 86
77 25 3505 463 75 289 153 394 219 193 92 460 221 402 139 310 217 327 229 12 111 443 185 255 80 410 34 275 178 389 5 230 76 319 54 114 73 49 83 368 141 144 190 32 249 210 227 474 173 271 159 177 203
78 25 3246 121 86 486 247 13 226 103 94 52 172 250 165 96 48 349 213 290 242 152 184 376 2 498 187 331 221 359 203 481 137 405 203 324 141 200 87 116 154 282 19 427 31 36 23 181 134 337 220 228 91
79 25 3580 5 205 342 2 243 24 473 102 477 203 340 131 406 164 123 207 352 91 110 133 109 139 16 246 411 196 380 247 165 209 439 170 265 133 171 7 156 245 460 234 448 50 365 205 315 89 161 166 429 122
80 25 3287 150 140 10 17 385 22 212 116 371 229 426 59 250 190 441 22 49 199 267 8 432 66 159 148 122 223 487 134 138 17 107 140 8 117 156 245 240 220 360 110 448 138 419 49 179 211 320 227 438 235
81 25 3325 443 105 393 90 476 116 76 109 355 195 216 96 202 184 2 48 423 73 158 33 20 147 303 170 325 115 239 52 376 29 138 68 383 30 407 109 247 85 319 204 29 34 299 82 69 50 380 242 372 139
82 25 3136 376 243 387 30 14 211 394 3 262 19 281 1 438 163 345 123 379 179 192 82 59 225 131 242 294 32 223 137 6 111 364 100 497 143 114 60 138 116 173 157 498 174 196 12 56 40 385 184 70 76
83 25 3129 118 230 152 248 472 47 29 194 285 136 157 148 486 5 40 99 416 178 316 89 436 165 364 131 176 169 23 162 204 92 339 71 72 93 68 145 139 199 440 26 186 198 423 171 305 65 121 220 492 186
84 25 3030 160 29 100 23 261 128 441 33 391 247 375 230 317 48 72 237 192 62 37 233 337 222 431 112 245 235 426 115 454 19 153 114 47 104 488 57 231 31 90 122 277 66 203 195 113 24 33 156 187 69
85 25 3052 490 24 143 170 487 239 154 162 103 210 180 107 425 78 211 14 384 43 44 75 266 172 492 218 117 206 93 149 111 30 70 101 155 212 372 141 450 128 404 154 189 83 11 113 160 73 228 145 365 22
86 25 2865 72 131 443 63 450 59 19 145 60 231 174 129 433 180 340 157 172 141 34 75 396 222 9 156 186 20 478 163 266 195 36 87 177 229 252 126 389 122 20 198 454 45 76 239 267 145 247 9 280 173
87 25 3465 155 103 181 162 390 200 242 154 466 38 190 154 464 20 405 89 408 128 461 208 332 107 135 172 433 152 316 31 12 197 204 18 151 236 282 40 436 23 193 3 310 234 406 125 253 163 65 13 40 25
88 25 3130 220 223 234 104 144 18 107 61 48 119 257 103 488 157 339 19 298 126 143 93 378 54 76 33 428 181 445 243 193 235 369 14 207 102 117 203 471 224 13 19 194 122 473 33 28 163 302 178 288 194
89 25 2826 20 165 248 197 300 27 127 244 19 171 80 240 434 139 341 153 164 228 205 34 23 76 6 55 206 169 356 133 308 152 254 223 251 200 272 27 179 117 148 201 299 137 487 39 79 139 481 242 366 185
90 25 3426 275 138 11 133 442 216 153 150 450 210 301 203 284 153 254 55 179 34 274 178 485 174 64 73 212 245 211 192 236 76 376 113 315 238 347 108 453 249 257 4 458 159 308 242 163 164 148 194 197 23
91 25 3267 371 33 196 37 355 157 281 65 98 118 492 76 82 158 63 178 266 118 426 124 121 134 135 31 477 47 194 226 490 140 249 213 275 194 499 129 203 29 46 50 498 139 80 149 40 7 164 9 433 139
92 25 3070 231 168 375 11 144 172 204 221 13 196 219 225 220 15 223 200 217 103 97 118 351 88 345 180 236 236 436 1 494 118 139 76 387 14 87 132 37 142 353 49 71 24 306 187 348 108 153 201 454 21
93 25 3174 403 41 217 82 26 202 267 26 297 237 372 123 132 60 255 168 452 209 216 38 29 91 196 216 41 53 470 241 358 92 143 149 58 76 361 194 154 157 430 170 381 155 51 42 261 70 493 219 285 133
94 25 2729 99 228 78 64 18 232 386 110 339 227 104 89 285 31 365 145 224 120 154 154 289 136 160 191 427 170 260 22 138 146 236 225 231 152 94 212 37 55 402 115 10 241 251 40 457 146 14 76 401 19
95 25 2997 466 138 178 156 416 97 267 187 86 14 340 71 91 172 324 184 485 212 387 77 100 127 77 140 83 74 403 10 76 171 225 213 98 232 129 46 498 167 131 113 7 53 305 30 127 91 265 88 431 3
96 25 3798 16 30 129 93 271 63 268 25 322 94 445 148 408 144 388 41 478 55 421 90 413 224 145 44 202 87 308 39 267 60 407 148 290 101 419 204 118 193 377 63 240 24 221 133 402 210 276 129 366 196
97 25 3059 71 130 271 67 174 222 403 231 363 169 143 19 316 182 119 234 488 88 29 114 401 18 138 223 252 141 432 27 270 150 75 192 279 95 258 202 169 160 285 31 180 177 151 97 210 121 433 197 208 211
98 25 3153 413 108 228 50 80 81 440 114 358 61 365 34 252 143 128 9 447 148 20 231 30 51 9 180 398 70 152 80 119 110 290 31 467 119 432 149 199 223 114 158 284 228 191 137 472 171 248 168 170 17
99 25 2642 200 68 8 231 67 180 383 146 48 242 37 78 60 7 361 60 307 83 275 215 218 104 257 105 76 29 352 95 449 118 345 148 287 204 230 103 133 214 100 180 57 136 109 219 244 71 278 51 404 155
100 25 2628 117 121 8 123 225 83 152 178 428 100 398 124 99 184 327 180 389 62 144 238 343 200 476 202 20 219 124 48 269 27 54 135 61 110 76 246 113 4 275 64 401 148 14 186 193 176 387 188 164 230
101 25 2391 240 241 33 9 61 156 56 80 35 211 66 34 22 27 461 17 139 214 143 202 216 40 215 4 115 10 179 104 447 194 83 186 184 217 445 245 122 102 426 156 313 93 41 84 222 2 202 110 317 94
102 25 3161 414 135 235 230 388 201 239 66 54 186 260 238 223 45 454 167 391 76 371 66 83 183 11 124 368 232 477 69 443 43 264 106 29 248 188 166 198 176 334 2 463 195 38 239 193 204 130 120 74 47
103 25 3100 202 108 159 177 475 140 5 145 333 48 158 40 326 155 227 94 205 5 427 58 319 121 398 106 461 192 60 192 61 235 91 115 93 249 143 169 491 148 314 175 297 73 214 224 330 43 67 34 345 193
104 25 3248 467 67 90 73 28 134 234 71 296 218 411 160 162 160 405 183 2 52 246 176 200 170 389 25 249 33 444 32 181 38 326 148 355 166 470 234 299 203 54 94 272 67 356 36 328 112 218 79 15 65
105 25 3230 4 214 86 244 238 85 129 181 468 59 321 44 456 27 61 27 260 211 479 165 156 103 481 113 240 160 474 59 488 238 123 93 53 208 87 143 394 215 175 112 375 245 155 81 373 67 107 234 277 188
106 25 3407 1 182 392 231 295 131 493 18 439 230 108 163 323 12 472 11 154 218 327 79 79 201 175 85 383 150 151 92 279 29 210 22 216 106 4 208 476 44 187 83 206 111 446 29 473 100 246 49 280 176
107 25 2967 454 10 382 103 262 223 88 142 353 220 102 226 185 59 229 244 284 22 283 218 79 143 164 210 116 115 205 16 394 233 265 199 344 249 404 106 73 241 349 176 312 200 151 99 111 232 92 144 253 124
108 25 3315 464 184 369 127 143 86 241 199 101 134 431 116 184 25 216 87 232 38 77 80 213 139 382 216 237 242 447 180 385 51 54 200 234 172 326 228 257 168 427 209 403 107 74 87 131 141 173 214 429 102
109 25 2871 294 243 342 27 208 78 18 6 257 4 409 162 454 244 435 131 222 43 49 148 252 53 4 75 389 237 318 164 52 246 15 95 238 106 223 48 285 240 155 143 346 63 55 49 57 91 281 28 384 181
110 25 3050 277 135 484 30 311 224 118 128 137 170 373 3 366 213 210 89 260 96 180 16 239 25 329 145 175 237 485 58 368 238 142 2 471 23 165 47 243 42 183 162 17 38 129 229 99 217 90 195 249 105
111 25 3204 35 23 31 50 123 15 107 90 235 94 333 88 417 106 252 213 200 146 497 213 412 136 91 140 485 160 479 31 408 185 315 32 220 95 331 194 211 39 34 47 366 237 151 73 340 215 22 235 313 234
112 25 2581 146 51 427 35 387 86 365 167 493 152 333 24 473 29 207 166 239 245 51 138 81 167 124 83 91 65 47 215 50 212 300 195 262 226 82 148 311 48 166 155 199 248 31 171 26 237 189 116 83 239
113 25 3388 355 164 7 80 246 98 145 145 62 194 208 213 240 71 439 71 320 101 471 235 256 21 334 138 192 211 226 232 326 160 470 181 175 227 362 171 426 6 417 89 199 226 51 189 296 239 111 115 442 183
114 25 3067 451 49 454 136 186 145 346 13 228 171 422 197 203 97 25 65 369 52 70 137 140 121 112 191 411 157 31 123 373 222 306 175 372 9 310 57 255 155 171 232 177 93 30 232 189 157 296 57 208 217
115 25 3811 193 98 189 156 390 99 414 22 472 138 96 129 312 217 387 223 376 141 127 46 474 155 138 3 386 178 409 33 86 117 250 130 316 40 285 57 389 198 328 212 335 173 340 248 242 226 470 117 218 198
116 25 2715 14 191 103 4 193 90 181 204 373 17 422 224 248 89 263 33 145 151 82 74 214 167 99 53 266 90 130 236 308 199 35 173 389 239 176 184 329 209 387 201 327 160 26 74 288 208 392 41 40 215
117 25 3051 4 58 313 159 73 4 390 160 163 89 195 86 329 183 11 12 219 250 63 45 159 88 471 8 228 178 149 18 467 216 373 126 380 31 199 236 23 108 398 213 404 233 291 189 244 155 301 64 256 114
118 25 3499 211 17 303 181 24 30 460 25 399 177 240 22 52 221 404 102 206 28 312 104 67 86 383 5 431 139 306 97 394 21 307 12 323 89 36 205 298 60 455 76 151 226 480 223 482 81 31 9 244 134
119 25 3888 351 61 321 233 315 104 223 120 200 116 492 108 128 65 196 15 371 95 426 75 421 178 403 150 400 236 332 180 346 178 415 196 238 236 280 154 191 2 376 140 470 117 247 97 33 44 463 5 138 138
120 25 3118 80 58 315 84 309 66 69 243 496 16 420 12 462 9 349 93 264 39 95 241 280 64 210 128 12 242 171 224 497 161 213 178 218 27 113 129 444 33 371 41 298 142 53 111 2 151 204 15 292 150
121 25 2702 108 71 213 67 449 76 58 221 401 156 131 113 185 201 491 47 79 184 181 51 225 229 294 27 441 147 29 144 263 70 293 120 243 107 186 43 284 96 13 184 1 144 148 38 196 240 126 174 367 28
122 25 3321 197 71 128 137 217 156 133 229 328 27 201 70 134 136 112 19 481 226 305 84 471 202 223 166 442 158 291 217 126 68 216 174 490 93 311 58 350 45 389 177 71 89 98 56 474 61 325 57 129 242
123 25 2992 359 182 66 25 373 75 167 89 451 235 156 124 76 248 286 134 200 80 22 228 3 110 326 58 435 238 234 93 478 112 436 87 294 1 213 18 379 209 128 215 114 103 41 112 389 174 311 70 47 38
124 25 3371 322 156 215 232 442 55 465 35 282 179 470 74 323 182 341 250 413 49 127 229 229 121 376 219 146 38 289 192 427 212 199 142 45 141 298 112 175 79 40 246 401 113 170 82 55 21 346 206 147 75
125 25 2815 118 228 47 95 196 193 382 86 384 58 150 83 301 46 223 98 407 249 29 196 96 179 160 118 362 67 138 60 272 137 486 241 364 32 85 161 224 68 99 210 477 100 42 28 145 116 227 154 216 107
126 25 3262 201 163 387 213 280 101 279 20 160 50 406 145 290 121 28 226 383 2 395 83 211 121 284 104 281 219 227 184 286 185 384 198 72 96 80 172 374 99 183 25 106 179 416 78 206 243 460 59 145 121
127 25 3318 258 178 474 109 208 44 187 141 181 122 127 129 443 222 60 216 448 10 148 74 217 178 342 44 383 84 105 44 221 249 414 80 177 240 290 134 135 227 275 66 348 3 296 142 326 105 107 23 466 106
128 25 3171 199 182 283 40 327 17 373 181 60 195 180 76 126 106 65 166 91 51 392 217 366 91 469 161 232 45 367 190 419 184 295 117 365 179 8 191 445 131 122 107 177 153 34 155 360 200 422 200 165 167
129 25 3065 366 5 135 128 338 179 97 27 200 30 321 66 497 101 324 39 397 56 160 3 84 164 138 90 23 87 11 223 87 27 491 54 133 125 181 220 406 129 496 105 409 168 272 155 268 197 295 165 2 205
130 25 3403 269 188 470 9 27 243 345 140 317 33 268 57 86 151 283 119 222 40 247 218 496 7 237 18 263 107 66 58 373 170 364 243 357 83 251 235 177 96 476 243 378 244 151 214 286 184 217 75 180 36
131 25 2603 321 187 23 190 301 129 357 108 251 26 221 243 132 54 494 219 82 191 194 177 318 39 77 133 284 112 66 1 39 98 286 211 136 160 150 186 38 6 294 140 134 116 235 117 419 228 335 103 20 131
132 25 2460 279 189 169 207 174 55 69 239 157 209 188 44 323 204 170 111 343 175 404 233 308 19 217 175 40 46 111 244 167 241 22 105 12 228 28 168 148 119 324 208 306 117 126 231 70 45 443 15 322 198
133 25 3857 247 231 318 65 257 209 462 118 452 128 210 75 334 73 405 112 240 154 332 63 362 239 32 237 469 203 282 13 217 103 460 65 435 28 481 192 338 44 59 40 273 120 114 107 193 120 468 34 274 151
134 25 3018 199 135 139 230 121 108 34 4 222 1 208 182 417 143 311 250 334 148 43 244 289 66 363 5 422 157 124 241 191 147 391 139 31 29 470 4 488 3 257 210 105 67 243 124 459 53 123 144 52 165
135 25 2667 239 91 480 203 95 3 360 218 493 152 115 235 142 247 264 213 103 67 109 62 274 175 54 147 235 208 121 230 362 137 468 202 117 170 148 221 131 217 66 32 183 50 25 180 415 237 31 18 304 139
136 25 2828 181 77 415 87 75 149 44 195 230 7 331 197 458 49 117 207 20 247 174 187 131 106 236 155 387 151 142 168 297 158 200 123 323 36 299 73 182 243 53 188 175 101 248 224 217 204 345 66 377 133
137 25 3008 446 85 368 100 471 120 93 240 241 139 148 191 113 72 226 161 496 9 255 150 197 180 1 194 217 249 451 32 228 185 329 62 302 179 134 24 21 124 264 12 56 124 342 134 137 189 392 243 89 190
138 25 2470 24 89 235 28 305 234 80 189 461 14 17 124 168 47 257 43 170 130 158 181 2 214 156 195 199 42 384 90 35 222 30 58 60 116 188 216 349 119 404 161 485 23 284 4 69 143 46 238 374 55
139 25 2874 20 126 268 176 70 216 319 203 408 205 424 39 263 85 404 52 51 105 272 56 117 108 430 3 111 101 145 8 440 18 63 210 245 182 135 65 305 119 259 10 395 47 124 229 302 175 131 8 48 39
140 25 3197 375 156 218 127 118 68 123 126 8 140 40 217 237 221 453 51 72 7 21 80 266 165 228 241 496 30 165 228 287 65 13 220 484 139 337 153 261 64 410 3 353 228 489 176 180 141 497 39 263 179
141 25 3051 406 30 147 127 287 163 354 176 79 222 438 48 455 77 487 209 189 152 119 43 5 198 281 180 230 23 278 18 138 206 275 167 214 23 43 250 288 248 425 116 219 113 16 25 291 104 234 229 204 22
142 25 2980 9 151 404 40 130 29 420 249 416 227 126 82 440 250 476 42 37 223 68 5 442 32 270 216 72 123 51 153 479 4 26 90 155 31 129 136 59 150 487 76 127 112 259 168 361 234 61 250 457 129
143 25 2941 4 250 410 23 67 84 247 118 236 77 371 113 416 127 393 147 365 54 296 101 129 24 314 138 44 174 473 104 275 31 232 28 382 244 402 199 327 250 66 164 77 38 26 94 17 20 240 131 73 138
144 25 3652 231 54 13 44 293 56 69 15 160 94 398 243 473 29 236 125 227 164 226 144 327 52 432 204 498 198 326 237 180 148 476 160 303 239 305 95 396 225 212 55 420 109 298 143 387 33 119 216 299 94
145 25 2564 109 125 498 142 181 97 191 6 435 120 255 161 131 58 251 37 152 146 12 215 201 33 323 100 27 62 234 247 32 193 135 9 42 129 189 138 69 46 322 41 300 84 421 209 334 208 213 82 71 177
146 25 3789 384 205 250 233 232 61 466 80 189 100 272 175 358 63 53 148 200 224 443 124 264 94 457 184 303 143 243 15 474 165 293 107 370 42 441 203 204 8 32 142 107 156 419 214 468 221 213 20 444 155
147 25 2945 245 59 101 201 95 5 195 87 121 168 354 163 376 223 307 66 27 10 74 160 254 180 65 24 496 135 494 208 256 40 215 250 348 65 52 44 421 247 131 41 266 234 453 142 58 9 457 186 30 95
148 25 3016 226 62 262 249 57 146 94 116 253 235 330 2 435 246 155 228 416 151 358 206 19 193 261 160 102 121 116 37 343 248 234 68 59 245 168 217 492 12 434 244 496 116 347 32 111 1 10 129 254 219
149 25 2785 186 22 264 48 431 115 169 148 254 11 247 89 305 83 98 123 176 211 57 169 59 172 117 90 134 117 349 114 222 68 50 95 331 97 127 47 367 127 152 128 123 240 308 30 174 7 402 99 468 60
150 25 3516 119 128 333 235 217 69 204 168 182 27 485 83 122 167 430 100 65 46 476 69 25 99 58 184 230 84 441 233 432 10 293 153 489 227 205 45 192 122 329 71 458 161 294 226 340 143 393 238 221 211
151 25 2800 364 171 18 48 400 101 340 132 385 99 26 139 87 3 127 143 149 171 117 227 491 74 388 34 402 79 28 44 418 248 254 32 123 79 169 76 168 51 312 118 76 200 56 180 198 79 98 166 407 88
152 25 3160 240 44 371 243 225 1 286 142 498 141 423 18 13 1 436 88 270 236 399 239 414 200 294 93 128 94 273 225 9 180 313 100 325 35 92 49 285 229 191 135 119 215 402 132 68 87 71 87 175 72
153 25 2891 76 88 21 221 282 148 64 157 373 73 86 37 24 12 423 116 311 208 196 103 194 65 317 95 298 134 283 220 221 207 41 148 396 164 368 30 61 182 436 35 356 123 321 231 134 96 198 46 303 144
154 25 3354 148 98 60 215 442 209 348 224 428 170 181 71 67 178 234 185 457 44 218 244 431 175 116 103 155 102 198 205 397 102 98 45 199 9 361 140 217 208 364 144 128 146 464 194 175 49 480 234 343 49
155 25 3676 227 125 325 195 332 148 425 36 44 26 485 190 475 243 300 114 209 110 329 102 487 76 168 32 103 68 364 86 410 14 312 34 89 108 113 22 5 37 307 151 291 192 286 33 344 2 491 203 432 194
156 25 2690 41 110 213 174 462 31 139 47 42 153 210 178 343 68 40 114 424 76 272 74 239 62 16 127 196 109 128 38 61 161 83 203 270 46 376 83 428 15 481 71 269 191 248 111 110 139 224 33 66 245
157 25 3891 357 55 408 224 181 103 82 160 492 244 422 74 446 44 369 173 126 148 39 209 469 57 1 68 417 110 207 242 494 124 338 202 428 245 425 210 199 108 471 190 203 245 264 250 288 234 173 15 484 211
158 25 3080 223 202 370 223 371 36 184 179 278 178 53 217 231 82 212 8 144 12 365 114 304 68 358 169 67 145 402 91 262 237 154 234 188 23 59 161 160 242 339 39 271 141 256 2 319 9 366 182 225 81
159 25 2938 235 42 41 153 211 37 407 153 298 143 158 134 183 180 192 93 433 33 480 56 174 87 57 248 405 167 465 87 141 147 423 35 187 76 347 224 334 101 21 78 9 154 10 40 197 204 231 130 237 63
160 25 2709 185 12 149 93 361 156 325 242 1 221 164 137 10 91 483 233 424 84 105 2 194 111 113 233 307 169 464 38 7 128 324 18 26 166 128 33 304 24 129 126 40 117 135 232 452 219 258 35 330 184
161 25 2759 325 62 92 243 377 130 249 4 203 118 132 221 347 164 98 2 290 78 128 181 195 114 162 146 333 21 282 156 131 111 441 206 24 32 50 151 263 49 6 216 18 239 288 115 403 135 366 44 315 95
162 25 3201 224 9 459 237 6 41 8 139 298 240 101 238 445 124 121 245 376 134 145 132 201 162 370 238 378 124 244 167 38 190 242 148 398 229 403 188 338 143 485 77 493 74 124 219 47 220 344 32 114 77
163 25 2943 482 127 299 71 357 172 44 202 441 184 391 182 331 39 12 86 476 99 478 63 28 73 238 151 291 34 120 134 65 85 63 148 211 111 218 67 134 114 370 176 47 11 108 229 49 221 314 126 320 144
164 25 2630 40 97 466 28 497 6 61 218 241 228 52 53 375 114 15 195 33 149 58 152 74 206 162 33 184 62 4 248 438 73 493 227 21 208 254 119 213 167 336 203 496 239 108 222 352 122 166 236 122 75
165 25 3011 138 196 382 151 80 66 213 83 415 150 257 157 126 27 364 232 497 178 250 184 232 97 422 89 318 24 461 86 9 184 410 248 129 144 149 209 209 111 143 225 362 150 233 89 28 96 25 125 171 208
166 25 2785 106 17 482 47 85 5 109 22 115 42 181 215 171 74 465 231 384 75 373 210 38 124 442 126 152 139 298 28 263 218 87 221 68 17 23 174 125 44 289 166 326 105 188 2 69 20 237 245 495 197
167 25 3122 282 118 388 157 121 27 306 148 391 126 235 111 212 52 127 86 476 103 379 116 56 72 160 159 140 180 146 236 424 92 17 41 479 25 14 107 331 161 498 58 395 108 19 49 87 206 376 189 186 93
168 25 2529 161 241 414 71 150 155 250 45 140 25 238 156 417 68 32 180 175 214 91 172 21 87 131 141 237 217 346 112 258 31 306 168 124 219 125 123 339 169 262 113 8 19 132 75 301 61 249 116 151 22
169 25 3720 387 90 403 27 428 221 475 40 80 5 345 100 128 166 439 104 38 28 22 152 492 131 272 123 456 174 184 56 290 186 328 176 377 82 304 55 404 28 196 234 135 142 333 114 307 123 218 197 400 91
170 25 2920 200 244 472 221 218 29 247 151 334 36 439 13 63 167 94 218 471 248 496 18 333 232 410 17 95 68 139 62 116 141 255 167 134 226 138 101 4 134 104 189 271 144 202 185 60 45 402 133 144 249
171 25 2833 400 78 230 161 196 75 81 85 488 196 77 242 363 62 319 102 264 174 87 117 209 112 64 143 24 210 294 156 206 145 157 33 124 68 229 50 250 165 140 195 491 131 159 52 52 112 315 225 448 34
172 25 2937 439 8 145 2 400 20 64 46 425 19 440 184 153 63 103 233 215 102 147 104 148 239 86 57 392 137 20 59 214 70 92 152 327 88 6 227 108 69 272 134 189 63 317 193 477 169 426 191 270 174
173 25 2955 44 20 413 232 76 156 118 197 214 183 266 55 335 93 245 192 319 204 112 192 87 50 356 6 492 82 174 19 375 46 193 20 65 207 251 242 221 188 326 153 204 232 89 148 226 30 318 31 391 111
174 25 3184 220 42 466 225 386 149 154 23 147 198 145 211 395 54 118 217 344 193 370 149 424 60 46 2 90 113 134 82 473 103 226 40 179 213 438 179 116 63 177 166 457 138 171 203 293 38 170 136 230 141
175 25 3249 386 6 200 181 359 141 145 242 325 117 197 50 258 125 12 196 53 229 360 230 144 168 469 167 370 113 454 39 101 184 281 236 41 231 417 149 473 61 390 47 30 188 346 37 313 209 334 217 40 45
176 25 2728 298 35 212 118 201 82 231 155 472 183 338 105 168 230 85 186 128 57 349 119 354 128 307 51 16 119 112 202 187 151 246 235 185 60 102 136 243 184 40 66 366 229 170 136 310 106 321 187 15 169
177 25 3508 157 220 398 213 270 16 433 233 467 120 383 64 456 170 225 159 305 217 93 196 33 60 276 54 195 85 160 16 373 174 36 29 393 36 344 14 51 128 247 119 99 231 284 54 400 9 463 56 475 55
178 25 3857 103 109 364 230 265 161 166 174 426 38 449 63 419 193 98 12 206 148 389 54 368 238 137 152 393 36 160 105 444 236 261 148 345 227 128 211 387 43 384 164 183 184 476 101 376 176 362 183 425 102
179 25 2941 89 43 441 225 444 84 112 103 188 55 88 199 453 34 425 182 244 163 224 229 326 156 14 51 358 241 78 71 26 3 173 114 295 215 338 238 298 51 192 88 356 131 286 160 267 62 91 112 76 166
180 25 3393 193 151 424 206 53 31 299 131 352 74 133 126 437 177 340 126 16 138 426 59 475 133 189 112 292 57 25 234 169 202 400 111 323 168 256 103 216 136 306 39 370 181 327 148 373 202 163 112 230 73
181 25 2848 188 112 262 49 6 68 175 239 88 126 138 50 329 62 218 84 267 183 470 72 324 191 105 150 339 227 102 103 190 183 426 127 44 39 27 49 458 201 140 46 178 27 345 108 89 62 441 207 347 12
182 25 2622 278 170 453 234 171 143 62 124 495 1 306 170 127 100 458 153 250 166 205 139 313 234 18 157 91 208 71 134 164 19 145 43 290 199 27 210 88 84 86 191 241 107 169 192 167 72 192 184 378 182
183 25 3051 246 112 449 4 54 156 176 187 69 194 434 214 85 234 240 45 177 179 480 114 221 220 470 140 162 136 63 205 440 136 166 153 437 170 309 92 95 97 263 141 30 226 475 116 67 121 292 97 202 155
184 25 2316 318 24 226 59 287 112 121 241 282 162 478 198 315 164 219 225 108 165 71 120 55 203 197 132 68 115 104 109 211 56 115 130 79 90 438 115 53 58 207 85 322 184 134 136 98 102 110 57 16 32
185 25 3562 426 173 484 224 304 51 440 157 261 2 64 125 234 244 215 171 358 119 81 166 453 152 100 188 389 49 289 100 105 157 381 132 79 115 207 234 267 248 492 28 499 56 254 232 49 70 255 9 439 85
186 25 3236 174 243 88 125 181 78 25 219 177 231 477 159 214 55 125 170 140 244 417 132 271 18 187 126 499 87 196 105 345 134 291 121 228 128 347 158 205 122 229 233 352 205 494 66 112 118 337 1 361 106
187 25 3257 234 233 225 22 359 75 406 180 55 141 470 27 118 200 124 26 404 245 106 239 198 60 482 115 273 201 304 24 164 159 257 146 133 29 356 59 239 113 238 43 3 208 70 223 407 45 498 162 391 205
188 25 3073 2 88 264 85 55 37 286 108 412 199 118 20 446 102 400 154 160 138 266 148 283 121 457 204 93 215 248 90 376 138 396 128 77 159 212 131 47 99 340 60 149 59 330 95 410 81 100 172 219 115
189 25 3148 171 103 485 127 56 77 193 155 18 68 144 163 297 220 424 111 203 72 209 144 132 108 313 54 464 143 255 237 463 119 407 65 456 135 222 134 77 126 254 247 19 166 293 91 441 5 263 66 38 246
190 25 2844 423 240 410 78 56 52 332 42 117 52 51 181 257 37 5 243 364 130 246 212 251 13 356 91 204 111 485 68 426 124 415 200 114 74 129 21 125 210 312 241 113 214 24 222 1 28 214 216 259 209
191 25 3320 427 111 221 32 53 26 494 139 445 169 263 109 470 228 182 98 248 159 409 161 251 22 125 126 95 125 5 58 192 116 118 118 476 190 381 216 245 19 262 15 383 223 337 110 6 36 357 164 195 18
192 25 2696 267 68 244 244 162 220 101 71 411 216 438 130 43 127 130 173 444 226 44 58 93 176 30 179 36 35 214 244 51 10 363 169 327 106 412 90 177 12 160 189 79 199 318 224 428 50 396 223 25 41
193 25 3077 280 219 217 59 249 104 196 213 199 246 74 62 414 3 19 177 92 196 41 104 486 221 404 54 444 81 103 90 54 127 482 185 448 50 494 196 153 41 10 204 286 84 265 51 336 135 227 29 182 17
194 25 3350 234 168 238 138 471 33 320 73 224 123 51 206 410 248 255 5 46 10 295 55 463 80 138 79 130 75 213 208 456 145 327 189 62 166 178 134 448 248 308 172 222 108 377 131 208 233 385 3 242 31
195 25 3337 159 56 110 47 134 91 473 199 299 178 93 227 469 6 392 248 241 89 495 48 10 69 257 238 51 66 221 38 68 64 318 227 370 30 375 105 199 155 20 127 349 246 447 104 387 194 446 78 291 243
196 25 3147 87 211 250 177 261 167 249 150 337 62 218 63 283 247 289 240 487 144 90 215 243 85 411 198 324 207 394 151 497 238 339 59 15 171 256 13 71 92 177 38 6 209 136 44 448 205 132 194 294 97
197 25 3121 436 231 359 133 54 65 128 56 413 116 144 73 204 11 494 209 273 64 50 51 203 55 260 190 200 59 394 82 104 40 280 39 270 138 274 175 55 151 480 69 266 123 142 220 133 135 428 8 198 228
198 25 2945 410 150 384 21 89 84 432 84 267 35 373 46 74 244 183 97 168 237 247 147 56 13 122 49 482 106 261 215 380 90 125 131 474 145 71 159 76 154 175 213 129 220 36 122 254 234 142 93 480 38
199 25 3497 250 94 261 48 177 117 480 188 433 211 379 159 341 204 406 13 112 231 166 138 443 146 209 80 120 213 63 11 305 145 400 156 238 161 203 165 34 204 311 244 434 72 436 138 477 198 101 59 215 239
200 25 4065 104 111 447 183 480 11 348 92 417 242 491 72 479 151 376 245 381 159 300 44 4 234 115 189 371 91 488 221 399 203 61 2 415 110 287 246 120 134 337 139 375 77 210 205 330 188 450 62 346 101
201 25 2311 105 100 334 71 140 56 161 230 379 162 34 41 265 198 150 51 45 122 184 131 10 58 59 71 263 240 8 64 302 104 164 8 55 100 329 46 257 91 25 135 104 58 426 119 357 75 419 151 48 205
202 25 3039 133 57 364 44 128 228 283 135 393 186 340 57 194 144 258 124 440 14 66 66 1 170 374 176 390 82 352 160 483 150 114 217 308 80 10 185 307 43 70 200 80 159 108 125 155 217 498 196 230 166
203 25 3363 261 230 437 236 7 178 68 211 337 152 110 53 368 167 132 128 204 40 22 125 489 101 385 198 226 39 164 75 484 246 490 97 475 28 82 84 455 1 44 42 402 5 446 20 273 179 147 226 218 20
204 25 3650 100 59 120 235 358 95 375 22 272 211 267 113 307 93 391 240 426 95 241 71 488 244 325 35 263 98 213 11 425 33 280 127 193 2 361 50 448 87 71 219 297 189 332 205 134 222 195 59 418 37
205 25 2516 232 8 280 56 42 145 5 107 155 180 389 37 306 81 38 18 130 235 104 53 56 3 93 137 207 226 460 3 137 127 391 118 134 171 275 28 65 30 71 61 374 209 218 204 246 235 435 83 190 89
206 25 3179 138 44 432 126 353 157 335 105 293 63 496 12 49 18 287 76 434 168 61 106 330 184 65 47 387 162 133 173 244 72 12 233 468 193 460 70 451 146 276 96 209 21 107 7 140 245 184 73 14 244
207 25 3214 429 93 177 95 389 165 6 123 439 102 47 200 186 14 244 146 333 195 291 108 290 101 231 248 459 222 345 142 295 108 237 75 53 15 419 43 31 174 166 220 377 212 63 77 163 208 409 209 350 118
208 25 3061 350 201 450 97 159 172 441 153 318 151 389 244 203 6 14 97 36 39 12 107 166 75 276 228 151 40 435 161 136 131 199 86 432 45 347 205 88 249 272 90 239 117 144 244 380 240 132 169 354 238
209 25 3017 334 178 115 163 431 6 199 91 105 84 323 53 170 5 450 16 209 139 14 83 478 104 121 98 110 81 99 65 284 243 285 196 173 142 246 115 349 79 188 3 248 192 452 115 2 192 480 84 169 84
210 25 3070 385 141 283 65 103 113 265 167 134 150 11 20 447 183 162 192 400 10 270 87 12 18 380 66 484 233 359 214 67 130 399 53 20 181 117 224 145 131 391 28 132 151 48 78 436 61 269 85 422 38
211 25 3149 273 183 407 4 100 141 236 209 206 154 190 104 456 209 284 174 183 30 156 175 57 37 177 206 364 214 368 132 150 39 170 172 74 178 277 173 318 13 483 125 18 172 478 224 233 113 249 17 392 155
212 25 3178 43 51 191 219 108 55 35 226 38 184 264 59 458 87 487 234 362 156 98 94 31 116 368 8 441 202 121 189 218 114 445 10 164 136 330 22 42 114 247 181 400 112 490 209 199 226 294 60 483 142
213 25 3351 255 13 359 224 373 151 425 243 191 142 208 136 253 122 123 83 495 16 298 93 446 49 454 185 257 152 262 51 63 245 294 68 109 4 291 231 6 216 325 196 209 33 183 212 256 55 396 250 172 193
214 25 3460 342 118 94 45 404 100 299 166 252 111 262 147 178 120 400 71 203 155 388 27 453 198 411 237 409 166 144 54 415 65 349 6 432 44 403 86 143 201 353 247 61 216 91 187 43 13 389 49 2 18
215 25 2771 251 199 178 238 358 94 233 13 110 47 213 116 479 6 120 166 1 70 370 247 232 187 389 72 373 181 84 12 82 85 29 184 386 58 273 243 401 5 107 11 52 172 228 132 177 97 399 29 18 120
216 25 3628 275 249 306 164 71 178 446 6 291 129 443 69 63 78 377 85 422 129 192 130 491 243 51 218 476 80 416 124 108 35 493 133 34 150 398 206 327 93 313 118 74 5 288 136 434 16 322 207 145 13
217 25 2259 87 135 107 137 205 82 216 222 307 74 257 151 206 142 300 205 97 127 297 159 96 222 16 133 357 51 399 31 8 43 43 94 29 150 230 85 83 48 57 140 121 165 392 178 306 192 132 152 170 30
218 25 3379 162 15 2 177 147 210 330 45 240 87 439 33 430 70 284 11 404 218 308 62 459 30 476 101 457 133 42 88 386 211 220 48 327 221 76 223 282 155 370 22 241 160 156 22 479 189 33 235 8 192
219 25 2906 46 217 472 124 169 178 358 62 368 244 272 189 291 98 11 218 422 42 123 41 313 215 451 218 89 31 258 121 15 16 164 163 84 135 138 2 415 245 282 238 436 72 28 135 82 98 306 123 220 199
220 25 2420 38 36 399 5 374 31 115 96 46 130 10 208 315 144 95 66 410 191 230 43 179 165 114 58 49 195 155 206 420 124 154 207 12 154 461 135 435 177 231 82 306 92 141 222 87 87 37 247 27 118
221 25 2948 39 205 282 153 263 182 199 167 240 118 143 143 74 154 149 137 390 185 313 222 266 221 63 8 442 150 344 81 146 222 448 184 427 82 188 41 115 137 309 104 4 53 99 180 456 247 316 198 181 230
222 25 2992 169 48 302 232 55 244 233 250 426 128 471 225 413 249 158 203 289 23 339 200 126 194 252 76 123 208 322 40 257 104 122 175 151 173 8 57 18 240 443 219 129 20 234 127 177 186 301 126 467 29
223 25 3109 69 218 354 44 277 176 185 33 381 56 310 134 229 169 440 246 409 200 41 229 78 60 314 56 88 249 323 139 226 39 167 147 359 122 42 135 399 226 20 30 384 181 163 214 349 204 209 109 403 101
224 25 2499 338 82 12 151 138 202 2 210 340 79 101 108 225 209 81 16 445 230 344 66 259 227 496 23 190 95 78 250 453 231 203 142 164 214 145 51 165 248 113 106 76 213 65 153 23 146 418 217 125 11
225 25 3010 135 235 339 130 7 28 326 84 130 29 416 82 272 80 45 166 232 62 265 94 417 91 56 232 493 180 479 12 249 103 375 133 337 213 364 195 93 190 222 70 398 53 91 79 97 109 60 158 123 154
226 25 3019 427 65 311 10 307 93 238 171 341 192 295 223 380 109 438 74 451 127 55 172 446 202 224 139 280 173 247 90 182 221 95 108 36 7 367 194 349 206 114 41 147 10 115 26 119 53 69 179 6 241
227 25 3734 477 207 464 115 89 238 463 30 170 183 374 27 218 232 496 162 331 53 377 223 302 137 338 77 255 140 130 175 420 237 415 146 295 231 112 133 70 74 162 239 257 137 368 76 369 113 51 17 466 23
228 25 2853 318 204 110 247 60 101 126 234 271 112 1 18 406 83 130 141 152 55 302 141 163 189 258 239 409 222 77 209 488 144 231 56 347 193 43 29 492 165 242 242 183 249 74 164 139 225 218 43 467 233
229 25 3959 333 224 221 241 47 149 199 35 43 31 192 241 473 95 499 118 475 240 384 216 481 168 214 156 81 205 130 151 497 199 235 79 24 205 421 71 455 119 457 99 399 250 442 224 344 190 443 170 429 76
230 25 2847 385 11 244 200 166 176 6 147 178 104 95 162 182 119 218 102 189 25 72 247 373 73 496 64 398 191 253 90 360 33 17 96 293 112 397 208 140 153 105 169 256 51 433 40 169 150 243 209 26 167
231 25 2987 205 149 489 200 64 136 390 169 77 249 201 93 196 96 57 93 155 196 495 9 364 102 162 46 243 80 298 236 391 73 152 95 73 242 295 137 377 36 157 55 137 209 249 82 54 55 424 209 270 69
232 25 3008 216 224 480 113 466 162 160 201 52 85 454 146 407 195 292 145 173 180 403 227 316 112 78 147 165 132 423 225 234 44 44 51 267 125 163 233 36 73 35 189 9 239 437 165 285 80 162 60 259 64
233 25 2963 138 74 175 215 73 192 97 245 416 182 38 61 482 157 186 144 389 73 318 25 364 76 115 50 93 150 379 106 61 138 21 198 63 196 413 135 239 111 481 6 394 19 317 125 27 104 370 17 278 40
234 25 3152 41 141 217 156 292 59 407 23 266 217 12 37 164 74 334 178 209 72 288 41 77 181 59 245 437 200 129 203 228 168 244 220 384 1 45 9 386 60 475 147 448 240 470 31 418 30 204 57 71 133
235 25 3698 90 231 229 98 418 179 476 120 406 143 215 125 27 67 488 173 325 123 232 49 121 32 141 91 312 160 472 118 318 144 259 125 228 107 144 8 434 115 163 77 182 140 455 248 479 127 323 204 460 223
236 25 3545 324 241 465 16 155 124 238 124 192 131 225 52 357 202 260 102 62 194 467 224 122 148 215 76 145 194 304 69 249 115 292 72 458 6 190 112 482 29 337 25 261 61 326 118 364 86 469 175 131 37
237 25 3160 149 2 286 215 179 33 260 232 101 8 448 244 432 155 352 121 368 83 399 204 357 159 264 34 128 128 471 199 52 101 87 52 373 17 30 155 26 113 107 136 311 101 317 67 202 39 435 136 187 138
238 25 2720 94 197 254 229 177 131 450 227 284 50 63 86 287 102 135 191 479 248 400 114 160 250 180 226 303 218 188 6 150 133 55 153 111 83 60 59 418 212 473 3 215 10 206 99 52 185 198 201 48 107
239 25 3288 52 80 83 206 399 94 393 155 95 127 311 99 488 143 483 149 303 151 360 25 5 176 386 211 127 188 247 74 240 44 33 144 225 217 349 124 60 94 380 7 470 190 355 207 434 88 208 236 90 67
240 25 2692 362 94 345 248 156 221 37 152 146 128 48 178 271 22 144 120 395 56 213 24 62 182 315 166 491 100 105 198 187 194 116 49 140 210 148 45 430 36 197 76 163 244 434 117 101 53 262 156 117 137
241 25 3234 69 150 54 86 140 153 441 189 340 236 305 240 125 14 387 170 46 172 468 223 436 63 77 119 429 177 273 190 184 241 252 141 482 88 30 236 380 219 325 115 23 64 490 138 302 11 183 75 228 155
242 25 3157 11 40 84 231 218 10 356 10 296 96 188 47 486 21 368 6 365 188 183 82 312 98 71 199 400 81 132 76 410 138 336 199 221 67 268 83 274 27 128 119 66 26 207 86 364 74 444 228 126 161
243 25 3351 322 223 231 122 474 163 105 50 243 237 372 65 405 140 147 178 18 126 47 84 4 3 21 117 178 66 446 188 441 107 361 16 189 232 341 102 87 140 275 181 479 249 495 133 490 244 61 7 471 209
244 25 3054 442 224 63 65 340 240 130 36 279 173 244 241 290 182 472 130 33 160 122 160 90 100 158 187 334 249 282 246 357 2 204 49 78 118 465 167 446 54 487 220 149 227 9 81 301 241 210 112 124 152
245 25 3276 63 133 440 248 131 221 494 238 324 49 138 151 167 204 170 125 399 75 362 119 224 190 479 54 490 219 268 52 432 244 55 244 228 244 242 109 66 87 198 139 135 187 142 51 492 163 176 242 237 139
246 25 3263 360 62 78 191 115 68 159 235 471 91 330 25 436 57 370 29 267 185 316 175 250 2 402 95 478 179 87 67 317 48 378 247 488 243 166 147 79 136 89 158 12 24 464 131 53 231 315 19 46 239
247 25 3841 120 150 157 22 244 134 302 182 200 119 480 78 217 217 422 132 465 102 369 53 259 130 429 74 260 231 156 176 499 202 266 221 453 172 492 48 408 43 230 209 263 61 388 81 379 59 212 94 12 80
248 25 3536 248 122 311 176 196 70 8 101 495 109 404 11 329 208 34 172 256 191 316 87 400 181 397 37 261 127 448 223 322 209 70 81 215 97 128 136 457 228 483 65 234 95 441 128 166 196 69 83 384 70
249 25 3406 263 132 106 24 259 155 348 80 364 1 1 46 317 200 423 203 406 2 287 72 485 131 66 176 360 83 121 30 415 5 99 178 136 57 201 246 461 150 326 176 150 178 471 69 127 245 123 32 497 159
250 25 2904 455 83 141 122 258 250 454 231 280 221 87 230 250 74 286 52 320 99 201 247 274 202 174 97 20 51 193 142 184 41 50 139 374 42 10 131 42 66 361 71 388 197 137 21 188 40 192 36 490 188
251 25 3624 411 191 361 7 63 13 52 204 49 92 106 39 465 147 400 96 188 215 308 110 454 5 262 192 127 199 231 170 86 72 357 246 263 69 355 75 434 156 380 232 497 87 20 212 484 21 409 23 486 216
252 25 2857 235 41 322 246 233 50 296 213 469 131 387 177 228 149 98 82 325 31 339 56 364 86 393 235 149 126 5 57 250 92 124 234 133 196 479 217 97 126 31 66 6 167 94 234 417 191 167 93 73 6
253 25 2584 149 186 193 41 22 91 268 129 249 17 220 224 1 204 21 81 272 118 457 53 183 64 71 128 399 238 319 66 80 141 228 179 115 120 200 205 387 180 55 6 150 28 108 205 299 188 477 166 246 131
254 25 3306 450 60 201 77 458 188 247 125 120 138 297 199 168 161 319 117 365 57 271 62 298 49 354 199 61 182 114 56 312 165 217 115 343 27 404 90 401 23 227 198 222 144 108 142 112 223 448 10 95 112
255 25 3263 409 143 382 13 341 44 296 56 100 108 72 168 472 165 194 227 4 95 250 82 292 73 327 149 214 40 223 13 50 68 476 60 312 210 424 5 3 220 310 204 234 122 150 148 315 228 477 84 200 151
256 25 3662 410 201 364 199 25 229 100 92 204 160 6 163 333 10 416 52 171 119 230 154 490 231 403 55 459 155 65 37 488 117 438 249 67 153 448 91 381 149 285 187 308 40 349 243 151 116 396 71 337 228
257 25 3250 77 76 60 229 482 120 384 149 9 223 15 48 472 81 450 21 23 183 169 57 119 79 448 69 173 98 435 170 271 21 397 97 309 75 282 30 180 38 283 194 335 4 126 137 376 148 319 44 307 39
258 25 2938 224 4 107 146 352 143 316 224 15 64 320 65 496 96 254 56 127 41 190 172 478 45 297 114 170 46 284 65 102 72 289 208 30 36 411 25 203 134 141 17 455 240 198 152 95 105 28 136 294 51
259 25 2850 363 190 347 78 109 143 111 174 96 34 462 53 415 247 213 41 52 96 182 68 150 238 159 200 390 4 156 19 491 200 320 205 241 18 32 100 12 142 23 108 27 86 262 191 184 225 482 235 422 15
260 25 2908 404 174 2 63 123 141 168 28 12 158 79 81 362 70 200 143 169 212 386 43 171 14 230 182 56 163 258 37 32 153 403 205 405 67 77 147 484 206 158 141 285 90 354 104 392 98 124 103 483 18
261 25 2524 125 98 247 56 154 159 166 42 158 49 445 163 3 201 229 181 347 213 136 107 205 170 196 161 375 87 8 100 41 93 367 165 440 113 73 93 124 90 135 133 138 181 45 242 131 24 422 227 338 57
262 25 3244 333 42 329 131 452 55 319 62 405 212 154 123 228 195 236 152 38 211 241 24 343 230 454 138 221 186 13 142 412 100 51 97 243 129 47 183 499 108 189 210 363 62 290 57 399 191 196 109 34 219
263 25 2835 451 13 24 190 336 209 54 227 223 153 379 171 146 7 499 44 42 99 401 230 59 13 393 200 421 41 140 117 251 173 187 54 288 63 243 123 373 47 99 197 51 228 117 48 86 217 91 229 316 93
264 25 3018 61 226 457 203 277 128 96 166 346 96 89 32 399 228 446 142 350 69 290 50 265 192 234 240 215 52 330 45 219 173 105 46 129 58 72 108 5 238 203 100 428 87 249 155 32 242 356 202 383 155
265 25 2689 319 74 284 52 313 248 455 245 42 174 167 249 321 147 408 143 5 162 232 59 261 11 145 9 17 177 102 122 378 234 26 196 410 59 99 222 158 54 216 52 79 234 50 149 233 207 291 237 368 124
266 25 2675 147 230 384 42 341 150 320 192 123 197 278 149 245 187 309 195 260 217 248 226 18 178 61 169 77 43 375 219 381 94 93 28 73 78 319 163 80 138 207 202 186 234 202 180 170 11 125 179 329 224
267 25 4032 256 198 402 67 116 80 461 240 48 92 435 242 369 7 320 39 272 149 176 228 452 213 154 245 482 164 471 12 344 194 370 41 447 38 156 26 498 247 324 89 431 65 59 39 486 199 60 134 476 139
268 25 3667 336 189 349 91 183 182 356 153 444 199 198 165 239 247 202 246 272 199 242 197 390 24 114 50 164 99 249 224 335 224 464 22 264 63 362 196 346 69 450 141 267 250 305 5 496 6 250 119 57 93
269 25 3280 66 48 218 31 97 131 481 197 456 167 421 170 188 36 84 151 482 179 469 33 70 235 282 226 91 129 192 248 140 136 165 39 103 47 385 234 27 82 439 194 354 108 233 139 441 134 222 222 454 107
270 25 3838 143 41 490 118 483 119 451 27 218 192 412 234 230 15 280 217 350 56 400 140 351 105 498 84 493 40 69 67 11 22 423 153 62 162 373 147 382 175 99 219 334 82 198 200 463 16 49 19 415 189
271 25 3062 471 19 38 54 364 179 122 32 190 246 204 194 409 217 418 55 349 93 227 49 61 61 483 110 112 195 126 13 65 142 201 36 263 90 89 126 268 63 407 59 58 212 3 216 428 22 271 128 497 177
272 25 3774 276 159 261 136 373 205 363 135 122 106 437 157 368 26 97 95 293 159 251 204 68 64 308 34 492 79 156 221 443 4 249 218 413 9 455 35 214 169 21 85 275 207 343 244 482 189 339 126 450 191
273 25 3605 79 17 5 136 50 98 317 205 318 9 209 67 328 223 427 135 109 140 303 129 326 179 437 168 423 168 459 11 395 158 201 76 424 57 63 76 404 129 30 74 489 90 492 67 414 168 451 22 58 105
274 25 2642 2 235 34 188 255 206 207 213 68 204 472 18 279 145 325 193 220 80 72 102 153 60 43 144 228 207 62 30 330 221 135 184 57 20 473 61 327 32 375 144 485 96 13 115 93 87 307 62 269 230
275 25 2674 265 171 142 58 417 221 116 80 251 47 300 237 480 208 256 203 19 184 336 245 327 70 91 89 286 183 28 194 346 46 174 213 68 167 122 234 387 89 165 239 385 214 77 115 24 184 169 42 117 4
276 25 3084 138 193 175 80 134 210 114 13 403 210 160 178 274 227 94 145 63 83 483 227 173 219 43 250 83 66 433 103 459 50 458 198 344 132 28 79 91 141 341 96 452 102 273 225 431 219 471 95 51 55
277 25 2048 71 75 24 215 324 208 382 109 61 192 10 120 140 103 2 167 34 194 159 226 289 111 78 164 187 8 132 10 352 34 314 24 108 189 91 34 147 74 392 59 16 151 428 7 105 31 25 138 225 183
278 25 3150 364 115 145 43 278 82 152 11 341 105 294 6 480 4 195 172 37 91 246 30 251 113 180 178 471 34 459 245 274 35 29 137 174 31 381 107 432 141 49 138 287 54 117 142 100 39 428 42 136 59
279 25 3163 42 248 238 72 218 21 382 64 294 166 92 32 166 117 414 46 325 95 39 123 334 177 279 201 68 230 341 97 22 226 405 63 223 142 486 42 14 117 355 160 282 48 293 50 415 207 197 91 403 235
280 25 3314 316 237 411 94 39 80 175 129 176 196 354 80 111 178 73 96 219 87 463 73 98 96 370 140 395 136 448 194 227 101 178 42 439 191 487 227 270 161 207 48 209 60 377 171 450 16 57 138 80 231
281 25 3693 485 176 350 226 422 88 174 115 64 126 395 207 166 85 295 244 456 205 200 105 15 111 482 185 449 33 451 5 22 132 358 57 186 83 479 23 108 195 438 233 89 246 275 40 493 83 347 44 187 111
282 25 3090 154 20 46 204 348 208 175 229 294 32 138 230 467 218 354 74 162 144 409 103 389 158 377 31 253 209 127 46 498 89 302 17 236 5 23 83 213 197 164 108 81 153 337 47 120 43 133 186 380 235
283 25 3436 426 140 464 58 392 24 184 39 271 125 340 140 110 95 162 193 159 210 208 16 290 110 205 188 331 99 160 65 136 39 402 61 178 115 471 171 490 154 460 113 28 49 252 240 245 15 182 153 326 241
284 25 3105 271 218 452 77 155 134 425 64 448 60 205 201 472 132 65 192 303 55 114 19 327 162 122 66 157 136 349 161 63 89 33 30 392 109 185 25 283 100 325 194 54 25 166 38 442 209 348 156 55 116
285 25 3683 233 216 487 48 474 224 249 237 286 87 269 168 81 128 204 207 262 53 281 206 459 158 473 246 451 181 39 48 337 93 15 171 410 103 320 236 76 68 472 213 257 240 380 87 219 83 145 231 488 28
286 25 3149 436 196 435 158 43 237 338 183 386 26 377 150 298 138 104 118 373 179 185 196 243 43 288 225 481 6 57 126 486 146 403 23 193 87 32 87 425 222 19 60 247 145 61 45 33 164 14 7 342 50
287 25 3763 453 186 343 240 410 73 97 69 448 185 214 100 207 9 38 91 345 212 312 114 123 160 110 183 306 142 346 69 399 39 369 203 475 63 294 236 385 140 54 185 324 120 386 133 378 174 473 222 237 136
288 25 2571 437 110 45 47 394 101 40 240 21 40 278 241 492 104 155 137 340 40 27 245 76 202 364 211 84 93 236 158 167 75 43 103 36 88 1 179 290 41 20 162 330 150 255 174 253 159 310 194 448 188
289 25 3170 189 125 390 154 188 75 497 173 233 15 247 127 117 134 214 220 63 105 10 82 369 191 231 123 216 86 31 128 131 81 417 69 205 56 75 142 483 173 167 67 437 15 193 155 399 9 374 63 465 235
290 25 2900 246 83 278 79 455 243 164 236 222 44 168 139 465 122 296 141 116 28 313 32 344 101 46 139 357 46 147 231 108 111 317 104 94 182 250 87 197 87 308 92 254 48 158 228 48 93 223 212 226 67
291 25 3135 312 123 307 21 419 55 251 128 415 67 231 210 161 14 99 62 398 8 6 152 56 163 129 149 63 73 371 24 298 39 438 170 447 208 338 1 60 68 166 228 150 227 490 164 390 88 77 38 198 82
292 25 3249 291 3 97 21 253 159 343 225 432 140 116 221 411 62 178 101 313 89 168 80 67 67 408 56 82 48 496 11 437 193 92 227 297 188 497 49 198 191 375 130 182 240 202 92 52 130 44 216 468 211
293 25 3279 397 136 380 54 442 211 453 187 471 139 129 165 115 175 454 213 325 152 5 199 133 186 41 84 130 194 65 173 159 33 384 157 270 13 210 211 75 15 499 148 403 229 312 120 255 117 184 79 268 189
294 25 2645 130 2 374 170 86 3 113 2 176 123 34 161 29 156 25 90 366 99 104 115 348 109 195 11 228 200 128 161 28 247 99 9 499 75 30 186 327 244 437 104 116 73 264 246 478 38 438 195 239 143
295 25 3349 411 86 251 106 449 80 55 76 241 184 174 191 295 24 15 74 459 194 318 248 47 35 422 163 281 1 302 218 445 40 110 208 478 213 313 28 42 219 353 134 152 26 325 196 402 191 122 110 236 189
296 25 3627 459 135 223 232 297 105 482 200 72 29 490 34 486 69 98 48 96 139 368 50 273 19 177 199 317 78 491 188 290 227 376 100 213 200 332 111 305 63 310 228 91 151 113 76 321 210 225 166 349 92
297 25 2787 67 121 463 244 421 131 173 161 68 212 489 45 62 201 244 245 61 150 57 121 128 250 373 240 427 194 302 152 461 150 95 28 122 159 123 42 39 147 304 208 293 2 22 95 348 16 258 99 174 128
298 25 2246 78 173 352 170 100 45 471 103 6 120 49 135 93 60 7 236 348 153 289 158 113 183 261 236 278 210 103 35 59 129 14 136 301 115 305 2 410 127 206 17 246 5 151 190 64 9 175 13 13 214
299 25 3857 420 126 396 33 463 25 492 168 59 152 398 174 38 198 289 194 302 50 173 7 168 20 261 68 460 176 326 134 291 88 449 62 315 95 94 130 221 86 399 30 487 46 203 126 345 93 422 146 244 94
