0 25 1248 74 23 57 175 96 37 199 62 107 26 125 126 33 185 168 174 169 71 53 106 132 142 152 234 68 159 117 48 115 145 91 241 147 17 165 134 65 228 42 240 19 74 86 236 47 154 108 201 61 40
1 25 1323 42 213 123 159 39 58 190 233 150 180 151 47 196 65 32 160 143 225 1 46 44 74 132 131 172 137 89 122 128 65 162 202 124 34 40 133 73 124 133 4 24 231 149 41 12 210 185 236 112 230
2 25 1224 31 135 113 114 8 202 52 29 151 81 44 214 132 169 147 173 53 72 196 235 77 21 165 228 61 78 89 97 116 101 179 148 37 243 45 194 64 125 194 196 20 207 90 56 199 243 79 46 107 67
3 25 1475 196 234 129 223 173 178 190 123 56 138 161 200 148 55 94 14 182 239 109 203 48 186 43 205 136 137 185 232 15 41 150 110 175 128 85 47 155 174 71 12 31 212 61 238 57 74 169 195 132 221
4 25 1342 94 69 115 48 157 1 32 88 66 123 139 177 49 68 111 147 123 35 17 236 97 99 199 7 138 5 180 58 102 214 179 145 132 245 195 138 96 228 77 63 100 17 91 200 135 54 46 59 14 44
5 25 1364 186 65 195 143 102 199 74 60 137 190 97 69 134 143 108 31 20 237 45 72 103 36 171 87 89 219 178 82 41 163 98 235 57 250 83 231 159 137 67 100 185 187 133 127 66 246 131 110 69 85
6 25 1306 197 42 22 187 160 66 166 193 58 81 191 192 137 42 127 217 100 113 86 199 47 22 183 75 118 248 48 210 91 183 82 206 95 243 23 60 37 81 92 227 172 229 120 100 19 212 132 19 110 6
7 25 1186 4 234 173 201 108 73 112 98 157 70 31 62 16 175 184 77 11 116 119 40 188 149 109 89 145 230 53 179 100 62 84 53 48 56 106 155 28 117 104 234 138 36 153 210 81 30 22 196 98 163
8 25 1148 35 246 72 24 92 153 76 220 2 89 3 55 188 61 10 94 38 128 197 24 116 232 70 118 93 102 199 167 198 96 29 84 43 2 7 87 154 134 158 156 175 61 12 162 123 73 56 12 150 202
9 25 1332 85 115 86 57 130 158 83 96 157 179 177 141 173 28 147 161 182 233 169 189 107 231 100 218 3 174 123 214 127 101 38 164 57 72 45 166 4 143 134 169 113 9 196 211 69 229 143 89 17 101
10 25 1193 69 18 71 191 143 87 64 21 39 153 136 47 126 231 62 81 173 184 167 41 98 227 88 109 197 67 3 86 185 4 54 103 24 27 95 168 165 60 139 3 114 76 49 241 6 112 72 30 48 40
11 25 1037 22 45 118 10 5 114 78 10 99 12 163 205 66 38 133 111 55 47 145 151 136 71 51 178 128 162 101 8 111 140 79 58 7 40 12 223 17 173 123 229 37 227 96 74 56 131 159 30 77 209
12 25 1376 117 47 59 144 127 23 95 134 33 236 14 92 154 6 167 22 78 89 200 215 68 46 40 78 103 20 137 184 97 197 108 146 173 80 156 114 122 206 21 77 161 137 148 138 76 98 104 143 195 94
13 25 1326 72 149 115 60 133 63 9 232 10 166 29 182 145 118 90 210 195 61 67 165 37 227 154 234 17 129 83 22 123 177 167 46 78 182 106 10 196 214 93 155 181 72 187 225 141 228 186 237 38 53
14 25 1077 102 26 31 55 9 97 35 192 71 9 120 187 54 249 118 11 158 214 176 203 70 56 124 158 32 64 18 51 24 72 4 49 52 210 58 151 196 101 121 104 172 57 157 171 27 20 30 92 195 232
15 25 1526 161 151 155 71 134 171 151 73 179 224 28 129 176 39 36 76 184 138 98 237 12 206 195 82 32 14 113 73 9 195 111 51 156 244 173 112 147 247 192 120 24 71 197 114 158 222 198 121 33 9
16 25 1339 77 80 92 58 193 154 183 201 148 70 63 149 107 73 90 53 120 132 74 145 4 171 59 13 44 5 110 115 190 220 143 169 161 202 113 65 136 166 64 105 128 14 133 86 137 123 8 106 102 11
17 25 1011 86 160 123 29 165 235 195 106 54 37 26 115 91 238 131 126 3 146 83 160 63 168 48 137 58 105 92 23 156 2 158 166 177 188 32 111 33 139 14 71 114 30 11 103 62 37 8 119 40 217
18 25 1415 133 107 166 20 116 20 13 138 175 217 97 42 43 235 25 55 167 213 120 89 178 102 50 181 113 138 90 70 108 79 38 240 187 155 161 153 174 76 42 51 144 189 142 236 73 19 92 191 183 111
19 25 1055 29 161 62 130 93 77 67 82 46 226 36 68 48 40 30 52 116 105 144 116 98 234 109 85 58 179 126 50 162 189 28 172 150 60 166 226 99 224 154 160 61 221 7 102 100 9 117 207 4 134
20 25 1304 56 37 145 141 46 223 168 195 84 156 24 7 6 183 74 133 61 222 58 116 131 168 36 88 72 187 198 140 45 1 176 51 189 170 191 136 194 158 30 228 166 203 186 73 86 160 155 98 31 15
21 25 1085 63 114 34 150 3 155 88 102 45 183 152 22 33 92 91 25 77 184 132 158 113 97 110 99 19 97 126 46 92 240 10 205 123 9 159 30 99 210 176 231 13 197 15 106 189 89 72 122 137 71
22 25 1144 51 237 91 149 96 168 145 39 9 54 84 165 54 163 15 164 38 45 128 136 11 34 124 49 67 147 22 58 83 92 58 169 185 156 164 202 102 53 161 6 150 94 172 203 186 218 47 232 46 182
23 25 1331 192 31 105 92 47 53 115 54 86 159 63 154 193 171 70 246 122 174 56 229 73 151 100 125 108 187 145 156 18 192 87 211 143 154 120 46 169 124 183 27 188 36 121 58 5 66 130 228 24 10
24 25 1245 152 24 110 127 134 48 123 39 68 114 78 130 137 72 34 6 117 4 181 101 82 119 187 202 128 43 17 59 23 140 19 124 66 180 199 227 74 39 44 239 176 175 38 59 33 56 114 115 157 45
25 25 1196 133 145 196 113 37 12 21 59 4 239 185 19 118 238 67 247 114 57 42 102 73 167 179 12 25 161 119 240 175 177 84 110 121 29 24 110 43 244 168 146 35 54 152 42 132 248 105 238 40 108
26 25 1144 162 56 36 173 33 248 94 224 125 120 158 86 41 138 159 50 30 152 69 27 188 225 140 90 116 223 89 22 113 180 29 224 136 217 49 220 14 192 193 190 61 52 25 103 90 183 2 219 137 73
27 25 1330 146 24 147 37 15 62 12 154 185 174 183 63 149 170 181 247 141 95 138 36 84 101 139 161 3 128 195 207 99 131 179 194 7 75 32 73 28 172 118 13 86 217 67 213 125 163 153 162 48 205
28 25 1209 100 208 57 228 103 113 178 135 143 221 67 154 116 54 199 143 77 18 105 163 134 189 29 49 165 41 53 226 88 107 177 148 115 6 50 80 33 184 22 105 41 9 44 44 159 236 73 76 91 135
29 25 1220 112 181 15 62 95 155 64 72 94 172 148 241 188 4 42 217 36 178 41 141 156 131 1 49 76 161 184 248 88 26 182 249 108 246 162 52 2 227 173 198 98 223 86 226 82 104 63 109 144 105
30 25 1209 64 124 55 112 100 15 197 147 5 125 181 203 82 228 117 86 130 193 160 177 143 32 16 80 59 147 35 222 179 76 68 4 183 31 53 149 78 152 103 152 32 158 85 111 174 20 40 168 80 118
31 25 1288 160 111 136 41 170 184 126 43 189 206 8 209 152 139 62 151 118 115 153 169 48 160 53 108 135 225 150 53 4 19 64 164 107 235 188 232 29 178 39 99 87 247 127 210 44 74 105 164 123 116
32 25 1183 169 133 1 93 182 155 96 200 168 161 6 74 196 245 57 126 72 195 174 160 94 74 37 3 75 180 29 131 44 203 197 212 135 247 104 16 53 51 118 170 111 175 46 208 19 104 34 192 149 57
33 25 1347 151 194 82 239 146 9 19 226 39 114 29 135 177 13 183 82 31 235 182 50 7 194 174 102 102 244 105 235 185 105 93 137 198 227 178 96 35 146 21 123 161 249 60 139 164 92 120 96 53 145
34 25 1169 35 146 18 138 197 213 142 133 49 49 128 135 96 104 112 191 88 109 164 62 171 214 59 77 165 30 72 43 182 168 27 128 85 216 74 99 157 159 55 36 84 53 89 47 45 78 6 208 39 78
35 25 1243 172 60 139 100 126 168 74 68 50 41 96 27 178 111 152 26 19 210 123 226 95 206 128 235 124 164 109 182 5 87 55 214 127 54 91 244 129 158 43 70 103 21 47 15 73 124 183 32 46 8
36 25 1177 179 201 87 215 155 111 79 63 94 33 51 98 48 77 3 188 123 32 97 65 153 101 38 199 115 10 74 249 193 170 9 123 122 245 188 128 57 68 91 100 52 43 49 151 22 52 140 246 135 136
37 25 1492 60 137 186 99 37 100 158 110 148 103 181 206 25 103 3 164 130 111 172 63 184 167 161 184 190 14 173 235 50 110 96 186 145 245 124 46 54 84 156 214 51 31 68 105 144 148 168 27 121 130
38 25 976 60 187 40 96 78 106 170 12 5 180 10 193 74 4 16 172 7 249 117 13 15 219 95 232 124 190 31 141 18 2 122 230 113 75 118 68 44 181 25 175 151 45 132 222 152 33 88 116 147 106
39 25 1126 112 180 81 51 11 23 71 14 44 200 105 107 174 74 176 19 5 100 94 46 68 244 141 2 167 194 36 204 61 232 59 22 113 192 24 25 14 144 188 210 193 193 166 218 66 193 39 122 45 134
40 25 1216 170 214 79 110 15 45 105 100 98 65 183 158 88 196 199 213 165 107 110 124 101 154 91 121 171 233 9 143 179 92 114 193 122 123 57 216 59 213 43 41 82 88 73 194 58 87 52 19 10 55
41 25 1340 72 102 75 192 186 235 165 178 99 107 199 173 15 64 151 223 178 95 66 201 26 203 123 122 162 209 125 130 120 179 171 205 145 57 89 30 73 218 29 31 68 3 45 83 4 220 160 250 135 13
42 25 1151 78 139 85 49 1 94 123 232 163 204 135 86 158 229 194 199 8 66 68 88 96 186 41 92 118 246 161 80 95 247 192 172 86 226 122 238 71 97 69 136 100 103 23 207 33 66 7 43 75 232
43 25 1198 80 62 172 21 79 169 84 10 14 180 3 187 167 31 11 154 101 207 25 86 106 77 60 64 12 75 121 154 107 197 135 236 108 59 109 188 177 42 198 242 73 150 31 240 182 141 195 233 47 219
44 25 1153 120 102 46 180 17 157 6 87 12 163 35 46 50 142 156 210 80 183 101 129 26 74 180 56 165 162 96 159 196 42 178 17 45 25 62 33 4 200 194 168 185 91 117 78 47 229 109 229 79 137
45 25 1267 4 154 69 162 120 30 107 79 177 149 8 143 45 82 41 6 164 94 56 159 111 142 199 29 157 80 175 88 66 231 143 186 142 13 67 100 141 193 48 148 86 95 81 128 150 194 73 157 104 185
46 25 1322 100 202 65 119 99 72 50 223 161 15 155 103 1 48 117 17 48 159 62 247 108 249 91 238 176 43 183 50 149 236 134 99 188 48 169 138 171 118 131 234 17 186 36 166 54 155 63 163 116 162
47 25 1327 170 214 152 160 141 44 92 240 45 30 73 193 69 122 13 206 193 230 167 73 65 35 60 101 151 114 107 115 128 72 26 197 187 28 158 179 50 20 117 179 194 61 47 215 173 54 7 4 70 232
48 25 1137 19 5 93 21 107 56 177 171 85 50 97 232 88 76 139 68 98 190 87 15 70 180 175 68 46 100 171 53 53 193 86 23 149 78 55 236 21 25 20 70 173 103 9 148 44 26 48 185 164 12
49 25 1284 5 245 188 222 41 37 195 145 92 137 130 14 135 209 7 39 194 179 65 66 149 90 70 59 187 163 35 234 48 150 47 2 145 137 75 135 25 19 181 16 62 132 141 220 140 81 66 218 146 81
50 25 965 18 187 100 127 73 115 113 9 12 212 57 65 158 195 41 194 172 10 74 189 68 85 20 59 55 109 89 172 77 236 54 246 72 203 97 169 36 57 80 248 115 46 7 60 87 1 81 148 174 69
51 25 1010 15 11 91 175 67 99 64 88 77 151 191 23 25 245 46 121 164 32 27 145 131 41 41 187 2 79 37 184 178 113 105 194 23 95 119 39 195 34 26 72 134 66 146 108 62 191 30 75 24 108
52 25 1136 20 204 149 12 43 202 90 179 136 19 41 240 162 15 34 80 103 230 13 30 51 149 47 98 8 109 91 188 133 214 45 4 145 15 62 247 156 190 134 224 125 38 147 10 167 2 89 82 81 142
53 25 1142 182 228 39 189 36 129 26 120 195 23 24 214 167 138 27 165 46 16 98 21 50 222 58 149 131 27 150 220 108 32 111 41 61 201 29 48 7 168 176 229 191 191 80 17 160 225 84 107 48 186
54 25 1394 31 155 34 161 81 85 132 140 116 194 180 79 95 159 176 178 167 43 155 195 85 95 189 215 13 50 41 96 109 138 181 189 193 216 51 75 100 35 165 18 128 144 96 224 104 221 1 120 166 55
55 25 1345 16 50 1 155 14 213 104 157 61 212 94 43 102 188 111 203 63 160 87 79 129 66 74 226 140 80 47 42 151 164 199 217 13 199 171 79 164 176 185 26 190 130 120 241 68 30 195 182 192 133
56 25 1367 60 70 199 185 96 238 14 94 181 65 57 79 131 71 130 3 45 30 183 20 171 13 91 214 32 71 8 215 112 243 124 33 191 10 30 30 174 23 90 131 39 72 152 220 176 100 164 205 85 85
57 25 1227 128 199 25 141 80 195 100 94 8 242 19 191 82 30 20 63 103 245 173 94 177 63 115 178 90 130 197 147 66 181 174 14 155 66 145 250 165 88 59 159 58 199 42 137 21 5 67 227 185 243
58 25 1038 41 152 123 24 93 152 70 91 17 50 64 82 154 81 26 205 198 15 6 224 47 110 36 203 53 52 31 240 97 171 193 169 96 85 170 165 176 138 116 191 19 170 72 146 21 160 133 157 24 94
59 25 1271 92 29 149 96 159 188 42 82 130 12 77 116 133 144 93 70 109 84 40 230 107 137 156 179 46 246 104 30 4 29 25 48 7 173 193 218 62 236 99 243 197 27 61 179 120 103 150 129 188 91
60 25 1134 158 96 127 165 124 124 13 79 5 16 10 81 63 118 106 57 85 67 192 235 62 140 122 170 133 76 121 161 14 63 71 61 91 35 135 14 99 15 170 165 74 201 129 92 8 136 78 224 79 13
61 25 1264 187 169 26 210 190 158 86 61 71 1 123 143 61 14 27 247 179 76 12 101 192 87 3 170 30 60 55 58 135 84 72 122 104 149 181 145 6 116 155 78 68 180 120 29 195 249 75 25 176 138
62 25 1162 25 17 27 27 38 106 188 93 115 73 178 186 44 233 186 126 77 242 42 184 171 209 13 141 189 157 16 33 116 205 108 182 31 36 119 137 74 163 153 46 140 41 191 24 76 216 1 69 7 84
63 25 1276 190 18 148 130 8 56 20 173 188 35 28 245 168 10 133 36 48 106 1 1 153 92 91 93 16 118 108 118 137 117 151 176 86 248 157 193 155 26 68 242 62 197 189 229 56 221 66 56 126 166
64 25 1292 56 78 158 198 172 225 15 79 92 103 145 42 28 180 91 184 123 45 111 192 138 222 188 226 152 195 198 168 50 225 35 157 144 104 75 18 121 4 23 198 104 3 80 244 154 140 49 145 82 105
65 25 1117 76 78 3 95 78 229 79 234 133 175 40 57 42 210 160 153 134 110 56 38 89 102 26 42 143 26 136 74 149 69 179 124 148 183 68 75 161 99 111 43 73 100 52 214 61 11 18 196 20 76
66 25 1023 34 208 179 59 101 223 36 138 47 234 156 77 8 204 61 177 80 123 125 40 18 47 139 219 63 151 79 182 97 99 57 80 158 137 140 9 60 27 46 156 110 204 82 219 9 92 48 138 114 22
67 25 1230 30 231 121 20 151 33 71 30 14 119 80 73 37 209 91 247 68 167 93 75 78 198 158 99 6 101 146 195 117 219 26 249 189 96 150 171 168 79 137 88 58 59 46 17 127 43 187 45 111 174
68 25 1338 86 169 22 41 71 219 87 37 188 15 186 76 162 85 99 79 113 85 118 72 145 154 119 113 32 113 49 178 51 162 1 86 132 123 178 52 141 65 189 130 81 124 56 142 108 156 170 222 92 89
69 25 1214 45 86 192 113 98 125 126 247 52 226 58 4 112 191 178 141 142 171 57 80 150 237 103 107 162 12 99 85 153 37 129 188 80 92 38 4 169 86 96 95 13 159 85 240 26 160 56 106 10 93
70 25 1049 10 66 170 24 180 21 8 32 157 87 72 187 61 42 100 246 51 45 140 165 106 124 4 105 49 64 112 106 25 154 118 42 26 141 73 246 154 38 28 192 67 188 136 218 35 238 65 124 152 170
71 25 1138 197 55 74 247 170 85 153 196 41 72 88 168 14 162 63 163 68 168 101 145 110 119 134 195 37 70 182 53 93 83 22 41 39 245 38 209 31 242 154 123 163 243 40 126 105 202 140 22 19 81
72 25 1134 111 54 127 249 24 160 151 168 144 22 109 82 18 246 142 150 87 46 23 151 40 62 128 146 116 17 68 87 59 38 19 121 93 145 4 169 136 147 92 44 80 11 141 222 60 229 117 182 179 8
73 25 1294 96 108 4 211 76 173 147 36 12 65 6 4 61 126 172 216 59 112 187 152 41 197 194 14 82 140 150 140 159 145 197 184 167 195 72 128 77 233 71 205 156 136 100 114 199 139 67 40 37 10
74 25 1156 53 145 31 37 187 232 76 223 90 70 170 226 138 214 99 115 75 125 145 181 55 233 20 81 69 37 172 105 98 127 129 163 12 88 110 154 109 81 81 246 47 129 160 221 105 160 17 36 64 49
75 25 1115 66 34 132 234 122 203 190 69 79 189 99 241 78 61 30 238 164 188 18 194 183 214 22 144 136 28 104 205 113 167 55 128 2 86 63 75 89 153 94 219 193 92 60 221 102 139 10 217 27 229
76 25 1099 12 111 43 185 55 80 63 160 34 25 28 139 105 230 26 69 104 114 123 49 33 118 141 144 90 144 132 249 163 210 77 224 23 21 159 177 153 121 186 236 147 13 3 94 52 172 50 165 196 48
77 25 1300 149 213 90 242 152 184 76 2 198 187 31 221 159 203 81 137 5 203 124 141 137 116 154 32 19 177 131 36 23 181 84 87 170 228 141 5 55 92 2 243 173 102 177 203 40 131 106 164 123 207
78 25 995 52 91 10 133 109 139 16 246 11 196 80 247 65 209 139 170 33 171 7 156 195 210 84 198 100 115 105 65 161 166 29 122 150 140 110 17 85 22 12 116 71 229 126 59 50 190 41 22 149 199
79 25 1283 67 8 32 66 59 148 122 223 187 134 138 17 107 140 8 117 156 245 40 220 160 110 148 138 119 49 179 211 20 227 38 235 43 105 193 90 176 116 76 109 155 195 116 96 2 184 102 48 123 73
80 25 1335 158 33 120 147 103 170 125 115 39 52 176 29 138 68 83 30 107 109 147 85 19 204 129 34 199 82 169 50 80 242 72 139 76 243 87 30 114 211 94 3 62 19 181 1 38 163 81 95 73 129
81 25 1186 79 192 32 59 25 131 192 44 82 223 37 6 11 114 97 143 114 60 38 116 73 157 198 174 96 12 56 40 85 184 70 76 18 230 152 248 172 47 129 194 186 157 148 236 5 40 99 166 178 66
82 25 1359 89 186 65 114 131 176 119 23 112 204 192 89 121 72 143 68 95 139 49 190 76 186 148 173 171 55 115 121 120 242 136 160 79 100 23 11 28 191 83 141 197 125 130 67 198 72 37 192 62 37
83 25 1002 83 87 22 181 112 245 135 176 165 204 69 153 14 47 4 238 107 231 81 90 122 27 16 203 145 113 74 33 56 187 169 240 24 143 120 237 39 154 3 210 180 107 25 78 11 14 184 43 44 75
84 25 1357 66 172 92 218 17 206 93 149 111 30 70 101 155 212 72 141 50 128 104 154 89 83 11 113 160 73 28 145 165 22 172 131 143 63 159 19 95 60 181 174 129 183 180 90 157 172 141 34 75 146
85 25 1140 122 9 106 186 20 228 13 16 195 36 37 177 179 2 26 139 120 198 54 45 76 239 167 145 47 9 80 173 155 103 181 162 90 200 42 154 66 38 164 20 105 89 108 128 61 208 32 107 35 172
86 25 1116 33 152 16 31 12 197 104 18 151 236 82 40 36 23 93 3 110 234 106 125 153 163 165 13 140 25 20 223 134 104 44 18 7 61 148 119 57 103 88 157 39 19 198 126 43 93 78 54 176 33
87 25 1178 128 181 145 243 93 235 69 14 7 102 117 203 71 224 13 19 94 122 173 33 28 163 102 178 188 194 20 165 48 197 127 127 144 19 180 240 134 139 41 153 141 164 78 205 34 23 126 6 55 206
88 25 1345 169 106 83 58 52 4 173 1 172 27 179 117 148 201 199 137 87 39 89 231 42 116 85 25 88 11 33 192 116 153 50 200 60 51 3 34 103 4 155 179 84 24 178 235 124 64 123 212 95 211
89 25 1319 192 236 176 126 163 65 38 97 108 203 99 7 54 208 9 58 142 163 114 148 94 197 173 121 33 196 187 105 107 31 165 98 168 242 126 82 58 63 28 16 68 176 74 121 84 135 81 227 97 194
90 25 1354 176 240 190 249 13 25 44 249 129 203 79 46 198 139 77 80 99 40 107 164 59 183 89 231 68 125 11 144 172 204 171 13 146 219 125 220 115 223 17 103 197 118 151 88 45 180 136 236 94 118
91 25 1537 39 76 187 14 182 37 142 103 149 87 71 24 6 187 148 108 153 201 154 21 3 41 117 82 126 202 167 26 197 237 67 122 73 132 110 5 168 202 159 216 138 29 141 196 166 41 53 220 158 92
92 25 1321 143 149 58 76 26 111 44 154 157 180 120 131 155 51 142 11 170 243 119 35 83 99 178 78 64 18 182 136 110 89 27 104 39 35 81 115 45 224 70 154 54 39 186 160 191 177 160 22 38 146
93 25 1333 154 236 125 231 152 94 112 37 155 152 15 10 41 1 190 207 96 14 126 151 119 216 138 178 56 166 197 17 87 86 114 90 121 91 122 74 84 235 12 91 187 77 100 127 77 140 83 74 3 10
94 25 1112 76 171 25 213 198 232 29 46 67 131 63 7 3 55 180 127 41 15 38 181 103 16 130 129 93 21 163 18 125 72 44 195 98 158 194 129 188 41 78 55 21 90 113 224 145 44 2 87 8 39
95 25 1377 167 60 7 148 190 101 19 204 18 193 177 63 140 24 21 133 2 210 176 129 166 196 171 130 67 174 172 153 81 113 169 143 16 182 34 238 188 29 164 151 68 138 173 2 191 182 127 20 50 75
96 25 1214 192 29 45 8 152 169 60 35 131 180 127 151 147 210 21 183 197 208 61 163 8 228 150 80 31 190 64 108 161 115 184 2 143 128 9 197 148 20 30 51 109 180 98 70 52 80 19 110 90 31
97 25 1224 67 119 32 149 199 223 14 158 84 228 91 137 172 171 148 168 170 17 118 8 31 67 130 133 196 48 142 37 78 60 157 111 110 57 183 25 15 218 104 7 5 76 79 102 45 199 48 37 30 103
98 25 1117 33 214 100 180 157 136 9 219 44 71 178 51 4 155 117 121 108 123 25 83 52 178 28 100 198 124 99 184 127 180 89 62 144 238 43 200 76 202 120 219 24 48 69 27 54 135 161 110 176 246
99 25 1259 113 4 75 64 101 148 14 186 176 193 76 137 188 164 130 240 91 33 159 61 156 56 30 35 61 66 134 22 27 211 117 139 164 143 102 216 40 215 4 115 160 179 54 197 94 83 186 184 67 195
100 25 1275 145 122 152 176 156 63 43 41 34 222 102 202 160 67 44 164 185 235 80 138 1 239 66 54 186 10 188 223 95 204 67 141 76 121 116 83 183 11 24 118 132 227 69 193 93 14 56 29 98 188
101 25 1162 16 198 126 84 152 213 145 239 138 239 193 204 30 120 174 47 2 108 159 177 75 140 5 145 133 48 158 40 55 227 94 205 105 177 8 69 71 148 56 211 42 60 61 235 91 115 93 249 143 169
102 25 1256 91 148 14 175 197 73 114 224 130 43 167 34 45 193 67 67 90 73 128 134 134 71 96 218 11 160 162 160 5 183 102 52 46 176 100 170 189 25 49 33 44 32 181 38 26 148 155 166 170 234
103 25 1306 199 203 154 94 172 67 156 36 128 112 118 79 15 65 104 214 186 244 38 85 29 181 68 59 121 44 56 27 161 27 60 211 79 165 3 231 63 240 160 224 109 238 188 123 43 53 8 87 194 215
104 25 1491 75 112 195 155 131 123 67 107 184 27 138 1 132 142 181 45 93 18 39 230 108 163 123 12 172 11 154 218 27 79 179 201 175 85 183 150 151 92 83 29 10 22 116 106 104 208 76 44 87 83
105 25 1433 106 111 46 29 73 100 146 49 180 176 154 10 182 103 62 223 88 142 153 220 102 226 185 59 29 244 84 22 183 218 179 143 64 210 16 115 105 16 194 233 65 199 44 249 104 106 173 241 149 176
106 25 1119 12 200 51 99 11 232 92 144 153 124 64 184 169 127 43 86 141 199 1 134 31 116 184 25 16 87 132 38 77 80 113 139 82 216 37 242 147 180 185 51 154 200 134 172 126 228 57 168 27 209
107 25 1217 103 107 74 87 131 141 173 214 29 102 94 243 42 27 8 78 18 6 157 4 109 162 154 244 135 131 122 43 49 148 152 53 4 75 189 237 114 52 46 15 145 238 156 223 98 35 40 155 93 96
108 25 1321 63 55 99 57 41 31 178 134 81 27 135 234 80 61 124 118 128 137 170 123 103 116 10 89 160 96 66 239 25 79 145 175 137 235 108 116 168 238 142 2 171 23 165 47 43 42 83 162 17 38
109 25 1258 29 229 99 217 190 195 149 105 35 23 135 31 23 15 107 90 94 83 88 167 106 2 63 200 96 247 112 136 91 140 85 160 179 31 108 185 115 32 120 95 31 194 111 39 134 47 66 237 151 73
110 25 1340 140 215 22 235 13 234 146 51 127 35 187 86 65 167 193 152 133 24 73 29 7 166 39 245 51 138 181 167 24 83 191 65 47 215 150 212 95 12 126 82 148 61 198 166 155 199 98 31 71 26
111 25 989 137 189 16 83 39 105 164 7 30 246 98 145 45 62 94 208 13 240 121 189 20 101 71 235 56 21 34 138 92 211 26 232 160 220 81 175 177 112 6 167 99 226 51 189 196 239 111 115 42 183
112 25 1117 151 49 154 136 186 145 146 13 28 171 122 197 3 97 25 65 69 52 70 137 40 121 12 191 111 157 31 123 173 222 106 175 72 9 10 57 55 155 171 232 77 93 130 232 89 157 96 57 108 217
113 25 1508 93 98 189 156 190 99 14 22 72 138 196 129 12 217 187 223 76 141 127 46 74 155 138 3 186 178 109 33 86 117 150 130 116 40 185 57 198 78 135 173 140 248 42 226 70 117 118 198 114 191
114 25 1110 103 4 193 90 181 204 73 17 22 224 148 89 63 33 145 151 82 74 14 167 99 53 66 90 30 236 8 199 35 173 89 239 76 184 129 209 87 201 27 160 126 74 188 208 92 41 140 215 4 58
115 25 1155 113 159 173 4 90 160 163 89 95 86 29 183 111 12 119 250 63 45 159 88 71 8 128 178 149 18 67 216 73 126 180 31 99 236 23 108 98 213 4 233 191 189 44 155 1 64 56 114 11 17
116 25 1119 3 181 24 30 160 25 199 177 40 22 152 221 4 102 106 28 112 104 140 67 136 133 5 181 39 56 197 144 21 57 12 73 36 205 198 60 55 76 151 226 80 223 82 81 131 9 144 134 11 71
117 25 1130 33 65 104 223 20 200 116 242 58 128 15 196 115 121 45 176 125 171 128 153 100 150 36 82 130 96 28 165 196 238 180 154 91 2 176 140 70 117 47 97 133 44 63 5 138 138 80 58 34 59
118 25 1226 166 69 93 246 66 170 62 212 109 99 193 14 139 95 191 30 64 210 78 12 42 171 74 247 61 213 28 218 127 113 179 194 33 121 91 48 142 53 111 2 1 204 65 42 50 108 171 213 117 199
119 25 1271 76 58 171 151 106 131 13 185 1 241 97 79 134 181 25 229 94 27 41 147 129 144 63 70 193 120 143 107 186 43 84 96 113 184 144 148 38 196 190 186 26 174 167 28 100 197 71 128 137 217
120 25 1451 156 133 179 78 177 201 70 134 186 112 69 231 76 55 34 221 152 223 66 192 108 41 17 126 68 216 74 240 143 61 158 100 195 139 171 89 198 56 161 75 107 139 29 242 159 182 25 123 125 167
121 25 1146 89 201 135 156 24 76 98 36 134 200 180 22 28 3 110 76 58 185 138 234 193 228 62 186 37 44 101 213 18 76 79 209 128 215 14 103 141 112 74 61 20 47 38 72 156 215 132 192 105 215
122 25 1012 35 32 179 72 170 74 123 182 141 250 13 49 27 229 129 121 76 219 46 38 189 192 62 199 42 45 41 48 75 79 40 246 1 113 182 55 21 96 6 147 18 228 47 95 96 193 82 86 184 58
123 25 1300 50 83 101 46 23 98 7 249 29 196 96 179 160 118 162 67 38 60 172 137 86 241 164 32 185 161 24 68 199 210 77 100 142 28 145 116 127 154 116 107 163 137 13 30 1 29 170 160 150 156
124 25 1028 145 40 121 28 26 133 52 145 33 211 71 34 104 250 81 219 127 184 86 185 84 198 72 96 180 172 74 99 83 25 106 179 16 78 6 243 60 59 187 145 171 8 28 224 9 208 44 187 91 181
125 25 1484 72 127 129 193 22 60 166 198 160 148 174 217 178 92 194 133 134 105 144 221 49 164 130 177 140 40 184 135 177 25 16 98 153 46 142 76 155 107 173 216 106 199 82 33 40 77 17 123 31 60
126 25 1283 45 180 26 126 156 65 16 91 51 142 117 116 191 219 161 232 195 117 190 169 84 45 17 115 129 8 145 131 22 107 177 153 34 155 160 200 50 250 165 167 66 5 35 128 38 179 197 27 100 30
127 25 1411 121 66 197 101 124 39 97 56 160 3 184 164 138 90 123 87 11 223 87 27 91 54 33 125 81 220 106 129 96 105 109 168 72 155 168 197 195 165 2 205 169 188 70 9 127 243 145 140 117 33
128 25 1186 168 57 86 151 83 119 22 40 147 218 96 7 37 18 63 107 66 58 173 170 164 243 157 83 151 235 177 96 76 243 78 244 51 214 196 36 34 217 25 180 121 187 123 190 1 129 57 108 21 243
129 25 1292 32 54 94 219 182 191 27 68 89 77 133 34 162 66 101 39 98 36 11 136 60 150 36 38 106 44 140 134 66 235 117 169 128 85 53 20 181 29 189 169 107 174 105 69 39 157 159 188 169 73
130 25 1316 154 170 111 93 75 154 183 58 69 217 125 40 96 111 144 167 191 22 55 12 128 28 68 148 119 74 58 56 117 126 81 70 195 193 65 72 98 247 181 68 15 7 9 212 152 128 10 75 134 73
131 25 1274 5 112 40 154 132 63 162 239 187 219 153 32 63 217 3 210 15 185 78 231 192 88 194 59 190 23 20 114 7 193 70 218 184 24 151 199 135 139 130 121 8 34 54 222 51 208 182 167 143 61
132 25 1088 150 84 48 43 144 39 16 113 55 172 107 124 41 191 97 141 89 31 29 220 104 238 3 7 10 105 117 243 174 209 153 123 152 165 39 91 80 203 195 3 60 218 93 152 15 235 142 247 64 213
133 25 1207 100 103 17 109 12 24 125 54 147 235 58 121 30 112 37 218 102 117 20 148 121 131 117 66 132 183 25 180 15 237 131 18 104 139 181 77 87 75 149 44 195 230 57 81 197 208 99 117 157 20
134 25 1186 47 174 137 131 156 236 155 137 151 142 118 20 97 158 100 123 23 36 99 73 82 243 53 188 75 101 48 224 17 204 145 66 77 133 146 85 168 100 171 120 93 240 141 139 41 113 22 226 11 246
135 25 1032 59 5 100 197 130 1 44 5 117 249 151 32 28 185 29 62 102 179 134 24 21 124 64 12 56 124 42 134 37 189 92 243 189 190 124 89 35 28 5 234 80 189 61 14 24 168 197 7 143 170
136 25 1529 130 158 131 2 14 156 95 199 192 134 90 35 172 30 158 60 116 188 16 99 119 154 161 235 173 34 104 69 93 46 138 124 155 20 76 18 176 70 166 69 153 158 105 174 89 13 135 154 102 51
137 25 1268 105 22 6 117 8 180 153 111 51 145 108 190 18 63 160 245 182 135 15 250 5 119 59 10 195 47 124 229 102 175 31 8 148 39 175 156 118 127 168 123 126 8 140 40 67 237 121 203 151 72
138 25 1091 157 21 30 16 15 228 141 246 165 228 187 65 66 13 20 234 39 87 103 11 114 160 53 103 28 239 126 180 91 247 89 13 79 156 6 147 77 37 163 104 179 222 38 48 155 77 9 189 52 119
139 25 1153 193 5 198 31 30 230 23 28 18 138 156 25 67 214 73 43 100 38 48 175 166 219 63 16 125 41 54 234 79 5 104 22 9 151 4 40 179 170 199 166 127 126 82 190 50 226 92 37 68 5
140 25 1139 42 32 70 216 172 123 51 153 179 4 26 90 55 31 129 136 159 150 187 76 27 112 18 111 134 61 50 207 4 250 10 23 67 84 147 118 136 77 71 113 16 127 93 147 65 54 196 101 174 64
141 25 1296 88 44 74 223 4 25 81 232 78 132 94 152 49 77 166 164 77 38 26 94 17 20 140 131 73 138 131 54 13 44 193 56 169 15 160 94 198 243 179 236 175 227 114 226 144 77 2 182 148 76
142 25 1472 137 180 98 226 110 53 189 55 195 146 125 212 55 170 109 48 193 137 33 119 66 49 44 109 198 142 81 97 191 6 35 120 155 161 31 58 151 37 152 146 112 215 101 33 123 100 127 62 134 247
143 25 1113 27 32 193 135 109 42 79 189 88 69 46 72 191 50 84 171 34 208 13 82 71 177 5 250 33 232 111 216 80 189 150 22 75 108 153 148 100 224 43 124 164 94 57 184 103 143 143 15 74 165
144 25 1383 93 107 170 42 141 203 104 8 132 142 7 156 19 214 168 221 13 20 144 155 145 59 1 201 195 5 137 121 68 104 176 223 116 27 110 74 54 180 65 24 196 135 194 208 156 40 15 250 148 65
145 25 1287 52 44 21 247 31 41 66 234 153 142 58 9 157 186 130 95 26 62 162 249 57 146 194 116 53 235 30 2 135 246 155 228 16 151 156 19 93 11 60 102 171 116 137 93 98 234 168 59 195 168
146 25 1246 167 242 162 184 144 246 116 97 82 111 1 10 79 4 119 186 172 14 198 181 65 169 154 11 47 89 31 55 133 98 123 176 111 57 59 172 117 90 34 117 49 114 22 68 50 95 131 97 127 47
147 25 1300 167 127 52 128 123 240 108 30 74 7 2 99 168 60 119 128 133 235 117 69 104 168 182 27 85 83 22 167 30 100 65 46 176 69 25 99 58 184 130 84 141 233 132 10 93 153 189 227 105 45
148 25 1106 92 122 29 71 58 161 94 226 40 143 193 238 121 211 164 171 118 48 100 101 140 132 85 99 26 139 187 3 27 143 49 171 17 227 191 74 88 34 2 79 28 44 18 248 54 32 123 79 169 76
149 25 1332 168 51 112 118 176 200 56 180 98 79 198 166 7 88 140 44 71 243 125 1 86 142 91 173 68 13 151 186 88 20 186 149 139 164 100 44 43 128 44 23 25 9 180 63 35 92 149 35 129 191
150 25 1307 35 119 165 152 32 68 137 71 75 72 76 88 121 221 182 148 64 157 173 73 86 37 124 12 123 116 11 208 96 103 194 65 17 95 98 134 183 220 21 207 141 148 196 164 68 30 161 182 36 35
151 25 1088 56 123 21 231 134 96 98 46 103 144 148 98 60 215 142 209 48 224 28 170 181 71 67 178 135 207 94 218 44 181 25 116 155 102 198 205 97 102 45 199 9 111 40 217 8 114 144 128 96 214
152 25 1220 94 175 149 230 184 93 27 125 125 195 32 148 25 36 144 26 185 190 175 243 100 114 109 110 129 102 87 76 68 32 103 68 64 86 10 14 112 34 89 108 113 22 5 37 107 151 12 41 192 36
153 25 1351 83 94 152 241 103 182 194 41 160 213 24 212 181 139 147 42 3 210 28 93 168 40 114 174 76 22 39 62 16 127 96 109 128 38 161 161 183 203 70 46 115 231 21 19 191 248 111 110 139 224
154 25 1135 33 66 195 107 5 158 24 181 103 82 60 242 194 172 74 196 144 119 73 126 148 39 159 219 7 1 168 167 10 207 92 244 38 202 28 245 25 210 99 108 171 190 3 245 64 250 188 234 165 234
155 25 1163 11 223 152 120 23 121 86 184 129 28 178 53 167 231 132 212 108 144 62 115 14 54 168 108 19 67 45 152 191 12 37 154 84 188 123 59 160 242 139 39 171 141 56 2 9 116 32 225 31 235
156 25 1224 92 41 53 211 37 157 153 48 143 158 34 183 180 192 93 192 133 33 56 174 187 57 48 155 117 215 41 147 23 35 87 76 47 224 134 101 121 78 9 154 110 40 197 204 31 130 137 63 185 12
157 25 1081 149 93 161 156 25 242 1 221 164 137 110 91 83 233 124 84 105 2 194 111 13 233 7 169 88 7 78 74 168 26 116 128 28 54 24 129 126 40 17 135 82 202 19 8 85 74 61 80 134 75
158 25 1312 162 92 143 127 180 249 154 203 68 132 71 97 14 98 2 40 78 128 81 195 114 162 146 83 182 156 131 111 141 206 124 32 50 151 163 49 106 216 18 239 188 115 3 135 166 44 115 95 24 9
159 25 1144 159 237 106 41 8 139 98 240 1 238 45 124 21 245 76 134 182 201 62 120 88 128 124 224 144 167 38 190 42 148 179 153 188 88 93 235 27 243 74 124 169 47 70 94 114 77 82 127 99 71
160 25 1044 57 172 44 202 41 184 91 182 31 39 12 86 176 99 178 63 128 73 38 151 191 34 20 134 65 85 163 148 11 111 18 67 34 114 170 176 47 11 108 229 49 221 114 126 140 97 66 28 97 6
161 25 1179 61 218 41 228 152 53 175 114 15 195 133 149 158 152 74 206 162 33 184 62 4 248 138 73 93 227 121 208 54 119 13 167 36 203 96 239 8 222 52 122 166 236 22 75 38 196 182 151 180 66
162 25 1013 113 83 15 150 157 157 126 27 64 232 197 178 150 184 32 97 122 89 18 24 61 86 109 184 10 248 129 144 49 209 161 143 75 112 133 89 28 96 25 125 71 208 6 17 82 47 85 5 9 22
163 25 1314 115 42 181 215 171 74 165 231 184 75 73 210 38 124 142 126 52 139 198 28 63 218 187 221 87 68 17 23 74 125 94 39 66 76 105 188 102 69 170 237 145 245 47 32 18 138 57 121 77 56
164 25 1122 48 141 26 235 111 212 102 127 186 226 103 129 116 121 56 72 60 159 40 180 146 236 24 92 117 41 179 25 14 107 131 161 98 58 95 108 19 49 87 206 76 189 143 161 41 164 121 150 105 250
165 25 1335 95 140 125 238 156 167 168 32 130 175 114 91 72 21 37 131 191 237 117 96 12 8 131 56 118 124 19 238 25 123 139 169 162 113 108 19 132 75 101 61 49 116 51 22 187 90 103 27 128 221
166 25 1193 75 40 180 5 45 100 128 166 39 104 138 28 22 152 192 131 72 123 156 174 184 56 90 186 28 176 177 82 4 55 78 196 35 142 33 114 7 123 18 197 191 200 144 222 171 218 179 247 1 84
167 25 1335 136 189 113 63 67 94 118 221 198 246 133 232 110 17 95 68 139 62 116 141 55 167 34 226 138 101 104 134 4 189 71 144 102 185 160 45 83 144 49 150 128 230 61 196 125 81 135 238 196 77
168 25 1384 42 113 162 69 52 14 174 87 167 113 9 112 64 143 124 210 94 156 106 145 157 33 18 229 50 165 140 195 91 131 159 52 15 225 148 34 139 8 145 2 100 20 146 175 169 190 134 153 163 103
169 25 1173 133 215 152 147 54 148 89 86 107 142 37 20 59 214 120 92 27 88 106 227 108 69 72 134 63 67 193 227 119 176 91 20 124 44 170 163 82 76 56 118 47 214 83 16 105 85 145 192 4 112
170 25 1277 142 87 100 106 56 242 132 174 169 125 196 193 70 65 57 1 192 112 21 188 26 153 4 232 89 148 180 68 181 141 111 220 42 216 75 136 149 250 54 23 147 198 145 211 154 145 18 217 44 193
171 25 1254 170 149 124 60 146 2 190 113 34 82 73 103 126 40 79 213 38 179 16 63 177 166 57 138 171 203 93 38 136 230 91 136 106 200 31 109 41 145 192 75 17 197 50 8 75 12 96 53 179 110
172 25 1630 130 144 168 219 167 120 13 204 39 101 184 31 186 41 181 167 199 223 161 140 97 30 138 96 187 63 109 84 117 40 145 48 35 212 118 201 182 231 155 222 183 88 5 168 185 186 128 57 49 119
173 25 972 54 128 7 51 116 119 12 202 87 151 46 235 85 60 2 136 43 184 40 66 66 229 170 136 10 106 121 187 15 169 157 220 98 213 166 183 133 217 20 133 64 206 125 159 105 217 93 196 110 26
174 25 1389 54 195 185 160 16 123 174 36 29 143 186 94 114 51 28 247 169 99 181 34 109 213 56 225 155 103 159 114 30 15 111 166 124 176 38 199 13 169 193 98 162 206 148 139 104 118 188 137 52 143
175 25 1338 36 160 55 194 186 11 98 95 177 128 61 137 93 134 164 183 184 226 101 126 126 112 33 175 2 89 141 225 144 84 112 103 188 55 88 199 53 34 125 182 44 163 24 229 106 14 158 241 178 71
176 25 1226 26 3 173 114 95 215 38 238 198 51 92 88 56 131 86 160 67 62 191 112 76 166 193 151 24 206 53 31 99 131 152 74 33 126 37 177 140 126 116 138 126 59 75 133 89 112 192 57 25 234
177 25 1259 169 202 100 111 52 73 18 6 103 216 86 56 39 120 81 77 148 123 63 112 130 73 88 112 62 49 6 68 175 239 26 138 29 62 84 17 133 220 172 74 191 105 150 89 177 102 153 190 83 176
178 25 1153 77 44 139 27 149 208 1 140 146 178 145 108 189 62 41 207 47 12 78 170 153 234 71 143 162 124 195 1 106 170 27 100 58 153 150 166 5 139 13 234 18 157 91 208 84 164 69 145 93 40
179 25 1331 149 27 60 91 88 84 186 191 141 107 169 192 67 72 92 184 178 182 146 112 49 4 154 156 76 187 69 194 34 214 85 234 40 45 77 179 180 114 21 220 70 140 62 136 163 205 140 136 166 153
180 25 1305 137 170 109 92 95 97 163 141 130 226 75 116 67 121 92 97 102 155 118 24 126 59 187 112 21 241 82 162 178 198 115 164 19 225 8 165 71 120 55 203 197 132 168 115 4 109 111 56 180 79
181 25 1234 40 188 65 53 58 207 135 72 84 134 36 98 152 110 157 16 32 176 23 234 74 54 151 190 107 11 102 64 75 234 194 215 71 108 119 81 116 203 2 100 138 139 149 39 150 105 57 131 182 79
182 25 1430 165 207 134 17 198 242 28 249 156 4 132 49 120 5 159 189 35 174 43 88 25 181 128 25 69 177 181 227 9 214 155 125 40 244 117 132 171 18 187 126 99 87 96 105 45 134 191 121 178 97
183 25 1173 108 205 172 229 133 102 5 244 66 112 18 87 151 111 6 234 83 225 72 109 175 109 106 180 155 141 170 27 118 200 24 26 4 245 89 198 110 232 115 23 124 164 9 7 146 133 129 106 59 239
184 25 1232 13 238 193 3 8 70 73 157 145 248 62 141 155 2 188 14 35 55 37 36 58 162 49 118 120 196 102 150 54 160 38 16 198 33 21 207 104 93 15 248 190 126 138 146 178 77 159 212 131 47
185 25 1125 149 90 10 149 109 80 95 160 81 100 122 219 165 171 53 235 27 56 77 193 155 18 68 144 113 47 120 174 161 203 94 132 58 203 13 54 164 143 37 213 119 157 15 206 85 222 84 77 76 4
186 25 1143 97 19 166 43 191 191 5 43 63 66 38 246 123 240 110 78 156 52 132 42 117 52 51 181 57 37 93 114 80 246 12 1 56 91 4 111 85 68 126 124 115 200 114 74 129 21 25 210 141 113
187 25 963 14 24 22 1 28 214 16 9 59 177 161 221 82 53 76 244 89 195 19 13 159 220 182 98 48 159 109 161 51 22 25 126 95 125 5 58 92 116 18 118 176 190 151 131 166 245 69 12 15 133
188 25 1262 73 87 10 6 186 107 164 195 68 17 168 244 144 162 120 101 21 161 116 188 80 43 127 130 23 194 26 44 158 93 30 179 36 35 114 244 151 10 63 169 106 162 140 177 112 160 139 79 149 68
189 25 1394 174 178 196 223 25 41 180 219 17 59 49 104 163 199 146 74 62 164 153 19 177 92 96 41 4 236 171 154 144 81 3 90 154 127 82 185 148 50 94 196 53 41 110 204 186 84 65 51 136 135
190 25 1406 127 29 182 17 134 168 138 138 171 33 120 73 124 123 151 206 110 248 55 5 46 10 195 55 63 80 79 130 25 213 8 206 89 62 16 178 84 198 198 58 172 222 158 127 131 208 183 135 53 242
191 25 1252 31 159 56 110 97 134 91 223 99 49 28 93 177 219 6 142 98 241 39 245 48 10 69 7 138 51 116 221 188 68 114 68 127 120 180 125 55 120 199 155 120 127 149 246 47 104 87 194 146 78
192 25 1395 191 243 87 211 150 177 161 167 49 150 137 62 118 63 83 247 189 240 187 144 190 215 143 85 11 198 124 207 194 151 97 238 39 59 15 171 56 13 71 92 177 38 6 209 36 44 148 205 132 194
193 25 1000 94 97 36 231 59 133 54 65 28 56 13 116 44 73 4 11 194 209 73 64 50 51 3 55 60 190 159 144 132 104 140 30 39 20 38 24 75 55 101 230 119 16 123 142 70 133 135 178 158 198
194 25 1245 178 160 184 21 189 84 32 84 67 35 173 46 74 244 83 97 68 237 47 147 156 13 22 49 182 106 183 11 15 130 190 125 131 224 45 71 109 76 104 175 63 129 20 36 54 234 42 93 80 38
195 25 1183 150 94 161 48 77 117 180 188 33 211 79 159 41 204 106 13 112 231 166 138 43 146 9 80 120 213 163 11 105 145 100 156 138 161 3 165 134 204 111 244 172 186 98 101 15 239 4 111 47 183
196 25 1143 80 11 48 92 117 242 91 72 179 151 76 245 181 159 44 4 134 115 39 121 88 221 99 203 61 2 15 110 187 246 120 134 37 139 75 77 110 205 30 188 150 62 146 101 5 100 34 71 140 56
197 25 1034 61 230 79 162 34 41 165 198 150 51 45 122 184 131 10 58 159 71 63 240 8 64 102 104 64 8 55 100 29 46 57 91 125 135 104 58 26 119 157 75 19 151 148 205 33 57 164 44 28 228
198 25 1259 83 135 93 186 140 57 194 144 158 124 14 66 16 1 70 124 126 140 82 102 60 233 67 58 130 10 135 57 170 200 180 159 108 125 55 217 98 196 30 166 161 230 37 236 7 178 168 211 137 152
199 25 1173 10 53 68 167 32 128 4 40 122 125 89 101 185 198 26 39 164 75 184 246 90 97 75 28 182 84 155 1 44 42 102 5 146 20 73 179 47 226 18 20 59 120 158 95 175 22 72 211 67 113
200 25 1383 7 93 191 240 126 95 41 71 188 244 125 35 63 98 13 11 25 33 180 127 193 2 161 50 148 87 71 219 197 189 132 205 134 222 95 59 18 37 158 30 56 42 195 5 55 180 189 37 6 81
201 25 1224 138 18 130 235 4 53 56 3 193 137 107 226 60 3 137 127 191 118 34 171 75 28 165 30 171 61 174 209 18 204 46 235 35 83 90 89 194 182 76 103 57 85 5 43 163 246 12 49 118 37
202 25 1362 176 184 118 61 156 80 134 65 147 137 62 133 73 244 122 12 33 218 143 210 120 201 146 26 96 209 71 107 57 140 145 184 173 14 144 179 77 95 89 165 6 123 139 102 150 186 14 244 133 195
203 25 1197 91 108 90 101 31 248 159 222 45 142 95 108 37 75 153 15 119 43 131 174 66 220 177 212 19 63 63 208 109 209 50 118 1 200 197 159 172 191 53 68 51 139 144 203 106 14 147 36 89 12
204 25 1058 57 166 175 26 128 151 90 185 11 100 136 131 99 86 32 45 47 205 88 249 172 90 139 117 44 244 80 240 169 104 34 178 115 163 31 6 199 91 5 84 23 53 70 5 150 16 9 139 14 83
205 25 1251 78 104 199 121 148 181 110 81 15 170 184 243 85 196 173 142 46 115 149 79 188 3 48 192 152 115 2 192 80 84 169 84 41 33 115 103 13 15 117 134 11 20 47 183 162 192 100 10 70 87
206 25 1324 112 18 80 66 184 233 59 214 167 130 199 53 20 181 117 224 45 131 191 28 132 151 148 78 136 61 69 85 122 38 73 183 7 4 6 154 190 104 56 209 84 174 83 30 25 57 187 177 156 114
207 25 1203 64 118 32 150 89 170 122 74 128 27 73 68 113 233 75 18 72 228 174 233 49 17 192 155 43 51 91 219 108 55 35 226 38 184 164 59 158 87 87 234 62 156 198 94 31 116 168 8 41 202
208 25 1435 21 189 18 114 145 10 164 136 30 22 42 114 147 181 100 112 190 209 99 226 94 60 183 142 55 13 159 224 73 151 125 243 191 142 8 136 153 122 123 83 195 16 198 93 146 49 154 185 57 152
209 25 1339 162 51 163 245 194 68 109 4 191 231 6 216 25 196 9 33 83 212 156 55 96 250 72 193 42 118 94 45 104 100 199 166 52 111 197 178 70 150 121 203 105 138 27 203 148 161 87 159 166 144
210 25 1246 4 165 115 99 156 182 94 153 36 143 101 103 47 61 166 143 191 187 143 13 189 49 2 18 51 199 178 238 58 94 133 13 10 47 13 116 179 6 20 166 120 120 147 232 87 139 122 123 131 84
211 25 1304 62 82 185 29 84 136 158 23 143 151 105 107 111 52 72 228 82 177 47 149 29 18 120 25 49 56 164 71 78 196 106 41 79 193 119 63 128 127 135 172 129 192 80 241 151 218 176 80 16 124
212 25 1074 108 35 93 133 134 150 198 206 127 93 113 118 74 5 88 136 34 16 122 207 45 13 87 135 7 137 5 82 116 222 107 74 57 151 106 142 55 97 97 159 96 222 16 133 157 51 99 31 8 43
213 25 1072 143 94 129 150 130 85 83 48 57 140 21 165 92 178 6 192 132 152 170 30 62 15 102 177 47 210 30 45 40 87 39 33 120 34 11 154 118 58 12 209 180 226 151 207 33 42 188 136 48 77
214 25 1053 21 76 73 32 105 120 22 241 160 156 79 189 33 235 108 192 46 217 172 124 69 178 58 62 168 244 72 189 91 98 11 218 122 42 23 41 13 215 51 218 89 31 158 121 115 16 64 163 184 135
215 25 1218 138 2 15 245 113 32 38 186 172 28 185 82 198 56 173 220 149 38 86 149 105 124 31 115 46 46 80 10 58 65 144 95 66 160 141 230 43 179 65 114 49 195 55 206 120 124 54 207 112 154
216 25 1226 161 135 35 177 131 82 6 92 141 222 87 87 37 247 27 118 39 205 182 153 63 182 199 167 40 118 143 143 174 154 49 137 90 185 13 222 166 221 163 8 142 150 144 81 46 222 48 184 127 82
217 25 1146 88 41 115 137 9 104 4 53 199 180 156 247 16 198 81 230 169 48 102 232 55 244 133 250 126 128 71 225 13 249 58 203 89 23 139 200 94 2 76 123 108 72 190 7 154 122 25 151 23 8
218 25 1391 157 18 40 158 143 219 129 20 134 127 77 186 118 51 76 217 79 69 154 44 177 176 85 33 181 56 10 134 29 169 46 159 50 41 178 60 114 56 188 249 123 139 126 39 67 147 159 122 142 135
219 25 1290 199 226 120 30 184 181 63 214 149 204 9 109 103 101 38 82 12 151 152 2 160 90 79 101 158 225 159 81 66 195 80 94 116 9 27 246 73 190 145 78 150 203 181 203 142 164 14 145 1 165
220 25 1352 198 113 56 76 113 65 153 23 46 168 67 125 61 135 135 89 130 7 28 76 84 130 179 166 132 22 180 45 116 232 62 15 44 167 141 56 82 243 79 12 149 103 75 133 137 213 164 195 93 190
221 25 1263 130 222 120 148 153 91 29 97 59 60 158 123 4 177 15 61 60 57 193 238 121 91 92 45 23 130 138 74 151 127 155 172 46 202 124 139 80 173 47 90 82 221 195 108 136 7 167 194 49 206
222 25 1374 114 41 147 10 115 26 119 53 151 69 179 6 41 227 157 214 165 89 88 213 180 170 83 124 77 218 182 246 12 81 3 127 123 52 137 88 27 5 90 130 75 170 187 165 196 45 31 112 70 74
223 25 1378 62 239 157 137 68 76 169 113 89 51 17 216 73 68 54 110 97 60 151 126 134 21 12 1 118 156 183 130 141 152 55 52 91 163 189 8 109 222 177 209 188 144 131 56 147 193 2 156 143 29
224 25 1301 92 165 142 242 183 249 74 164 139 225 18 43 167 233 33 224 21 241 47 149 199 35 43 31 141 223 45 249 168 225 190 134 116 231 118 214 106 81 5 130 51 247 149 235 129 24 155 171 71 205
225 25 1019 19 207 49 149 100 192 124 94 40 193 70 179 26 135 61 244 50 166 176 6 147 178 54 95 112 182 119 218 2 189 25 72 197 123 23 246 14 148 191 3 140 110 33 17 196 43 12 147 58 140
226 25 1223 3 105 69 6 51 183 190 169 150 243 109 26 67 205 199 239 164 136 169 77 49 201 193 196 46 57 55 196 195 9 2 162 96 243 30 48 86 141 123 152 73 242 37 127 136 157 5 137 149 82
227 25 1325 154 55 124 209 70 69 116 224 80 113 166 162 160 201 152 85 146 157 145 42 95 173 180 153 77 66 112 78 47 165 82 173 25 234 144 44 101 17 75 163 133 36 23 35 39 9 89 187 115 35
228 25 1243 180 162 10 9 164 138 74 175 15 73 92 97 195 166 82 38 111 232 57 186 44 139 73 68 75 114 26 115 93 150 179 106 61 138 121 198 163 196 113 135 39 111 181 6 194 19 17 125 127 104
229 25 1218 170 17 178 40 141 141 117 156 192 59 107 23 166 217 12 37 64 74 34 178 9 72 88 41 177 181 59 245 7 187 50 129 3 228 68 244 20 134 151 12 145 9 86 60 175 147 148 240 70 31
230 25 1375 118 30 4 57 171 133 190 231 29 98 79 226 120 156 143 215 125 27 117 238 23 75 173 232 99 121 32 141 91 62 110 222 168 68 194 250 159 125 128 107 44 8 134 115 63 77 82 140 155 248
231 25 1304 179 127 123 204 60 223 124 241 165 16 55 124 38 124 92 131 25 52 157 202 152 62 194 217 22 148 15 76 145 194 104 69 49 115 192 72 158 6 90 112 182 29 137 25 61 61 26 118 64 86
232 25 1199 169 175 31 37 49 2 86 215 179 33 160 232 1 8 148 244 132 155 52 121 68 83 99 204 57 159 164 34 128 128 71 199 152 101 187 52 73 17 130 155 126 113 7 136 111 101 17 67 2 39
233 25 1201 35 136 87 138 194 197 154 229 77 131 50 227 84 50 63 86 54 37 2 135 141 229 98 150 164 160 180 226 3 218 160 188 6 150 133 55 103 111 183 135 59 168 62 223 153 215 106 99 52 185
234 25 1405 98 201 148 107 152 80 183 206 199 94 93 155 195 127 111 99 88 143 83 149 103 151 60 25 105 176 86 211 127 188 147 74 40 44 33 144 125 217 49 124 94 130 7 220 190 105 157 184 138 208
235 25 1399 136 90 167 112 194 95 148 156 171 37 102 146 28 48 178 21 72 144 20 145 156 213 74 62 182 65 16 241 105 198 87 194 116 49 140 210 48 45 130 36 197 76 63 244 5 184 101 53 162 156
236 25 1366 117 137 169 150 154 86 140 153 41 189 40 236 5 240 125 14 187 170 46 172 168 223 36 63 77 119 29 177 73 190 184 241 129 2 191 232 88 30 186 130 19 75 65 23 164 240 138 52 161 183
237 25 1347 75 228 55 11 190 84 131 218 60 106 160 46 96 188 147 236 121 236 168 6 65 188 83 82 112 98 71 199 100 81 32 76 110 138 36 199 167 18 133 24 27 128 169 66 26 207 186 114 174 194
238 25 1256 28 11 126 161 22 223 131 122 174 163 5 50 43 237 72 65 140 147 78 18 47 84 104 3 121 117 178 66 46 188 41 107 61 16 189 232 102 87 75 181 179 249 195 133 190 244 107 221 59 192
239 25 1276 174 63 115 90 40 130 86 29 23 244 91 40 132 222 130 33 10 122 60 90 158 187 134 249 182 246 157 2 4 49 178 118 65 167 57 196 54 237 20 149 177 9 81 51 191 215 110 112 124 152
240 25 1426 163 133 140 248 131 221 194 238 124 49 38 151 167 204 70 125 99 75 62 119 24 190 179 54 90 219 168 52 132 244 55 244 28 244 142 109 66 87 198 139 35 187 42 51 192 163 176 242 137 139
241 25 1284 160 62 178 191 15 68 59 235 171 91 130 25 36 57 170 29 67 185 16 175 50 2 2 95 78 179 187 67 117 48 47 238 93 166 179 136 189 158 12 24 64 131 153 231 119 46 120 150 157 22
242 25 1277 44 134 2 182 119 230 78 217 67 172 182 215 52 119 53 9 180 179 174 10 181 156 126 249 66 221 22 242 48 158 93 230 159 13 61 138 31 129 109 212 144 12 148 122 111 176 196 70 108 101
243 25 1406 195 109 4 11 129 208 34 172 56 191 16 87 131 147 187 11 127 198 173 72 159 154 170 81 15 97 128 136 157 228 183 65 134 95 141 128 166 196 69 83 184 70 63 132 6 24 5 98 180 114
244 25 1406 51 1 96 67 150 173 53 156 152 37 172 235 181 66 26 110 83 121 180 165 5 99 78 136 157 201 146 211 126 176 50 178 171 69 127 245 23 32 97 159 155 83 141 122 158 250 154 231 80 221
245 25 1462 87 230 150 74 186 52 20 99 1 247 174 202 74 97 193 142 184 41 50 139 142 10 131 42 116 111 121 138 147 50 137 21 88 40 192 36 90 188 111 191 161 7 63 13 152 204 49 92 106 39
246 25 1251 165 147 100 96 88 215 108 110 154 5 62 192 27 199 131 170 86 72 57 246 63 69 155 75 34 156 180 232 97 87 20 212 84 21 109 23 16 235 191 72 96 233 196 213 169 131 87 177 28 149
247 25 1125 98 82 25 31 39 56 164 86 193 235 149 126 5 57 150 92 24 234 33 196 79 217 197 126 131 66 106 167 94 234 117 191 67 93 73 6 49 186 41 22 141 18 17 220 124 1 104 21 31 22
248 25 1316 118 207 3 183 114 71 128 149 88 69 66 80 191 71 28 179 115 120 100 205 87 180 155 6 50 28 8 205 199 188 177 166 46 131 150 60 101 77 158 188 147 125 120 138 97 199 68 161 119 117
249 25 1146 65 57 97 21 12 48 49 21 154 199 161 182 114 56 15 217 43 27 4 90 1 23 127 198 22 144 108 142 112 223 48 10 95 112 9 143 182 13 141 44 196 56 100 108 172 168 72 165 194 227
250 25 1099 4 95 150 82 92 73 27 149 14 40 123 13 50 68 176 60 112 210 124 5 3 220 10 204 127 234 22 150 148 65 128 3 9 227 184 200 151 160 51 114 99 25 129 100 142 204 110 6 13 83
251 25 1391 10 166 152 171 69 230 104 240 131 153 105 209 65 37 88 117 38 249 167 153 148 91 81 149 185 187 108 40 149 243 151 116 196 71 137 228 177 76 60 229 82 120 84 149 109 223 15 48 172 81
252 25 1418 50 21 23 183 69 57 19 79 148 69 173 98 35 170 171 21 97 97 109 75 182 30 160 180 38 33 94 85 54 126 137 126 48 69 144 57 189 224 154 107 196 102 93 66 174 15 164 70 115 224
253 25 1386 196 96 154 56 127 41 190 172 78 45 197 114 70 46 184 65 2 72 189 208 30 36 111 25 3 134 41 17 155 240 198 152 95 105 128 136 94 51 163 190 47 78 109 143 74 96 34 212 103 165
254 25 1381 197 213 41 52 96 182 118 150 188 159 190 4 56 19 191 200 120 205 141 18 32 100 112 142 123 108 127 86 162 191 84 225 182 235 22 15 104 174 2 63 23 141 68 28 12 158 179 81 193 169
255 25 982 112 136 43 171 164 230 132 56 13 8 37 250 32 153 103 205 5 67 77 147 84 206 158 141 85 90 54 104 192 98 124 103 83 18 25 98 47 56 59 166 42 158 149 195 113 3 1 229 31 97
256 25 974 13 136 57 205 20 196 111 125 87 8 50 41 143 117 165 190 73 93 24 90 35 133 138 181 145 242 31 24 122 227 38 57 33 42 29 131 52 55 119 62 5 212 54 123 128 195 136 152 141 24
257 25 1389 143 230 154 138 121 186 113 142 112 100 51 97 43 129 129 47 33 249 158 189 10 113 90 57 199 191 196 109 134 219 163 24 36 209 77 223 103 129 71 146 157 249 144 42 149 151 130 59 63 143
258 25 1296 121 41 40 117 51 173 187 54 88 63 143 123 73 47 199 197 151 228 117 48 186 217 191 229 16 93 161 226 57 203 77 128 96 166 46 96 89 32 128 196 142 100 19 40 65 192 134 240 15 52
259 25 1183 130 45 119 173 5 46 29 58 72 108 188 203 150 178 187 249 155 32 42 106 102 133 74 34 52 63 198 205 95 42 67 249 21 147 108 143 112 232 159 11 11 145 9 17 77 102 178 234 26 196
260 25 1332 10 59 99 222 158 54 116 52 79 234 150 149 133 207 191 237 168 124 47 230 184 42 141 150 20 192 123 197 78 149 45 187 109 195 60 217 148 226 18 178 61 169 77 43 175 219 81 94 193 28
261 25 1087 73 78 119 163 180 138 107 202 86 234 2 180 70 11 25 179 129 224 56 198 102 67 16 80 61 240 148 92 35 242 69 7 20 39 72 149 76 228 52 213 161 154 195 232 164 221 62 94 94 120
262 25 1343 141 197 138 156 76 248 97 74 139 181 115 59 189 236 49 60 84 226 136 189 149 91 183 182 56 153 144 199 198 165 39 247 102 246 172 199 42 197 190 24 14 50 64 99 124 85 24 214 22 14
263 25 1171 13 112 146 96 169 200 141 17 105 5 96 6 50 119 57 93 166 48 118 31 97 131 181 197 56 167 21 170 88 36 84 151 82 179 83 70 35 32 126 91 129 84 92 248 140 136 65 39 3 47
264 25 1182 185 234 127 82 39 194 154 108 33 139 41 134 122 222 157 143 141 240 68 233 119 201 27 218 42 162 34 230 115 30 67 100 106 150 40 101 105 248 84 243 190 69 111 22 23 153 162 162 73 147
265 25 1414 82 175 123 99 169 84 132 198 100 213 116 49 115 189 171 19 138 54 164 179 122 32 190 246 4 194 9 217 18 55 49 93 27 49 161 61 183 110 112 195 126 13 165 142 1 36 163 90 189 126
266 25 1341 168 63 107 59 158 212 103 216 28 22 71 128 64 247 127 26 109 11 186 123 105 113 185 122 6 187 157 118 26 97 45 43 159 1 54 68 164 58 34 242 179 156 171 193 104 249 18 163 155 35
267 25 998 14 169 121 85 175 207 143 244 82 189 139 126 150 191 79 17 5 136 50 98 117 205 118 9 9 67 128 223 27 135 109 140 3 129 26 179 37 168 23 168 159 11 95 158 1 76 124 57 63 76
268 25 1189 104 129 30 74 89 90 92 67 114 168 51 22 158 105 2 235 134 188 55 206 107 213 68 204 72 18 79 145 25 193 120 80 102 153 160 43 144 228 157 62 130 80 171 135 84 57 20 223 111 77
269 25 1439 132 125 194 235 146 13 115 93 37 57 12 19 30 15 121 142 108 167 21 116 151 47 180 208 56 203 119 184 136 245 127 70 91 89 86 183 128 194 196 174 163 68 167 122 84 137 189 165 89 135
270 25 1104 64 77 65 24 84 169 142 117 4 138 143 175 80 134 60 114 113 153 160 160 128 24 127 94 95 63 33 233 27 173 119 43 150 83 66 183 3 209 50 208 148 94 132 28 129 91 41 91 46 202
271 25 1206 52 23 25 181 19 221 45 51 105 71 75 24 65 74 158 132 9 61 192 10 70 140 153 2 167 34 144 159 26 39 111 78 114 187 8 132 110 102 134 64 74 108 189 91 184 147 124 142 59 16
272 25 1272 1 178 7 105 81 25 138 225 83 114 165 145 193 28 32 152 161 91 155 44 106 230 54 195 22 37 41 246 180 1 13 180 178 221 84 209 95 24 35 29 137 1 74 31 181 107 141 49 187 54
273 25 1187 117 142 100 39 28 42 36 59 142 248 138 72 18 21 82 64 194 166 192 32 66 117 114 46 25 95 139 123 34 177 179 201 68 230 41 97 122 226 5 63 123 142 86 42 167 105 60 32 98 43
274 25 1333 100 165 7 197 91 153 35 66 137 161 194 39 130 175 79 176 96 104 180 111 28 73 196 219 187 213 73 98 170 140 95 136 48 194 127 101 178 42 39 191 87 227 61 207 98 209 60 127 171 237
275 25 1166 150 16 157 138 80 231 85 176 126 172 138 174 65 64 76 145 66 85 195 244 156 205 5 15 11 232 49 33 51 5 22 132 185 108 86 83 79 23 108 195 38 233 89 246 75 40 93 83 147 44
276 25 1282 187 111 54 20 146 204 154 98 58 175 29 44 32 138 80 217 168 104 74 162 44 159 103 139 8 127 81 3 159 127 96 248 39 52 117 236 155 23 83 213 197 164 158 81 153 87 147 120 43 120
277 25 1297 133 186 180 235 26 140 164 58 192 24 84 39 171 125 140 140 10 95 62 193 59 210 108 16 190 110 5 188 131 99 60 65 36 39 2 61 178 115 71 171 154 210 113 28 99 2 145 15 82 153
278 25 1187 126 241 171 218 152 77 155 134 125 64 48 60 5 201 172 132 165 192 103 55 148 114 19 77 112 122 116 157 86 99 11 63 89 33 30 142 59 185 25 33 150 75 94 54 66 38 142 209 6 55
279 25 1435 66 233 187 48 74 224 149 237 186 87 169 168 181 128 104 207 162 53 56 209 158 223 46 201 131 39 98 87 93 15 21 160 53 70 136 76 168 222 13 7 140 130 137 219 83 145 81 238 178 186
280 25 1064 46 185 8 43 137 88 133 136 26 127 100 48 38 104 18 123 179 185 96 243 93 38 75 231 106 57 186 146 3 23 193 87 32 87 25 222 119 60 147 145 61 45 164 14 57 92 50 203 36 93
281 25 1279 140 160 123 97 19 198 135 214 150 207 159 38 191 95 62 62 64 123 10 110 83 56 42 96 99 39 69 203 175 63 94 236 85 140 54 185 24 120 86 133 178 174 173 222 137 136 160 45 47 144
282 25 1174 151 40 40 21 90 28 141 242 104 155 137 90 140 27 145 76 2 114 161 84 93 236 108 167 125 43 103 36 188 1 29 40 20 162 30 150 55 174 53 159 10 194 48 188 89 125 190 154 97 173
283 25 1355 33 15 147 127 117 134 114 220 163 105 110 82 69 191 131 123 116 86 31 128 17 69 105 56 75 142 83 173 67 67 137 15 193 155 99 9 174 63 165 235 146 83 78 79 155 243 164 236 22 44
284 25 1266 168 139 65 122 196 141 116 28 13 32 144 101 146 139 57 46 147 231 8 111 17 104 96 94 182 250 87 197 187 58 42 4 98 158 178 94 148 93 123 212 26 67 12 123 107 21 119 55 51 128
285 25 1381 115 67 31 210 161 14 12 99 198 8 6 152 156 163 129 149 163 73 171 24 189 188 120 197 58 88 51 60 68 166 78 150 127 240 14 140 188 77 88 198 182 41 153 97 71 3 159 93 75 182
286 25 1082 40 116 21 161 62 178 101 63 89 168 30 67 17 158 156 82 198 246 111 187 93 92 27 47 88 247 149 198 91 125 82 240 2 92 52 130 44 216 168 211 97 136 180 54 42 211 153 187 71 139
287 25 1197 29 165 15 175 154 213 125 152 105 199 133 186 41 84 130 194 165 173 159 33 184 157 170 13 10 211 75 15 99 148 103 229 12 120 55 117 84 79 68 189 30 2 174 170 86 3 113 2 76 123
288 25 1074 134 161 29 156 125 90 66 99 104 115 48 109 195 11 28 200 128 161 147 99 9 249 25 30 136 77 94 187 154 116 23 14 96 228 88 188 95 239 93 161 86 1 6 199 30 55 176 241 34 174
289 25 1251 191 45 124 15 24 209 94 68 148 47 185 172 163 31 151 52 118 195 40 110 8 228 13 63 78 42 19 103 134 152 126 75 46 152 91 122 60 236 139 209 135 223 32 47 155 232 50 72 179 240
290 25 1096 34 236 119 98 198 96 39 118 173 19 77 199 17 78 91 188 90 227 176 100 113 200 32 111 5 63 10 228 191 151 13 76 121 210 125 166 49 92 67 121 63 244 21 131 111 68 62 239 195 62
291 25 1137 1 244 45 61 57 121 28 250 173 240 127 194 2 152 161 150 95 28 22 159 123 42 139 147 104 208 61 43 152 22 145 98 166 8 99 174 78 173 70 100 71 103 6 120 149 135 93 60 107 236
292 25 1166 148 153 189 158 13 183 161 236 78 210 3 35 159 129 114 136 101 115 105 2 110 127 6 17 46 5 51 190 164 9 175 13 120 126 96 33 63 25 92 168 59 152 98 174 38 198 94 52 50 173
293 25 1371 107 168 170 11 118 210 176 76 34 41 38 199 62 65 45 94 30 221 186 149 180 237 96 203 43 172 146 244 194 5 111 113 17 80 174 43 157 58 135 197 156 246 113 202 90 242 73 27 92 54
294 25 1336 165 37 58 241 184 53 114 231 96 107 85 59 21 102 138 245 94 247 154 180 193 159 175 55 13 14 199 237 90 140 40 155 29 249 147 12 101 10 92 199 118 227 59 140 78 98 36 73 194 139
295 25 1223 102 36 50 176 91 112 92 239 98 183 178 239 139 8 89 37 169 140 48 11 90 217 189 48 7 18 95 92 31 193 26 232 20 216 93 113 156 42 148 36 182 86 43 220 123 164 11 122 176 150
296 25 1238 39 114 199 195 181 194 38 174 134 220 16 159 51 187 27 145 2 134 188 49 171 169 186 64 191 210 129 201 182 104 53 170 67 1 96 205 22 79 25 89 140 227 127 168 122 28 61 178 30 164
297 25 1568 187 170 73 65 172 204 170 174 25 236 27 42 186 72 197 9 151 23 147 92 199 75 111 222 153 161 133 132 134 162 145 172 18 88 56 223 107 32 94 58 191 229 179 189 37 131 135 74 110 10
298 25 1403 184 181 64 197 113 95 182 176 92 54 110 159 143 68 83 100 149 134 95 8 177 226 136 15 114 119 26 249 42 185 160 228 67 175 74 130 169 55 157 10 60 219 120 203 155 154 36 90 98 243
299 25 1261 116 23 80 181 137 98 56 187 42 90 96 119 70 42 187 90 146 46 2 56 114 73 160 151 179 13 36 119 60 230 34 185 59 214 171 57 119 207 100 208 154 168 175 61 54 116 106 49 69 63
