0 25 1213 174 23 157 175 21 37 74 62 107 26 125 126 108 185 168 174 169 71 53 106 57 142 27 234 93 159 117 48 140 145 141 241 67 97 142 65 34 215 128 92 40 152 44 74 86 236 147 154 8 201
1 25 1070 36 40 92 213 173 159 73 89 133 190 108 200 130 1 22 196 40 32 135 43 125 1 46 44 99 132 6 172 12 39 47 100 78 65 87 202 124 34 165 133 74 83 104 124 131 199 66 12 35 236
2 25 864 87 230 81 135 13 114 33 202 77 29 26 81 19 214 7 169 72 173 153 72 46 235 127 21 65 228 136 78 64 97 116 101 29 148 137 243 61 245 114 125 44 196 45 207 52 90 6 149 118 229
3 25 1129 46 79 132 67 71 234 54 223 148 178 15 123 31 138 61 200 73 55 44 14 82 239 34 203 173 186 68 205 86 137 160 232 116 150 85 25 103 185 172 55 174 21 112 61 156 212 13 207 49 19
4 25 1143 45 32 21 94 144 115 173 107 51 82 163 216 98 89 127 249 93 111 72 123 110 167 111 197 124 49 157 188 30 80 8 52 89 29 70 32 88 246 3 77 100 17 91 200 135 54 71 59 113 114
5 25 1166 69 136 140 195 168 2 124 74 85 102 87 190 47 69 159 143 33 31 70 237 45 72 103 36 146 87 139 219 20 28 57 41 63 248 160 157 75 183 31 59 62 17 50 235 152 245 91 246 156 110
6 25 1072 169 85 72 42 122 187 135 66 41 193 8 81 166 192 112 42 77 217 25 113 61 199 47 22 83 75 18 248 22 98 110 91 58 58 132 206 170 243 98 60 37 81 92 227 97 229 45 100 147 219
7 25 1298 112 132 119 160 131 204 134 123 1 8 123 12 148 107 70 81 137 166 125 184 52 211 141 69 165 138 149 159 14 195 80 153 129 100 62 184 3 148 56 106 130 128 67 104 159 38 136 45 153 210
8 25 1248 156 30 47 196 173 163 160 246 174 42 103 176 20 2 139 153 105 88 136 160 44 188 128 197 99 166 82 170 43 43 152 249 167 48 46 79 59 193 27 107 37 154 134 158 56 75 137 162 73 73
9 25 1203 56 12 150 202 110 115 61 57 60 180 83 83 171 57 154 27 41 223 3 247 136 182 33 69 164 57 106 250 118 203 124 223 14 123 152 101 138 164 32 72 170 166 129 143 73 184 119 113 9 196
10 25 896 11 169 54 193 114 167 126 69 143 69 46 191 43 87 14 21 128 36 122 76 156 212 56 123 109 117 66 148 102 88 34 247 42 153 161 85 4 154 28 174 52 145 68 215 85 189 3 64 26 49
11 25 1079 116 56 137 72 105 148 90 172 70 118 135 5 39 178 110 199 37 13 30 216 138 83 136 205 122 22 101 86 96 51 128 228 162 101 8 161 15 179 58 7 23 217 48 23 104 37 52 46 99 161
12 25 1357 81 131 9 30 152 209 92 47 134 144 127 23 145 134 108 236 89 92 120 204 142 22 128 89 150 215 18 46 165 78 153 20 112 184 72 197 125 145 133 146 48 80 115 6 139 227 106 71 52 211
13 25 1028 137 98 138 226 73 204 143 245 19 72 99 215 135 83 134 232 60 166 29 182 145 118 90 210 20 61 167 165 37 227 129 234 117 129 8 22 23 177 46 178 32 106 10 96 139 93 30 231 97 87
14 25 1004 175 41 28 36 37 38 53 152 26 131 5 9 147 35 167 221 59 220 12 54 149 118 86 8 14 76 20 56 124 158 32 64 160 168 122 54 174 202 35 58 101 96 126 121 129 172 7 157 21 27
15 25 1073 120 30 17 95 7 61 26 5 146 134 96 205 126 73 104 224 128 129 139 186 34 138 98 237 12 206 20 82 107 14 163 73 109 195 136 111 101 56 144 73 37 147 72 192 24 71 122 114 58 222
16 25 1295 172 98 146 233 34 77 155 192 158 93 29 233 51 98 20 163 124 227 107 73 115 53 170 132 99 145 54 171 134 13 94 5 110 115 90 220 93 169 161 202 163 65 111 166 14 105 153 14 33 86
17 25 983 37 123 40 8 6 14 2 11 161 160 123 29 90 235 120 106 154 37 26 115 66 238 131 126 28 146 158 160 163 168 73 137 83 105 117 23 81 2 8 166 77 188 107 111 64 64 21 14 30 161
18 25 973 78 162 87 108 83 119 65 217 158 107 16 20 166 20 13 138 142 47 17 93 60 75 130 167 163 220 64 78 27 250 131 13 38 140 70 108 79 138 15 37 5 111 153 174 76 142 19 189 92 236
19 25 1137 23 19 167 191 133 111 129 161 37 130 118 77 117 82 71 226 12 136 173 40 5 52 141 105 94 116 98 234 109 85 33 179 126 50 114 78 47 150 85 216 151 178 74 224 61 221 82 102 75 9
20 25 1048 67 207 104 134 31 37 170 141 146 223 93 195 109 156 49 7 6 183 74 133 136 222 133 116 56 168 138 122 12 198 140 245 76 126 151 139 20 191 69 158 5 228 66 203 111 73 11 160 123 131
21 25 1338 115 213 14 34 125 53 30 188 77 45 58 102 172 233 142 191 150 227 84 182 83 13 97 110 174 169 122 110 126 46 117 240 35 205 173 9 59 30 74 210 151 231 88 197 140 106 139 89 132 172
22 25 1192 122 239 87 71 151 237 141 149 46 168 120 39 109 54 71 134 115 204 88 65 89 88 153 136 61 34 149 49 117 147 97 58 83 92 108 169 60 156 14 202 102 53 81 250 144 22 33 86 43 47
23 25 1180 82 146 142 31 55 92 122 53 15 54 111 159 163 154 168 171 70 246 72 174 156 229 48 151 125 125 133 187 45 156 42 87 47 243 29 70 146 119 49 133 152 138 136 71 158 55 41 180 53 124
24 25 1154 160 2 99 10 102 134 173 173 39 68 164 228 55 187 22 34 156 117 104 231 26 132 19 137 2 28 168 17 9 123 40 69 116 180 149 227 124 39 44 239 91 26 100 88 159 33 81 164 107 45
25 25 1083 58 145 121 113 62 12 21 59 4 239 160 19 93 238 92 247 64 57 167 102 148 167 54 12 50 161 119 240 150 177 34 110 96 29 174 110 118 244 43 146 10 54 102 42 132 248 30 238 65 108
26 25 1317 137 56 36 173 158 248 119 224 75 120 83 86 66 138 59 50 155 152 44 27 63 225 140 90 166 223 39 22 80 129 24 236 167 249 170 214 142 193 165 61 102 25 153 190 108 152 162 73 21 24
27 25 1064 47 37 15 62 12 154 10 174 133 63 74 170 131 247 116 95 63 36 59 101 39 161 128 128 170 207 99 131 129 194 7 75 57 73 13 45 28 172 118 13 161 217 107 217 113 25 163 3 137 48
28 25 955 105 100 108 157 3 153 163 28 60 243 21 243 92 154 41 54 99 143 102 18 30 163 34 189 29 49 115 41 78 226 38 107 52 148 40 6 50 80 109 72 152 241 159 94 94 59 61 223 76 141
29 25 911 85 162 6 115 12 245 105 214 172 94 72 248 66 138 79 142 92 36 3 141 116 206 156 1 124 26 111 34 48 88 76 132 74 58 46 162 2 2 127 123 23 223 113 36 101 182 4 113 9 244
30 25 1131 5 64 149 105 87 150 15 247 72 205 125 131 53 182 28 217 161 230 43 60 27 193 157 216 130 109 122 35 147 5 104 76 93 4 33 31 78 149 127 103 2 32 160 111 124 20 115 168 105 118
31 25 1067 10 111 36 41 145 184 51 43 89 206 45 108 9 2 139 112 101 18 15 3 169 248 135 103 83 135 100 50 28 54 94 14 114 204 107 235 88 232 129 178 174 137 97 100 52 210 44 74 80 164
32 25 932 98 116 144 133 76 93 157 155 96 200 93 161 6 74 71 245 1 172 70 224 135 44 74 37 128 175 55 179 106 94 3 247 37 85 22 54 141 3 18 170 11 175 171 208 69 104 59 192 24 57
33 25 920 51 194 107 239 96 9 94 226 64 114 4 135 152 13 8 82 106 235 57 50 44 224 52 152 144 205 160 185 5 143 87 48 102 228 46 235 21 71 123 111 49 110 89 114 117 220 3 145 60 146
34 25 1028 118 138 147 213 92 133 99 49 103 135 46 104 112 191 88 109 114 62 139 171 134 77 40 30 72 43 82 168 102 128 10 216 49 57 9 97 155 36 3 139 47 95 28 156 8 139 160 139 100 26
35 25 859 18 124 43 150 41 146 52 178 111 52 76 19 135 123 126 245 6 28 10 2 174 164 9 182 30 87 130 214 102 54 166 244 4 158 45 53 71 247 65 73 124 33 157 246 8 129 1 137 15 55
36 25 1010 111 129 38 144 58 1 48 98 127 3 82 197 90 203 1 188 174 115 160 174 99 143 95 109 123 222 20 88 78 207 143 191 25 202 118 49 26 222 40 246 10 136 112 236 87 100 83 110 73 103
37 25 1204 81 206 125 103 153 164 55 111 31 22 63 34 67 111 34 240 39 123 160 50 135 146 136 95 45 224 171 204 46 56 114 201 56 168 155 194 123 68 127 21 80 60 137 240 146 28 20 12 110 193
38 25 1327 24 4 16 172 82 249 42 13 140 219 45 232 131 141 68 2 97 230 88 75 168 68 169 181 150 175 90 17 126 45 157 222 127 33 163 116 147 106 137 180 31 51 111 23 146 14 144 200 55 107
39 25 1214 124 74 151 19 5 100 44 46 68 244 116 2 92 194 11 204 136 232 109 22 113 192 174 25 164 144 138 210 118 193 166 218 41 193 114 122 45 134 70 214 104 110 115 45 30 100 98 65 83 158
40 25 937 63 196 124 213 45 165 7 110 24 51 154 41 121 21 108 209 18 229 17 14 43 172 73 157 116 129 84 213 68 41 22 232 163 173 144 58 37 152 169 210 30 172 27 175 142 186 10 186 65 178
41 25 1065 24 107 99 173 65 64 151 223 53 95 116 201 126 203 173 122 112 209 105 20 29 51 96 205 20 57 164 30 73 218 4 31 43 3 45 83 170 210 25 85 138 178 14 135 169 173 32 113 85 86
42 25 1073 8 229 144 199 83 66 93 88 21 186 116 92 18 246 36 80 145 247 67 172 136 226 97 238 171 97 94 136 125 103 148 207 82 43 133 25 7 180 112 72 129 169 9 10 14 180 78 187 81 111
43 25 984 129 201 82 225 111 6 27 10 139 112 46 154 132 197 60 236 133 59 59 188 67 198 17 73 81 240 57 141 170 233 147 219 45 102 105 17 162 162 38 135 100 142 6 210 5 183 26 129 24 130
44 25 1102 106 165 112 196 59 246 142 128 67 245 100 196 62 33 54 200 19 168 10 91 167 78 47 229 84 229 129 137 104 154 12 170 130 107 152 149 108 143 70 82 16 6 64 94 156 159 136 142 99 29
45 25 1082 69 45 32 80 25 88 116 231 68 186 117 13 42 100 18 248 48 86 120 81 53 100 119 73 154 185 150 202 115 119 24 72 86 15 130 103 26 48 17 17 148 159 62 247 133 249 141 238 151 43
46 25 1016 108 50 49 236 84 99 163 48 44 138 146 118 12 231 142 186 86 166 4 155 138 163 16 162 70 214 102 160 66 44 167 240 145 30 23 193 19 122 13 206 168 230 17 73 90 35 35 101 126 114
47 25 1006 107 115 128 72 26 197 37 28 58 179 48 150 170 17 104 94 161 247 15 173 7 4 120 232 94 5 43 21 81 127 71 35 100 197 32 38 89 68 73 190 162 15 20 180 75 68 146 100 46 53
48 25 1006 53 193 161 23 24 78 18 105 86 21 100 20 95 73 103 209 23 144 1 248 85 214 162 155 38 222 66 37 70 145 117 137 5 14 60 209 82 39 94 179 165 66 149 90 134 237 63 85 59 98
49 25 972 75 97 77 145 37 75 60 25 169 131 41 7 82 191 45 40 131 16 18 246 106 68 62 100 102 173 40 63 84 212 112 207 65 208 95 241 119 72 135 74 14 118 35 70 9 55 59 139 172 77
50 25 1120 61 104 21 172 78 122 147 169 136 57 105 248 90 46 132 60 112 1 6 148 74 69 165 11 91 175 142 99 114 88 27 151 41 23 75 245 146 121 14 32 77 145 156 41 66 187 152 79 12 184
51 25 1126 3 113 130 194 148 95 119 39 170 34 76 72 9 66 46 108 12 191 105 75 99 108 120 204 149 12 168 202 140 179 61 19 66 240 87 15 59 80 128 230 63 30 51 149 97 98 108 109 38 183
52 25 1197 164 45 54 20 145 15 37 247 156 190 109 224 83 75 163 97 135 117 27 239 57 31 17 82 128 239 14 86 154 126 170 195 48 124 88 77 65 196 41 148 121 200 97 58 174 231 102 150 45 108
53 25 1056 32 111 41 111 126 229 173 182 82 168 26 229 166 45 105 17 35 225 9 107 73 186 106 155 84 161 85 232 65 116 44 180 54 145 159 126 53 217 43 155 170 185 45 239 165 213 150 41 21 9
54 25 1158 13 31 89 43 166 201 100 50 35 215 168 228 94 96 49 154 96 151 95 116 155 166 1 155 164 213 4 157 11 212 93 2 88 111 103 13 135 237 154 29 16 74 126 40 80 197 142 51 139 199
55 25 1105 42 213 99 121 104 14 51 235 76 240 80 170 66 68 30 45 157 42 83 10 70 199 160 46 163 14 44 131 40 7 29 31 121 130 128 149 170 30 58 20 146 13 16 214 107 71 158 215 12 243
56 25 994 24 33 141 10 55 30 49 23 35 190 81 239 122 202 145 176 75 214 30 85 10 178 25 141 155 195 125 94 58 242 44 191 132 30 170 63 53 245 73 94 127 63 40 178 82 90 22 147 116 181
57 25 973 74 14 55 66 120 250 165 88 159 159 8 199 67 137 71 5 42 17 2 135 68 141 152 23 149 93 52 120 116 217 25 164 132 104 31 76 5 248 40 214 131 224 64 97 35 36 103 3 81 240
58 25 1119 97 171 118 169 121 85 170 165 101 138 116 191 94 170 122 146 1 121 10 41 51 133 7 224 44 192 129 199 146 59 63 242 5 12 127 116 133 144 43 70 159 84 165 230 57 137 156 179 4 30
59 25 1308 104 29 150 48 157 173 168 218 87 236 174 243 22 27 11 179 145 103 50 129 163 91 108 96 127 165 149 124 129 5 91 210 106 63 93 106 82 85 42 42 60 162 115 12 97 170 126 121 61 114
60 25 1134 88 121 111 141 35 85 64 149 15 120 90 224 126 79 67 158 86 28 99 29 13 237 119 126 60 190 83 36 121 1 173 143 36 14 102 247 54 76 112 101 167 87 153 170 105 60 80 58 110 84
61 25 971 47 122 4 149 156 145 81 116 55 78 68 180 70 29 20 249 25 25 51 138 100 17 152 27 13 106 88 93 115 73 153 186 119 233 136 126 102 242 67 184 21 209 163 141 39 157 64 216 33 166
62 25 1074 130 158 132 31 11 219 12 224 38 3 121 190 66 91 124 226 116 151 44 207 9 240 118 48 155 208 131 120 173 88 110 128 120 68 35 133 23 106 26 1 128 92 16 93 141 118 108 118 62 117
63 25 947 1 176 11 248 82 193 80 26 118 242 12 197 164 229 81 221 41 56 126 166 31 78 83 198 47 225 40 79 17 103 70 42 28 180 141 184 48 45 142 138 22 138 76 52 148 168 150 225 135 157
64 25 1060 152 44 4 175 43 21 154 211 98 198 29 3 105 244 13 204 15 99 95 130 22 32 155 76 153 153 120 78 79 234 133 175 90 57 117 210 110 153 9 110 6 38 64 102 101 42 143 26 111 74
65 25 976 99 69 4 124 148 183 93 75 111 99 11 43 48 100 2 214 118 196 70 76 84 208 54 59 126 223 86 138 22 234 56 77 158 204 52 130 173 25 115 18 72 139 44 113 26 229 132 97 49 7
66 25 977 105 158 87 240 109 110 152 146 106 10 4 232 119 9 17 248 113 214 172 30 56 171 45 51 83 171 55 214 69 230 73 50 62 209 41 247 68 167 118 75 153 198 58 99 51 96 20 167 19 76
67 25 1013 74 139 71 50 146 118 29 237 163 58 59 137 42 27 118 187 170 37 61 174 111 169 22 41 44 87 12 188 40 36 126 212 60 99 88 85 168 72 95 154 119 113 107 113 24 178 51 162 26 86
68 25 1267 157 123 3 52 91 65 139 130 56 124 81 142 108 156 170 222 167 89 145 86 92 113 23 125 126 247 77 226 79 62 66 228 141 242 171 57 155 50 37 203 7 128 112 12 149 85 128 37 54 188
69 25 872 5 92 38 4 69 86 57 246 145 13 9 35 40 50 51 160 131 106 160 93 35 66 170 24 105 21 33 32 87 72 62 30 86 42 75 246 76 45 115 165 106 124 29 105 24 64 12 106 25 154
70 25 1229 43 42 151 141 73 246 107 154 63 28 167 67 88 86 143 35 65 124 52 170 122 55 74 247 120 85 153 196 66 72 113 168 139 162 138 118 26 145 35 119 159 195 62 70 103 193 158 222 39 245
71 25 1085 13 209 56 242 104 123 138 243 115 126 5 202 40 22 72 90 169 81 136 54 127 249 124 160 101 168 22 209 32 118 146 142 25 237 96 23 51 140 62 128 71 116 167 168 162 209 69 121 68 145
72 25 1074 144 168 54 169 61 147 67 44 55 11 141 222 60 229 142 182 104 8 46 108 136 226 73 47 11 62 15 156 79 61 101 172 41 146 109 112 37 152 72 144 164 209 122 132 115 250 140 87 59 145
73 25 1228 97 184 117 195 47 128 34 227 8 171 105 6 61 100 164 99 89 117 90 187 160 53 70 131 162 137 132 176 123 190 170 20 51 238 64 149 40 75 100 199 95 181 80 233 81 170 169 37 147 105
74 25 1277 98 127 25 29 13 238 137 88 110 154 109 81 156 246 172 129 60 221 130 160 142 36 139 49 41 34 157 234 122 203 140 69 154 189 49 241 128 61 105 238 38 68 119 183 14 72 94 36 103 54
75 25 996 5 63 117 105 103 52 61 213 25 39 78 144 144 193 135 221 127 139 35 217 102 229 162 111 43 185 55 80 63 160 84 25 164 5 30 76 119 54 39 73 99 83 18 141 165 144 7 249 13 210
76 25 1103 52 224 23 21 134 177 128 121 86 236 122 13 1 103 19 52 72 250 65 96 148 99 63 40 167 152 151 2 123 187 81 221 59 203 56 137 80 203 174 141 12 116 104 32 119 177 161 23 6 134
77 25 1146 62 220 3 91 105 205 142 2 143 24 173 102 152 203 115 131 106 164 148 207 102 91 10 133 9 139 141 246 161 196 5 247 140 209 114 170 90 133 121 7 81 245 60 234 55 65 39 161 16 179
78 25 1010 122 150 90 10 42 135 47 212 41 121 129 176 9 250 66 22 124 199 17 8 157 66 159 148 172 223 87 134 88 17 32 140 58 117 31 245 140 220 135 110 148 138 44 49 4 211 45 227 34 188
79 25 1094 135 193 155 143 40 226 16 76 84 105 95 216 46 202 34 2 48 173 73 158 33 20 97 53 145 75 115 239 52 126 29 138 118 133 105 157 159 247 85 69 154 29 24 82 169 50 5 242 172 139
80 25 1196 1 243 62 30 139 211 144 3 37 19 6 1 13 163 106 95 148 129 79 192 157 59 167 44 82 223 137 6 136 114 50 247 143 114 160 138 166 173 7 248 174 196 81 40 110 184 45 76 43 230
81 25 1087 102 248 72 47 129 194 10 136 157 148 36 5 90 99 116 178 16 89 161 165 89 131 101 169 123 162 54 92 114 71 18 68 120 139 74 190 76 186 98 173 71 55 96 220 92 186 85 29 75 23
82 25 1138 11 128 166 33 141 247 125 230 117 48 97 237 162 37 58 87 147 181 62 245 35 176 115 204 44 153 114 47 79 238 107 231 56 90 22 27 78 195 163 24 33 156 137 69 24 143 95 237 89 154
83 25 1132 37 103 135 180 32 175 153 211 114 134 143 44 125 16 47 242 43 117 56 93 74 111 155 70 76 155 112 122 41 200 78 154 29 189 133 11 63 160 148 228 170 115 147 72 81 193 13 200 59 19
84 25 910 95 60 6 174 129 183 30 90 7 172 66 34 100 146 97 9 131 186 120 228 113 16 20 36 12 177 79 2 1 139 47 20 48 204 145 76 64 76 42 145 22 9 130 173 155 103 87 140 75 242
85 25 1197 54 216 163 190 154 214 170 155 64 158 3 211 133 82 82 135 72 183 152 66 56 12 168 151 86 32 40 186 48 193 128 60 9 156 75 3 63 65 88 40 45 223 134 104 144 18 107 61 157 103
86 25 1049 113 157 89 19 73 126 18 93 3 54 151 33 103 181 170 243 43 235 94 14 132 102 42 203 21 224 163 19 122 223 8 28 2 178 19 20 165 248 147 50 127 127 69 19 121 80 65 184 39 91
87 25 1084 28 91 114 228 80 34 48 76 31 55 6 169 56 133 108 152 54 223 76 200 172 27 104 117 173 201 124 137 12 39 154 139 92 116 135 25 63 11 83 192 166 153 150 200 26 203 34 153 79 55
88 25 1148 104 34 49 178 10 174 139 73 112 245 36 192 11 76 126 113 90 238 122 108 78 249 157 4 108 159 133 242 38 164 148 194 172 23 21 33 146 37 155 157 56 65 73 118 42 76 82 158 88 178
89 25 993 116 118 1 124 46 134 35 31 52 47 169 226 15 140 174 213 125 194 149 129 28 29 96 50 48 139 77 80 24 40 157 164 109 183 14 231 68 125 111 144 97 204 88 196 94 225 20 15 73 200
90 25 1102 67 103 172 118 126 88 45 180 111 236 61 1 119 118 64 76 87 14 162 132 103 49 137 71 174 56 37 98 58 153 54 21 53 41 92 82 76 202 17 26 22 237 167 122 123 132 35 5 43 202
91 25 1225 34 216 63 29 91 196 116 53 170 241 108 92 118 149 133 76 126 111 44 154 57 180 45 131 5 51 117 11 120 243 144 35 83 99 128 78 89 18 157 136 110 89 102 104 139 35 56 115 95 224
92 25 920 120 154 4 39 36 160 66 177 95 10 172 138 46 154 61 225 6 152 19 212 12 55 52 115 110 241 126 40 82 146 89 76 151 19 166 138 53 156 116 97 42 187 11 14 15 71 16 172 174 184
93 25 1121 135 212 116 137 77 100 27 77 40 83 49 153 110 76 21 225 163 98 132 129 173 167 31 113 32 53 30 30 41 15 63 181 128 16 154 93 46 63 168 25 172 94 170 148 133 144 29 138 3 55
94 25 942 71 90 63 224 70 44 27 87 8 39 67 60 7 148 90 101 119 204 118 193 102 63 65 24 46 133 60 26 29 116 21 71 130 21 92 174 172 153 6 113 69 143 141 182 19 234 138 88 154 114
95 25 985 26 18 63 223 127 141 107 27 95 150 75 192 129 95 33 202 19 160 110 31 80 177 126 97 60 121 83 197 58 211 103 50 130 81 15 114 108 61 159 2 143 128 59 197 23 20 6 30 34 180
96 25 1200 148 70 127 80 69 110 115 31 92 119 57 149 49 223 39 158 134 228 116 137 172 171 173 168 120 17 50 200 18 8 31 67 130 133 21 48 167 37 153 60 107 111 60 57 58 25 90 218 104 7
97 25 1079 130 76 104 102 145 199 18 95 73 37 79 230 153 133 39 100 55 57 86 109 44 244 171 28 126 154 155 117 46 8 23 225 8 152 103 178 98 124 49 184 52 180 64 62 144 238 93 200 101 202
98 25 1107 170 219 74 48 44 27 54 135 150 61 60 76 121 113 75 64 151 148 164 186 76 193 101 137 38 164 55 240 41 33 159 61 31 56 155 35 111 66 109 22 52 211 17 139 89 143 2 216 115 215
99 25 1159 79 115 60 179 129 197 119 83 86 184 117 195 95 122 127 176 106 63 43 41 134 222 52 202 110 67 19 164 135 235 55 138 101 239 41 54 36 10 38 223 120 204 167 141 126 121 66 83 158 11
100 25 1094 49 118 157 227 44 193 18 14 156 29 148 188 166 198 126 84 127 213 145 239 38 239 143 204 105 120 124 47 102 108 34 177 15 5 20 83 23 158 40 76 30 227 119 205 155 177 8 69 96 148
101 25 1173 131 211 92 60 67 61 85 91 65 93 49 143 144 241 173 64 100 47 23 214 124 80 168 67 109 47 170 193 42 67 53 134 134 71 96 218 111 160 12 160 130 183 2 52 121 176 120 139 25 249
102 25 1176 33 194 82 181 63 76 23 105 41 220 159 49 153 54 94 22 167 106 161 78 162 218 129 15 40 4 14 86 38 85 104 181 168 59 146 44 106 27 102 10 136 229 115 156 53 231 15 160 49 59
103 25 1279 163 238 148 93 128 208 112 143 19 215 50 112 100 245 155 81 73 67 132 234 77 188 26 182 42 231 170 131 143 18 164 230 158 163 87 222 61 154 18 77 104 79 1 175 160 133 150 151 117 133
104 25 1250 154 29 108 210 147 216 56 4 8 226 144 187 58 206 86 196 79 223 96 49 80 176 25 204 85 132 153 12 148 88 117 103 145 102 26 185 59 229 169 34 172 33 168 79 18 164 110 116 90 205
105 25 1110 141 144 108 15 149 94 174 154 156 73 74 176 87 200 51 99 136 232 67 144 53 124 64 184 169 127 18 86 91 199 76 134 131 116 34 25 41 87 82 38 102 80 13 139 57 216 17 197 130 135
106 25 873 126 54 150 234 122 76 28 7 43 177 109 153 7 74 137 131 16 173 14 179 2 44 168 92 27 208 78 18 106 7 129 159 104 244 60 131 72 43 99 148 3 4 25 139 62 68 39 52 21 15
107 25 1118 45 238 31 223 23 35 90 155 93 96 138 55 124 57 91 31 78 134 56 27 35 234 130 61 174 118 53 137 73 3 66 213 60 89 85 96 5 16 39 25 129 145 125 237 160 58 166 118 167 2
108 25 1108 21 23 40 47 68 42 33 162 142 38 154 229 99 217 90 195 74 105 60 23 10 31 25 123 107 90 69 83 63 167 131 2 171 247 88 162 111 91 165 235 135 229 56 158 115 32 145 95 44 211
109 25 1228 39 34 147 235 141 237 151 73 90 215 72 235 63 234 46 51 27 35 162 86 42 243 133 24 148 29 57 166 89 245 101 138 156 167 49 83 116 65 122 215 25 212 125 195 137 226 82 148 136 48
110 25 1228 141 155 174 248 56 171 76 237 139 116 8 239 155 164 107 80 96 98 120 145 37 194 158 213 15 71 114 71 20 101 46 235 6 21 59 138 167 211 126 232 110 220 75 227 171 176 156 167 124 226
111 25 1232 101 189 46 239 36 115 67 183 26 49 79 136 86 145 171 13 153 171 122 197 103 97 50 65 169 52 120 137 115 121 87 191 161 157 56 123 173 222 147 9 60 57 5 155 157 177 168 30 7 189
112 25 1008 132 46 7 208 67 193 48 189 31 140 74 164 97 222 113 96 104 62 167 137 148 126 66 127 71 224 105 138 128 136 53 159 58 86 17 250 155 66 15 35 82 139 3 212 85 173 65 248 126 220
113 25 1164 17 218 148 14 16 103 104 193 165 181 29 123 22 224 39 13 158 145 76 82 99 214 78 16 90 130 136 58 149 35 123 139 139 176 109 79 9 137 1 77 135 26 173 38 108 142 166 40 40 4
114 25 903 33 63 59 73 29 140 135 163 14 195 36 79 8 11 87 11 94 250 113 45 159 88 46 8 153 178 74 18 17 216 123 126 30 31 49 236 23 108 13 154 158 41 69 155 126 64 56 114 103 181
115 25 1071 149 30 35 25 24 177 115 22 77 221 129 102 156 28 87 104 140 67 86 133 105 181 139 56 72 144 96 57 12 73 164 36 80 48 10 205 51 151 23 232 31 31 109 244 84 101 11 71 158 65
116 25 1020 79 223 170 200 116 242 58 128 90 196 146 95 76 75 96 178 78 150 36 82 155 96 103 165 171 238 11 30 29 191 52 126 40 220 67 247 97 33 119 213 80 138 63 80 83 65 9 59 16 69
117 25 1026 93 246 141 170 12 212 109 99 68 14 64 95 91 30 89 210 153 12 92 171 149 247 61 213 103 218 52 113 29 194 108 121 16 48 117 53 11 2 26 204 140 42 33 71 88 67 124 76 83 221
118 25 1144 1 156 81 113 135 201 41 47 54 184 131 51 100 229 69 27 16 147 129 144 13 70 93 120 143 107 36 43 9 96 88 184 151 144 173 38 171 240 111 126 99 117 153 250 72 71 103 137 117 156
119 25 1213 158 229 53 27 151 70 34 136 87 19 106 226 5 84 121 202 123 166 17 158 141 217 101 68 91 174 140 93 61 58 50 45 164 177 71 89 98 56 149 61 100 57 114 129 92 109 82 66 117 89
120 25 1036 151 235 81 124 1 248 161 134 125 80 47 228 53 110 126 58 135 238 34 93 3 112 61 87 44 1 38 18 154 209 78 215 14 103 16 112 164 174 145 47 88 72 106 215 132 192 80 215 35 32
121 25 1200 104 72 120 74 148 182 66 250 113 49 152 229 13 229 96 126 119 146 138 39 67 177 87 199 42 45 16 48 162 175 4 40 121 151 38 170 82 55 171 206 97 75 68 228 172 95 143 132 61 134
122 25 827 133 150 8 51 121 223 73 157 49 29 21 96 154 160 18 112 92 138 10 22 37 236 16 114 82 85 61 224 68 99 60 227 25 42 153 145 66 227 54 216 57 201 38 137 63 30 26 29 170 160
123 25 1131 125 156 120 40 96 28 101 133 52 145 33 211 146 34 154 250 156 219 127 184 111 185 84 198 172 96 5 172 124 99 50 106 129 166 78 206 68 210 159 137 45 121 8 178 49 109 58 44 12 141
124 25 1186 156 122 152 129 168 222 110 216 48 10 23 74 67 178 42 44 83 84 155 44 146 249 114 80 102 240 15 134 10 227 75 66 28 46 167 76 30 107 173 216 49 182 108 40 81 60 145 180 126 126
125 25 957 31 65 91 91 76 142 42 116 116 219 161 232 20 117 65 169 59 45 40 179 108 191 120 131 47 107 77 153 130 110 125 172 25 165 167 116 55 135 53 88 79 97 27 200 80 71 97 101 24 39
126 25 934 97 56 85 3 9 164 88 90 148 87 136 223 62 27 66 54 83 125 6 220 4 246 55 159 118 22 5 18 122 45 40 2 105 19 63 220 134 27 68 95 115 67 33 18 32 86 51 33 144 222
127 25 1029 115 247 143 246 32 237 93 13 157 66 33 123 70 114 43 107 1 235 77 96 26 243 28 244 51 214 21 36 134 217 100 180 36 71 137 23 140 51 79 107 158 1 96 243 129 244 69 82 91 194
128 25 996 27 68 64 77 108 34 62 66 1 39 148 36 11 136 110 150 36 38 106 44 65 134 91 235 67 169 103 85 28 20 31 29 89 169 107 174 155 69 132 209 13 44 119 73 79 170 111 93 129 233
129 25 1238 108 19 117 175 65 46 111 244 167 241 122 105 37 228 78 168 23 119 124 208 131 117 51 231 170 45 118 15 97 198 172 231 68 65 157 209 87 118 2 128 35 75 134 73 130 112 40 154 132 63
130 25 1048 62 239 57 237 94 203 13 217 153 210 40 185 128 231 117 88 169 59 48 120 139 107 93 120 43 34 24 151 74 135 39 230 21 108 134 4 122 1 8 182 42 143 111 250 84 148 118 244 164 66
131 25 1313 138 5 172 157 174 241 141 147 166 139 106 29 145 4 103 7 85 105 142 243 124 209 3 123 169 52 15 239 116 230 45 3 35 218 168 152 65 235 167 247 164 213 75 103 17 109 12 24 79 147
132 25 1125 85 208 96 230 162 137 118 202 92 170 123 221 131 217 16 32 8 50 75 180 115 237 31 18 29 139 127 165 87 75 124 44 70 230 107 81 97 208 49 117 132 20 172 174 81 106 61 155 62 151
133 25 1150 167 168 20 47 133 200 123 73 136 49 98 182 143 53 13 175 151 248 149 217 154 95 166 127 108 196 160 118 50 221 145 93 115 241 14 148 16 113 47 226 11 246 34 5 55 1 69 5 24 201
134 25 1083 157 228 110 79 62 52 79 134 49 21 24 14 87 21 6 124 142 134 12 189 167 243 64 190 149 89 60 28 30 234 155 189 161 14 17 124 168 47 107 43 145 130 8 181 27 214 56 195 124 42
135 25 1084 34 90 10 222 130 58 135 116 113 216 74 119 129 161 123 34 104 69 143 46 163 124 105 20 101 18 76 70 66 69 103 158 24 39 88 85 79 52 47 56 142 108 3 111 126 145 8 190 43 63
136 25 1052 110 245 32 135 15 250 105 119 34 10 95 47 99 229 2 175 131 8 123 39 75 156 93 127 168 68 23 126 133 140 90 217 162 221 53 51 172 7 71 80 16 165 128 241 21 30 62 65 91 13
137 25 965 45 234 14 87 28 11 160 3 103 228 64 176 80 141 22 39 88 179 31 30 156 147 52 37 113 104 126 79 72 188 73 205 77 237 84 189 69 43 5 198 30 230 48 28 168 138 56 25 167 214
138 25 1159 98 43 100 38 23 175 41 219 113 16 150 41 154 234 79 5 104 22 59 151 54 40 130 29 70 249 16 227 76 82 115 250 26 42 162 223 43 5 142 32 95 216 122 123 151 153 140 155 56 129
139 25 1270 11 59 75 237 126 127 162 9 93 111 134 61 100 207 129 4 125 160 23 67 9 247 18 236 152 121 13 166 68 147 140 54 21 101 174 64 63 44 149 223 154 25 156 232 153 132 169 152 124 77
140 25 1058 25 66 164 77 38 26 94 17 45 240 131 73 6 54 13 44 18 56 144 15 60 94 148 243 54 236 125 227 114 226 119 77 127 182 79 248 101 237 80 148 76 160 103 239 120 146 112 55 20 109
141 25 1062 173 143 137 33 94 216 49 94 59 125 148 142 31 97 141 6 10 120 80 161 106 58 151 37 127 146 12 215 8 73 125 27 62 234 47 27 107 193 60 9 17 129 89 138 19 46 172 41 100 84
142 25 1238 146 209 34 208 13 82 121 177 84 205 33 232 61 216 105 189 172 175 58 63 128 148 124 193 149 14 44 207 134 53 43 243 140 224 165 43 82 120 167 191 153 204 158 32 67 107 56 169 39 218
143 25 905 71 213 45 194 105 245 159 101 26 95 55 195 162 121 43 104 163 126 48 57 16 27 160 74 60 4 155 65 124 246 19 208 6 40 40 250 173 65 2 44 21 247 56 41 66 234 3 142 33 9
144 25 1086 7 186 96 30 70 226 137 12 49 57 146 94 66 3 35 80 127 185 71 155 78 166 151 108 106 19 118 11 10 102 21 116 93 248 9 68 134 245 43 217 117 12 109 244 121 116 172 32 86 1
145 25 991 10 129 54 219 61 22 39 48 81 115 144 148 104 11 47 89 56 55 83 98 48 176 161 57 69 59 172 117 15 134 142 99 14 222 143 50 45 81 22 127 147 117 152 152 28 123 140 58 5 174
146 25 1204 157 152 24 218 10 119 28 83 110 217 19 204 43 182 27 235 83 122 167 180 150 65 71 226 144 25 149 58 134 230 109 191 158 182 60 43 3 239 127 239 105 45 142 122 154 71 133 161 101 90
147 25 1074 168 143 38 221 161 114 46 18 48 150 26 90 157 135 24 26 114 87 78 127 146 117 2 241 74 138 134 152 29 28 169 168 23 4 132 168 4 169 51 168 162 118 151 200 31 180 126 198 54 98
148 25 1123 116 157 13 240 94 121 143 225 51 36 142 248 91 173 118 13 101 186 45 236 174 239 139 200 19 93 3 94 23 225 134 180 88 100 125 35 92 49 85 229 16 135 119 215 77 132 168 87 71 87
149 25 1115 50 72 26 88 121 221 157 148 39 157 23 73 36 37 99 12 98 116 11 208 21 103 119 65 92 95 84 33 70 221 107 41 123 146 143 30 161 182 160 106 48 71 56 134 146 198 171 53 69 148
150 25 1171 73 60 90 192 9 98 149 178 95 181 171 67 153 234 10 207 19 218 44 181 125 116 28 155 77 198 30 147 127 98 70 199 84 111 115 217 133 114 169 128 146 214 94 175 174 230 109 93 49 227
151 25 1297 150 75 45 227 132 148 161 44 126 235 40 225 143 50 89 209 110 79 52 237 101 168 57 103 168 114 111 160 139 62 159 89 108 113 47 5 137 57 1 62 91 192 61 33 169 2 116 203 82 194
152 25 1153 66 110 138 174 162 31 14 47 117 153 160 178 68 68 40 114 99 76 122 74 64 62 116 127 71 109 53 38 36 161 108 203 95 46 1 83 3 15 131 71 144 191 173 111 10 139 149 33 166 245
153 25 1118 32 55 108 224 156 103 57 160 142 244 97 74 146 44 144 173 51 148 114 209 44 57 76 68 117 110 67 244 174 88 2 178 70 175 10 199 158 221 15 203 89 250 63 234 98 15 134 211 73 202
154 25 988 95 223 171 36 34 179 103 178 3 217 6 82 112 8 19 12 90 114 129 68 83 169 92 145 52 91 37 237 4 234 163 23 59 161 110 242 139 39 96 141 56 2 173 69 16 182 100 81 35 42
155 25 1064 66 153 111 37 82 153 48 143 58 134 33 180 17 93 67 183 108 230 6 174 112 57 80 167 40 87 41 147 173 35 87 76 147 224 109 101 146 78 84 154 10 40 97 204 106 130 163 185 137 149
156 25 1305 118 111 156 111 25 242 76 221 139 137 110 91 83 233 99 84 155 2 169 111 63 233 157 169 163 7 103 74 43 26 116 128 158 128 29 24 51 40 117 135 32 202 108 35 149 111 80 184 112 92
157 25 1240 43 127 155 249 154 203 143 132 71 97 139 98 152 40 28 128 106 195 164 162 146 83 46 32 131 131 136 191 56 24 132 50 101 13 24 6 66 18 14 38 115 153 135 116 19 65 95 224 109 209
158 25 1073 62 6 66 8 89 48 115 101 138 195 74 121 70 126 159 145 32 201 37 120 128 124 44 167 38 190 117 148 23 229 3 188 88 143 85 77 93 74 174 219 72 220 119 32 114 77 57 127 149 71
159 25 1159 57 172 69 202 141 184 16 182 31 39 62 86 126 99 78 63 153 73 13 151 116 34 20 134 115 85 163 148 61 111 143 67 84 114 170 176 97 11 108 229 49 221 114 126 120 144 140 97 72 6
160 25 1132 61 218 116 228 2 53 125 114 40 195 133 149 83 152 149 206 137 33 84 62 29 248 138 73 168 227 46 208 79 119 38 167 161 203 71 239 58 222 97 166 111 122 63 196 82 151 30 66 163 83
161 25 1046 165 150 7 157 51 27 114 232 122 178 25 184 82 97 47 89 68 24 61 86 159 184 60 248 54 144 24 209 109 111 118 225 112 150 33 89 153 96 100 125 71 208 156 17 32 47 35 5 134 22
162 25 1069 40 42 6 215 71 74 131 134 50 123 85 38 174 192 101 152 64 48 53 13 43 87 96 87 68 17 173 174 150 44 164 166 5 188 27 69 145 237 70 245 122 32 18 138 132 121 127 56 23 141
163 25 1295 101 235 161 212 127 127 61 226 128 129 41 121 81 72 110 159 65 180 121 236 99 92 142 41 129 25 64 107 156 161 123 58 145 108 144 49 87 206 126 189 143 161 66 164 46 150 30 250 95 140
164 25 908 25 238 106 167 68 32 5 175 114 91 72 21 37 131 116 237 67 96 83 31 156 168 149 219 63 125 173 89 19 12 13 8 44 132 26 61 22 137 40 153 52 178 46 225 140 80 80 95 100 128
165 25 1102 66 189 129 38 128 22 2 242 81 22 48 206 24 184 56 40 161 78 76 127 57 54 105 154 78 196 9 135 142 83 164 57 118 197 50 244 147 221 54 247 101 84 36 189 163 63 42 94 168 221
166 25 1000 123 246 168 83 7 160 17 95 143 139 112 116 41 5 42 134 126 138 76 4 9 104 89 21 19 202 85 60 120 152 8 144 124 150 128 230 111 196 125 81 10 238 71 77 113 62 119 102 14 174
167 25 1076 12 117 13 209 162 64 93 24 10 44 31 206 95 157 158 124 118 229 150 250 90 140 45 241 6 159 77 52 137 65 25 198 59 189 133 145 102 150 89 46 75 19 115 184 78 63 153 233 127 147
168 25 1137 104 148 164 86 107 142 12 20 109 214 170 92 27 77 13 6 2 108 19 22 114 63 167 193 77 169 151 191 95 174 119 20 7 76 31 118 172 214 8 16 130 85 118 245 117 69 154 112 87 50
169 25 987 31 6 42 82 24 19 100 46 18 20 140 207 26 242 37 221 88 76 28 204 107 89 173 226 155 68 6 141 11 220 117 216 125 136 124 250 129 23 22 198 45 211 70 54 143 217 119 193 95 149
170 25 1038 74 60 171 2 90 113 84 82 98 103 76 40 79 213 63 179 141 63 27 166 132 138 3 43 138 170 161 230 136 6 75 181 59 141 20 242 100 117 97 50 33 125 12 196 28 229 160 230 19 168
171 25 985 44 167 95 113 129 39 26 184 106 236 16 231 117 149 123 61 40 47 55 188 46 37 113 209 159 217 140 45 148 35 37 118 126 82 56 155 97 183 138 105 43 230 10 186 28 57 74 119 4 128
172 25 997 157 51 16 119 37 202 12 151 96 235 135 60 152 136 43 184 165 66 66 229 120 136 35 106 46 187 40 169 82 220 48 213 45 16 133 233 17 120 58 64 106 170 59 55 42 93 158 60 126 54
173 25 1060 20 85 10 16 23 174 161 29 68 36 144 14 51 128 147 119 24 231 109 54 13 56 150 55 78 109 14 230 165 161 141 174 76 38 38 169 48 12 156 148 114 54 118 238 87 152 86 160 80 194
174 25 1076 111 11 173 95 127 128 11 137 143 134 14 183 9 226 1 126 76 112 33 175 114 43 66 225 144 84 87 103 38 55 63 199 28 34 125 182 94 163 149 229 81 14 126 108 116 78 71 26 153 173
175 25 734 64 45 65 88 38 48 151 192 6 131 36 160 67 62 16 112 1 166 18 151 24 206 3 31 174 131 152 74 158 126 12 177 40 126 66 138 51 59 100 133 14 112 42 57 50 234 19 202 102 73
176 25 915 93 6 103 216 86 56 39 120 31 77 73 123 102 163 87 230 123 188 162 12 99 6 18 175 13 126 38 50 54 62 118 84 117 183 45 72 49 191 5 150 139 227 2 103 115 183 26 127 94 39
177 25 943 2 49 133 201 115 46 78 27 170 108 14 62 66 207 122 12 103 170 153 234 46 143 112 124 51 56 20 127 50 208 125 166 80 139 63 234 18 157 8 71 109 164 69 145 40 199 102 210 38 84
178 25 1067 61 191 41 107 19 192 17 72 109 128 57 246 12 199 29 54 81 176 162 69 44 184 14 85 115 45 152 179 55 114 171 220 70 140 86 63 155 69 40 136 166 153 87 170 59 92 170 97 163 141
179 25 971 5 226 75 116 92 121 67 97 52 155 18 24 126 59 87 112 171 241 32 162 78 198 40 164 19 225 133 165 96 120 97 132 168 115 54 109 11 56 115 130 65 188 140 53 8 207 110 72 84 134
180 25 1210 36 98 127 110 7 16 126 173 84 224 154 51 165 157 111 2 114 125 134 244 115 171 108 119 131 166 103 152 13 139 49 39 50 105 57 131 157 79 140 207 109 17 123 242 128 249 56 4 24 70
181 25 1038 5 9 64 85 24 243 63 125 156 78 25 219 52 231 152 159 14 55 170 140 19 167 157 21 18 187 101 249 37 196 55 95 59 41 146 228 53 97 158 205 147 229 83 102 144 66 162 118 12 1
182 25 985 11 106 159 233 100 22 59 75 34 156 30 55 66 220 102 118 50 124 51 154 20 106 164 198 160 232 40 23 101 54 149 164 134 7 46 133 129 106 9 239 88 238 118 3 58 70 23 157 70 248
183 25 1288 12 141 155 2 88 14 85 55 87 36 133 162 99 118 145 196 102 150 4 160 38 16 148 33 46 207 154 93 90 248 140 126 113 146 78 77 59 212 106 47 149 90 135 149 84 80 170 160 156 100
184 25 1003 97 219 65 171 128 235 52 56 2 193 130 18 43 144 38 47 45 174 61 203 172 209 144 132 83 203 54 214 18 5 112 213 69 157 140 206 10 222 134 77 1 4 147 19 91 43 66 191 105 43
185 25 1109 138 66 71 173 15 160 53 56 102 82 142 117 101 181 82 37 80 243 39 130 162 1 31 91 104 111 160 68 76 124 90 200 114 74 121 125 87 241 63 214 49 222 128 214 91 9 34 177 86 221
186 25 929 107 53 76 244 14 195 119 13 9 220 28 182 98 248 84 159 36 1 122 125 101 95 100 5 8 192 16 118 68 226 165 1 131 216 20 19 137 15 58 223 87 110 106 36 57 164 45 18 67 68
187 25 1107 94 244 12 220 151 71 161 216 13 130 68 127 5 173 44 226 144 58 93 176 105 179 111 35 164 244 26 10 38 169 152 106 37 90 102 12 135 189 154 199 24 178 75 146 123 25 166 30 17 59
188 25 1165 124 104 46 213 49 246 99 62 139 3 19 177 17 196 141 104 161 221 54 54 119 81 153 90 104 127 132 185 173 50 44 196 53 41 35 204 136 84 165 51 11 135 52 29 82 17 109 168 113 138
189 25 1261 146 33 120 73 174 123 151 206 35 248 80 5 71 10 105 213 63 79 155 75 138 208 31 145 2 189 112 166 103 134 123 248 158 172 72 108 77 131 83 233 160 3 67 31 59 56 122 134 116 223
190 25 1358 149 49 3 93 102 219 106 142 23 241 139 245 123 10 119 7 138 51 116 221 163 68 68 227 20 30 75 105 145 199 155 20 27 99 171 197 79 137 144 196 128 41 143 87 111 250 152 11 117 249
191 25 1160 100 87 12 218 163 33 22 39 15 218 62 144 65 243 10 161 23 74 132 144 126 247 139 59 164 15 171 6 96 92 152 38 81 209 86 44 173 205 157 194 44 97 111 231 34 133 29 65 153 56
192 25 1151 113 116 94 73 129 11 144 209 173 64 126 203 80 10 15 200 84 144 157 104 65 30 139 20 38 24 100 55 51 230 16 123 67 220 158 135 28 8 98 228 60 150 146 89 32 84 42 35 148 46
193 25 981 24 244 83 97 143 237 147 147 6 13 49 232 106 183 136 215 5 90 100 131 70 71 109 76 154 175 138 129 20 36 79 234 92 93 30 38 125 94 61 48 102 117 80 188 8 211 4 159 91 204
194 25 1151 131 13 137 231 116 138 18 146 84 80 145 213 38 11 130 145 150 156 36 203 140 129 109 204 11 244 159 72 61 138 27 198 126 59 115 239 54 111 122 183 105 11 48 92 17 242 72 229 151 126
195 25 937 70 131 34 50 119 4 15 189 46 91 63 221 99 203 11 2 115 110 162 246 20 134 14 125 102 210 55 80 163 200 21 101 105 100 9 71 65 56 136 230 4 162 84 41 165 198 100 51 97 184
196 25 1011 6 10 133 59 171 13 115 8 114 52 4 164 8 55 75 79 46 7 41 25 85 104 58 176 44 107 19 151 73 205 7 114 119 128 103 33 160 143 136 90 107 194 144 8 49 190 64 66 141 1
197 25 1117 120 124 26 140 57 102 135 233 75 114 167 58 55 10 60 57 168 70 105 159 83 125 130 217 98 196 141 11 62 236 3 68 36 87 77 110 78 118 132 128 29 40 147 125 89 101 35 198 126 39
198 25 1295 14 75 109 246 165 97 150 28 82 84 30 1 44 42 102 5 46 20 98 179 172 226 68 20 134 120 35 108 145 125 97 22 86 17 113 57 143 141 140 176 170 241 171 238 69 75 160 13 48 213
199 25 1019 36 175 8 30 127 193 152 111 25 198 137 71 69 47 114 82 105 134 147 195 34 168 37 232 58 30 131 42 145 5 157 155 130 139 81 81 113 18 35 104 53 56 28 93 87 207 26 210 3 137
200 25 1304 152 141 43 134 121 25 53 65 130 134 71 61 174 209 118 204 160 185 133 190 64 138 144 182 101 103 57 85 80 43 88 246 112 49 18 37 151 184 161 106 55 184 140 47 87 162 98 244 97 12
201 25 1204 33 218 18 210 120 201 46 26 121 209 96 107 57 140 9 73 114 244 129 93 152 95 164 165 131 123 127 47 100 186 39 244 71 83 145 41 158 40 51 231 123 209 122 95 92 45 62 75 128 15
202 25 1022 119 43 31 174 16 220 2 212 69 63 27 163 33 159 109 100 143 100 1 200 122 159 166 153 43 151 39 244 78 6 164 97 61 39 162 107 41 75 76 228 40 185 161 100 136 131 124 86 82 45
203 25 1087 22 205 38 249 47 90 14 117 19 244 80 240 82 169 129 238 159 178 140 163 81 6 149 91 105 84 148 53 70 5 100 16 59 139 89 83 78 104 174 121 123 181 85 81 15 170 134 243 35 196
204 25 841 23 142 46 115 74 79 38 3 48 192 27 115 127 192 5 84 19 84 10 141 8 65 153 113 40 167 59 150 86 20 47 183 62 192 150 10 70 87 118 130 66 234 159 214 42 130 99 53 106 117
205 25 1191 24 145 131 141 153 132 101 48 128 186 86 19 160 172 113 23 83 157 29 100 66 236 109 206 54 190 4 206 134 34 149 183 5 156 150 57 162 177 6 114 39 118 157 150 89 170 147 74 103 27
206 25 1178 98 68 13 233 50 18 72 228 124 233 138 249 142 142 155 43 101 191 144 108 80 35 151 38 159 14 109 208 37 237 84 112 6 98 119 31 116 118 108 191 152 121 114 218 14 195 35 164 36 80
207 25 911 22 42 139 247 106 150 37 240 9 199 76 44 10 233 142 5 113 109 74 123 50 243 166 142 83 136 3 122 73 83 20 16 98 93 71 49 29 185 7 152 162 51 88 245 19 68 134 4 91 231
208 25 1097 106 216 50 196 109 33 133 212 131 55 71 250 147 193 142 118 144 45 129 100 74 166 27 111 137 147 3 120 75 71 53 155 13 27 78 198 36 237 34 166 19 54 140 65 32 44 161 143 151 103
209 25 1077 172 61 16 143 116 187 93 13 139 49 152 18 151 199 78 238 108 94 158 13 10 47 63 116 4 6 170 166 51 70 20 247 82 187 64 72 98 181 9 12 32 85 104 184 36 58 123 243 105 107
210 25 1005 61 52 172 228 57 177 147 149 104 18 170 25 174 56 39 71 103 196 6 41 4 193 69 63 3 127 110 172 79 192 55 241 93 51 126 80 41 124 33 35 118 133 109 150 23 206 27 93 88 118
211 25 1016 174 5 38 136 34 16 72 207 145 13 12 135 157 137 155 82 166 222 32 74 107 151 31 142 50 205 122 127 47 159 46 222 66 133 7 51 149 31 33 43 143 94 4 150 105 85 73 57 65 121
212 25 941 40 142 103 56 42 132 2 170 155 162 140 2 77 147 160 80 20 240 162 189 8 180 95 34 111 154 118 58 159 30 26 101 7 133 17 88 36 211 48 77 96 76 98 32 55 120 97 241 10 156
213 25 832 47 229 14 33 135 8 142 46 92 222 124 169 53 108 37 118 19 22 64 41 23 11 143 172 17 123 16 63 40 201 18 89 106 8 46 15 116 164 163 84 35 138 52 165 70 63 57 238 36 72
214 25 1276 153 135 57 98 131 123 120 199 163 36 149 5 24 31 165 96 121 130 35 208 90 144 20 66 110 191 30 43 154 165 64 58 99 195 31 170 157 12 104 211 160 177 156 82 56 92 166 222 37 87
215 25 1171 87 247 52 118 114 205 157 153 138 182 99 167 65 118 118 143 74 154 124 137 115 185 163 222 166 221 63 8 142 150 119 81 71 222 123 184 2 82 116 115 84 104 4 53 24 180 31 247 91 198
216 25 999 56 230 19 48 52 232 155 244 158 250 26 128 46 225 38 249 8 203 139 23 89 200 126 194 27 76 123 208 97 40 157 104 47 175 151 173 58 57 93 240 118 219 29 20 84 127 86 18 17 29
217 25 1060 44 218 29 44 77 176 135 33 56 56 35 134 104 169 115 246 109 200 116 229 103 60 39 56 13 249 123 139 76 39 67 147 159 122 42 135 174 226 95 30 106 163 64 99 154 209 84 153 1 88
218 25 1215 132 12 101 138 127 2 35 90 79 101 158 225 134 81 41 195 30 94 66 9 2 246 123 190 170 78 125 203 131 203 117 164 64 145 151 165 23 113 106 76 138 65 78 23 96 168 67 125 136 135
219 25 1127 10 89 105 7 3 76 34 130 154 166 32 22 30 45 91 232 87 15 144 167 16 56 82 243 155 229 12 249 103 125 133 87 63 114 45 93 115 130 147 70 173 53 141 79 97 109 160 158 123 154
220 25 1034 2 65 36 10 32 93 38 171 16 192 145 223 30 109 163 74 51 127 105 172 171 202 24 139 98 247 90 182 71 95 83 36 142 194 156 114 97 10 140 26 169 53 1 69 54 6 66 227 89 115
221 25 1084 114 238 88 30 70 183 24 27 168 232 96 162 56 53 27 223 127 137 13 77 5 140 55 175 170 237 90 146 145 231 137 133 120 74 87 239 32 137 143 76 119 113 164 51 92 216 23 68 4 110
222 25 1289 97 60 151 126 9 21 112 1 143 156 33 130 141 152 130 52 166 163 139 8 59 222 127 209 88 144 56 56 122 193 52 156 43 29 92 165 167 183 149 74 39 139 168 43 142 233 83 224 71 241
223 25 1083 72 149 174 35 118 31 92 241 98 95 124 118 100 240 84 216 31 168 164 156 56 205 30 151 47 199 110 79 49 205 71 71 155 119 82 99 99 250 94 190 93 170 79 76 10 11 19 200 116 176
224 25 1034 31 147 53 104 95 162 7 119 143 102 89 25 122 247 173 73 121 64 16 3 90 110 8 17 171 43 62 147 33 140 153 105 119 6 51 183 15 169 50 243 84 26 167 205 124 239 14 136 77 249
225 25 1239 126 93 171 96 7 93 30 196 95 9 39 102 37 46 93 80 148 236 116 73 152 95 23 242 170 137 161 157 162 209 149 82 79 55 99 209 75 20 94 216 74 230 13 216 160 201 102 85 104 146
226 25 943 82 195 67 145 23 180 28 227 16 112 3 147 165 132 73 225 34 44 169 51 117 125 113 233 86 73 60 189 134 239 62 165 35 80 112 60 139 138 149 175 65 73 17 97 20 166 57 38 61 232
227 25 1175 157 186 94 139 48 68 125 114 126 115 75 93 4 106 136 138 171 198 88 196 35 239 111 231 106 144 167 125 52 104 20 17 153 40 66 141 92 156 42 59 82 23 91 217 137 37 64 74 109 178
228 25 1130 84 72 63 41 77 181 9 245 132 187 150 129 153 228 118 244 95 134 1 12 70 9 136 60 100 147 48 240 145 31 93 30 104 57 121 133 140 231 4 98 143 179 26 120 106 143 25 27 117 238
229 25 1352 48 75 98 232 99 121 57 141 141 62 110 222 118 68 69 250 159 125 103 107 119 8 59 115 163 77 157 140 5 248 104 127 4 210 173 74 116 215 130 124 88 124 167 131 125 52 132 202 160 102
230 25 1183 87 194 92 224 47 148 40 76 170 194 79 69 124 115 67 72 33 6 162 232 104 87 150 11 136 76 18 114 86 219 75 131 137 149 152 36 165 179 158 10 82 101 58 198 94 182 30 102 21 118
231 25 1059 158 149 4 107 9 14 34 128 128 221 49 52 26 87 152 102 173 17 5 155 76 113 7 136 61 101 92 67 77 39 60 136 37 138 144 197 154 177 131 200 27 34 100 63 111 4 162 102 141 229
232 25 1107 123 150 64 160 50 180 51 53 68 160 138 6 150 133 80 153 61 83 85 60 84 168 37 223 153 215 60 206 174 52 160 198 126 48 82 52 5 83 56 149 44 143 130 95 77 61 124 238 33 149
233 25 1034 128 151 110 25 30 176 61 211 2 188 22 74 165 44 158 144 50 217 174 124 135 94 107 220 40 105 32 184 88 208 36 90 17 112 169 95 98 156 21 37 52 146 103 48 78 21 147 144 45 145
234 25 1296 106 213 99 62 107 65 91 241 155 198 12 194 16 49 90 210 123 45 55 36 172 76 163 244 30 184 42 101 78 12 92 137 119 150 104 86 115 153 166 189 86 55 140 125 164 137 120 46 147 218
235 25 1069 148 186 163 77 144 179 2 23 140 184 91 179 27 141 57 88 30 236 5 219 75 115 98 64 90 138 102 11 83 75 103 155 161 40 34 231 118 10 106 10 96 96 13 47 111 21 136 118 6 115
236 25 998 63 183 32 62 73 71 24 150 131 132 26 160 138 86 124 221 117 18 8 24 102 128 44 66 132 86 139 74 119 228 136 126 111 72 56 122 49 163 5 50 22 243 62 122 115 155 165 147 3 18
237 25 875 26 47 159 4 3 21 167 178 16 196 13 191 7 111 66 189 91 102 12 140 25 181 29 249 70 133 90 244 11 7 171 209 117 224 15 90 65 130 86 29 23 244 116 40 107 222 155 33 110 122
238 25 1124 135 90 150 158 112 84 149 32 121 107 77 204 49 78 143 215 92 107 46 54 62 220 24 227 109 81 101 241 65 210 12 124 138 133 165 248 56 221 19 238 124 49 13 151 117 204 95 125 74 75
239 25 1265 12 119 74 190 29 54 90 219 93 52 82 244 155 244 153 244 117 109 16 87 173 139 85 187 142 51 167 163 151 242 87 139 160 62 128 191 165 68 84 235 121 91 130 25 11 57 45 29 60 115
240 25 1094 91 175 125 2 141 152 45 228 79 87 67 67 48 128 147 238 18 166 122 79 111 89 8 12 99 214 56 53 115 19 146 239 145 150 57 22 69 134 152 182 19 230 153 217 42 172 132 215 2 119
241 25 1115 53 9 55 179 99 10 156 156 26 249 102 16 146 203 172 242 148 158 43 230 134 13 86 138 104 59 112 94 37 80 98 122 11 176 121 70 8 101 145 109 154 11 58 34 22 6 91 66 50 181
242 25 1097 22 37 36 127 173 223 147 209 104 70 56 215 97 128 82 228 158 65 9 95 45 191 103 166 96 69 83 134 138 132 6 24 109 155 123 80 14 1 126 46 142 200 23 203 106 2 137 72 60 131
243 25 1116 41 176 85 83 46 30 165 5 124 178 61 57 126 246 86 150 51 176 100 178 121 69 2 245 23 32 172 159 80 83 141 122 158 250 4 231 130 221 37 230 75 74 161 52 45 99 72 24 127 174
244 25 1134 47 20 51 193 17 184 116 50 39 124 117 10 131 42 136 71 63 197 137 21 138 40 92 36 165 188 111 191 36 7 88 13 102 204 174 92 81 39 15 147 125 96 13 215 83 110 104 5 87 192
245 25 1009 127 199 156 170 36 72 7 246 63 69 105 75 59 156 55 232 72 87 70 212 134 21 34 23 61 216 35 41 172 246 8 50 146 213 119 131 87 177 128 149 98 82 100 31 64 56 14 86 68 235
246 25 985 24 126 55 57 125 92 149 234 58 196 104 217 47 126 6 66 56 167 69 234 42 191 118 73 106 149 136 193 141 22 66 18 29 249 92 220 49 1 154 21 156 22 43 207 3 183 64 71 78 149
247 25 1109 113 69 91 80 16 71 128 179 40 120 125 205 37 180 5 6 75 28 158 205 49 188 27 166 146 131 100 60 76 77 83 188 47 125 45 138 147 199 168 161 44 117 115 57 72 21 162 48 149 21
248 25 965 129 199 61 182 89 56 137 165 42 115 143 27 4 90 76 23 77 198 22 144 58 142 162 223 98 10 70 112 134 143 7 13 41 44 21 56 75 108 72 168 172 165 19 227 54 95 25 82 142 73
249 25 1110 152 149 64 40 173 13 150 68 1 60 87 210 149 5 28 220 35 204 84 122 125 148 15 228 153 159 102 84 75 151 60 201 164 199 50 229 117 204 6 163 8 10 116 52 121 119 130 154 56 153
250 25 1122 30 209 105 65 37 238 167 188 49 67 103 198 116 131 149 35 112 58 40 99 168 151 146 71 78 77 126 60 29 232 45 134 59 223 173 222 106 200 21 23 108 169 57 119 154 198 44 173 23 185
251 25 954 70 21 96 147 147 198 59 75 132 30 110 180 138 33 44 85 54 126 37 126 148 69 7 39 174 4 32 146 102 143 16 224 65 64 120 65 21 4 31 127 41 190 22 228 95 47 14 170 134 65
252 25 1256 102 72 164 208 130 36 61 25 78 134 141 17 153 205 40 198 27 95 80 28 136 44 26 113 172 78 9 143 174 96 159 212 90 247 38 41 127 96 132 68 25 238 75 140 104 156 169 241 100 70
253 25 1106 130 241 168 32 125 12 117 23 58 27 86 12 166 184 50 232 85 172 90 154 99 2 63 123 41 168 128 12 8 79 31 112 145 200 18 169 62 136 96 14 80 182 131 163 133 37 100 32 3 153
254 25 1223 130 155 17 77 72 234 56 158 166 35 90 104 54 142 98 124 128 233 118 125 173 247 131 154 59 166 42 158 74 195 113 3 76 229 147 213 11 107 80 170 121 161 125 87 83 100 116 93 167 165
255 25 937 90 113 73 93 49 90 85 133 13 181 120 242 6 24 147 227 163 57 8 42 54 131 52 55 94 62 30 212 29 123 128 195 11 152 138 211 116 24 43 230 129 138 121 186 38 142 87 100 51 97
256 25 1169 68 129 154 47 83 249 33 189 60 113 87 40 132 149 166 196 109 34 94 201 13 24 115 86 134 54 27 223 153 129 71 146 157 249 119 42 74 151 130 59 18 200 121 41 90 117 1 173 129 38
257 25 1233 88 243 98 123 22 99 151 228 92 48 136 217 116 229 16 93 86 226 57 203 27 128 171 166 114 32 124 228 146 142 169 40 100 15 142 27 84 240 40 52 80 45 148 105 96 129 8 72 155 238
258 25 1079 3 100 153 87 99 155 32 242 31 202 83 155 169 74 34 52 13 248 55 245 67 174 42 249 121 147 108 143 87 232 61 11 95 9 92 177 52 122 128 234 76 196 160 59 174 222 158 54 66 52
259 25 1037 79 234 150 149 108 207 91 237 168 124 172 230 59 42 166 150 20 192 73 197 153 149 70 187 45 10 42 248 1 18 61 169 2 43 100 219 131 94 68 28 98 78 44 163 55 138 107 202 11 234
260 25 1123 77 180 45 11 125 179 154 224 131 198 2 67 41 80 161 240 48 92 10 242 69 7 20 39 172 149 151 228 138 211 79 245 32 164 121 12 169 194 95 41 122 38 56 26 73 247 149 89 6 65
261 25 1306 59 39 61 199 85 134 76 139 136 189 174 91 58 182 31 153 169 199 123 165 39 247 152 246 147 199 67 197 40 24 139 50 114 99 24 224 135 224 164 22 163 112 171 96 94 200 116 17 75 55
262 25 945 155 246 156 250 69 57 93 66 23 218 106 97 56 231 97 206 42 171 45 188 111 84 1 232 154 219 58 70 35 32 76 91 54 84 17 248 40 136 90 39 28 47 135 234 102 82 139 194 8 233
263 25 1278 164 191 59 222 147 204 107 143 141 240 118 233 94 201 102 218 167 162 84 230 40 30 142 100 6 150 126 105 48 84 18 40 44 67 11 22 173 153 137 162 148 147 100 173 124 219 159 82 98 200
264 25 1157 88 16 99 19 40 189 21 19 163 54 64 179 72 32 15 246 104 194 159 217 168 55 49 93 2 49 161 61 158 110 137 195 101 13 140 142 1 36 14 126 143 63 157 59 108 212 3 216 147 21
265 25 1052 28 114 122 177 26 159 136 136 23 205 163 135 147 106 37 157 68 26 95 43 9 1 79 68 114 58 117 79 106 221 93 4 99 218 113 9 5 35 89 169 171 85 50 207 168 244 32 189 14 126
266 25 999 100 191 54 17 5 136 25 98 117 205 43 9 159 67 128 223 2 135 9 140 78 129 126 179 12 168 23 168 34 11 170 158 101 76 149 57 113 76 4 129 105 74 64 90 142 67 114 168 122 58
267 25 1304 5 2 160 34 113 5 131 207 143 204 47 18 129 145 150 193 170 80 97 102 153 60 118 144 57 62 80 80 121 135 59 57 148 61 102 32 75 144 10 96 115 93 87 57 112 19 55 15 171 142
268 25 1332 108 167 146 116 155 1 97 50 112 230 158 6 128 19 9 86 20 77 141 89 111 183 78 194 171 46 124 213 68 167 47 234 87 89 115 239 85 214 27 115 174 184 169 42 117 4 138 193 80 134
269 25 1190 110 114 63 153 135 160 103 24 27 94 120 63 108 233 102 173 169 43 50 83 116 183 28 209 100 208 173 94 7 28 79 91 41 91 96 202 77 23 81 219 146 95 151 55 150 24 65 74 83 132
270 25 1107 159 61 17 10 95 140 153 2 92 34 19 159 151 39 86 78 114 187 133 132 60 102 109 64 124 108 139 91 84 147 67 59 141 151 53 7 80 31 25 138 150 183 89 115 20 43 3 82 52 11
271 25 934 16 105 69 6 130 4 70 172 37 91 46 30 51 113 30 178 96 34 59 245 24 35 54 137 74 31 31 107 82 141 174 138 104 117 142 100 139 178 67 136 117 248 88 72 68 21 57 64 44 166
272 25 1269 42 32 116 117 139 46 75 95 114 123 109 177 154 201 93 230 91 97 172 226 130 63 48 142 111 42 39 117 80 160 57 48 168 50 15 207 97 91 153 235 87 161 94 39 55 175 129 176 171 104
273 25 1147 80 111 53 73 21 219 137 213 48 98 46 120 165 145 136 198 94 227 76 178 142 189 91 237 2 20 36 207 73 209 135 127 71 237 75 16 132 138 156 235 126 100 151 172 63 174 40 64 145 207
274 25 781 66 85 45 244 6 205 150 105 65 111 32 185 74 33 51 5 72 132 10 108 57 186 33 229 173 108 20 188 164 246 75 25 115 243 8 97 69 187 61 154 70 46 29 154 48 208 25 229 44 32
275 25 924 13 230 92 218 129 74 12 144 9 103 64 158 2 31 3 209 152 46 48 89 27 17 11 5 58 213 72 164 133 81 112 47 170 43 45 133 36 130 135 176 90 214 33 142 99 184 139 21 165 140
276 25 1058 10 95 112 193 134 210 58 16 115 110 5 188 31 99 160 65 36 39 102 61 103 115 121 171 129 210 63 28 124 2 145 15 7 153 1 241 171 218 77 77 55 134 39 198 35 205 151 222 132 65
277 25 1120 67 53 130 198 64 19 102 162 97 66 157 136 24 161 113 89 33 30 117 109 85 25 8 100 75 194 129 25 141 38 42 209 167 98 6 55 108 216 62 48 174 249 111 87 94 168 131 128 4 207
278 25 1038 87 53 31 206 34 158 48 246 76 181 64 48 62 93 165 171 160 103 95 236 26 68 47 213 82 240 55 87 44 83 145 231 138 28 61 196 35 158 68 237 163 183 111 26 27 150 148 138 104 118
279 25 1108 148 179 135 196 43 43 113 225 31 6 132 126 111 146 153 23 12 32 87 175 22 19 10 247 45 61 20 33 14 14 157 92 161 93 90 160 48 97 169 198 64 100 107 9 13 91 170 212 162 114
280 25 1186 73 160 35 183 6 142 171 69 49 39 69 203 100 63 136 135 115 54 135 74 170 136 158 128 149 223 72 237 86 187 110 45 97 144 101 40 65 21 165 28 16 242 79 155 37 90 152 245 27 114
281 25 1266 61 84 18 236 108 167 25 43 128 36 113 1 4 40 166 20 137 80 130 174 103 159 160 194 173 188 89 125 140 154 125 247 123 233 90 247 52 117 59 214 45 63 155 10 107 119 131 123 91 86
282 25 959 56 128 131 81 142 69 105 56 50 142 33 173 67 187 90 193 5 149 84 124 13 215 60 246 133 28 29 205 118 164 61 222 19 168 114 215 172 46 66 116 53 63 157 94 101 46 39 107 21 147
283 25 951 131 108 161 67 129 46 19 182 100 87 22 87 108 92 29 48 33 228 44 48 18 223 37 226 17 62 23 57 21 169 130 1 53 165 142 231 35 161 139 62 99 62 73 8 102 56 163 129 74 63
284 25 904 98 121 99 48 139 188 95 197 58 88 101 60 168 166 128 150 52 240 114 140 13 77 38 198 7 41 28 97 21 3 34 93 25 182 15 116 146 161 112 178 26 63 14 168 55 67 167 158 56 82
285 25 1056 48 246 111 187 43 92 2 47 88 247 124 198 116 125 55 182 90 202 17 52 30 44 41 218 36 147 161 130 154 192 86 203 87 221 64 129 115 115 4 213 100 152 155 199 133 186 134 130 119 65
286 25 1037 98 159 8 134 32 20 138 210 11 75 165 249 23 153 4 62 95 5 117 184 79 18 114 130 152 124 45 86 103 113 52 176 123 34 136 29 6 25 140 116 99 104 90 98 159 195 36 228 50 128
287 25 1193 36 28 172 99 34 249 150 30 61 77 19 187 79 116 148 14 96 228 113 188 145 239 143 161 111 1 106 199 5 55 101 241 84 174 166 45 24 15 149 209 168 248 97 35 122 163 31 1 27 218
288 25 1291 45 40 35 208 128 213 163 28 142 219 153 134 27 26 150 196 52 191 72 110 86 189 109 135 173 232 97 105 107 200 129 240 84 236 69 98 121 139 93 50 148 19 102 199 42 78 166 188 90 227
289 25 1176 1 100 38 200 32 111 155 63 35 228 91 151 88 76 21 210 75 166 99 92 17 121 119 171 106 173 136 68 162 239 20 62 51 244 170 61 125 57 153 250 148 240 102 194 152 152 111 150 145 28
290 25 976 122 159 48 42 139 147 29 208 61 43 2 22 70 98 41 8 74 174 53 78 173 102 100 45 46 103 106 120 24 135 43 60 82 236 3 39 133 113 158 11 86 28 60 103 85 59 54 14 161 51
291 25 1191 115 55 127 160 77 206 17 246 30 151 40 64 109 175 38 13 114 170 151 146 83 213 125 242 118 59 148 174 63 198 64 194 150 173 132 168 145 11 18 210 26 76 159 41 74 62 165 95 94 130
292 25 1096 96 86 99 30 137 46 78 126 70 93 72 146 69 94 130 161 13 117 30 174 118 7 158 185 147 6 146 113 27 90 117 173 102 242 54 115 87 108 41 234 28 14 131 46 132 235 109 71 2 138
293 25 1208 120 144 72 154 55 193 134 175 155 213 89 149 62 40 90 40 154 249 112 51 160 242 124 218 152 109 15 78 148 236 73 94 14 2 86 150 151 91 87 42 139 98 33 128 64 189 8 89 119 140
294 25 1125 73 11 40 217 139 48 157 18 45 92 142 239 106 193 151 232 41 93 63 56 67 148 11 132 136 43 170 123 114 211 122 26 125 89 64 49 70 131 44 138 99 34 16 159 76 187 102 145 77 134
295 25 1075 38 49 46 169 86 64 116 210 154 201 82 104 128 170 142 1 41 199 146 205 22 79 25 89 140 227 27 168 72 28 101 11 53 72 55 164 12 170 98 65 172 204 45 174 150 236 52 42 147 9
296 25 1028 101 23 97 92 49 75 61 222 28 161 8 132 109 162 20 172 33 168 63 6 98 107 107 50 94 58 41 229 4 189 87 131 136 185 99 210 85 184 106 214 122 163 145 132 151 242 129 210 84 243
297 25 1230 143 233 100 99 9 145 33 77 151 136 15 64 94 226 24 192 160 110 153 217 150 174 5 19 130 157 85 210 145 203 61 105 129 236 90 48 116 23 155 181 137 98 106 187 67 90 46 119 156 220
298 25 1246 142 37 115 96 71 202 156 14 123 110 26 29 138 136 119 60 80 34 160 209 14 21 132 119 82 50 33 104 43 116 100 61 104 116 81 49 169 63 162 242 47 64 122 36 101 240 48 30 124 132
299 25 992 64 89 129 147 58 62 148 17 115 215 34 191 138 158 57 36 2 197 100 170 95 13 41 6 166 31 128 195 31 186 35 244 89 33 3 250 155 70 16 146 103 206 122 142 38 156 39 102 79 210
