0 25 382 34 23 37 175 16 37 59 62 47 26 45 126 13 185 28 174 29 71 33 106 12 142 24 68 35 145 31 241 7 17 25 228 2 240 32 69 14 86 6 247 51 111 40 92 53 23 43 89 48 190
1 25 361 23 200 10 1 17 196 35 32 60 43 25 1 46 44 14 132 1 172 37 39 22 100 8 65 2 202 4 34 40 133 53 124 54 124 29 41 32 210 56 62 51 135 33 114 48 202 12 29 11 81
2 25 369 44 214 12 169 47 173 13 72 36 235 17 21 5 228 21 78 49 97 16 101 39 148 3 11 4 14 14 196 40 207 57 90 56 149 23 229 6 79 27 67 29 223 53 178 50 123 48 61 30 148
3 25 382 5 144 4 32 39 209 33 48 46 43 35 186 57 35 22 215 11 150 30 25 58 185 7 55 54 21 41 81 52 61 48 207 49 195 21 94 29 115 8 107 51 82 6 123 19 177 9 68 31 147
4 25 368 3 35 57 236 39 49 18 5 58 52 44 29 35 32 5 45 48 246 37 63 20 17 11 200 55 54 26 59 14 44 46 65 43 2 9 74 2 37 10 247 29 184 8 31 45 72 23 36 51 87
5 25 385 29 219 5 28 22 41 3 248 55 157 11 59 57 17 25 187 13 127 6 246 31 110 9 85 37 42 2 187 58 81 52 237 47 217 43 86 59 97 38 248 8 210 53 58 46 245 20 37 41 242
6 25 375 7 22 49 120 10 47 59 212 32 19 50 6 44 234 53 201 8 73 18 107 11 62 56 175 4 77 51 116 19 40 9 195 40 153 20 62 3 148 46 155 48 117 24 38 6 45 41 30 42 196
7 25 365 18 163 15 246 12 24 32 153 16 220 2 89 23 55 28 61 50 94 58 128 17 24 56 232 48 43 22 249 47 48 9 84 3 2 7 87 54 134 38 156 55 61 52 162 33 6 30 202 5 115
8 25 326 6 57 5 180 8 83 56 57 39 27 21 223 27 161 2 233 29 189 40 218 23 174 14 123 7 101 58 164 57 72 44 143 33 184 49 113 11 169 43 89 37 101 9 18 31 191 3 87 1 39
9 25 344 33 36 27 76 1 212 53 184 7 41 38 227 28 109 57 67 23 86 45 4 54 103 4 27 55 168 30 189 46 49 11 56 2 72 48 40 25 118 5 114 20 199 22 13 6 38 13 111 35 47
10 25 402 22 245 11 86 51 178 48 162 21 8 31 140 19 58 7 40 52 223 17 173 43 229 37 227 36 74 41 59 50 227 49 217 39 144 47 23 35 134 53 236 14 92 55 204 16 67 2 178 9 250
11 25 398 55 168 16 140 38 53 40 137 24 247 57 150 35 58 26 123 50 140 34 227 22 206 41 77 21 137 8 138 48 204 3 245 32 149 53 63 29 232 56 229 2 245 28 40 10 95 31 17 37 227
12 25 347 54 234 57 129 23 22 3 177 27 46 38 182 6 10 36 214 33 155 21 72 5 41 28 36 58 53 22 26 31 55 9 97 15 192 40 187 34 249 18 11 56 203 10 56 4 158 12 64 55 168
13 25 347 51 24 22 54 9 202 10 58 11 96 41 121 24 172 37 157 21 27 20 30 32 95 52 61 31 5 1 134 55 51 53 229 4 228 39 176 49 186 6 134 28 48 27 162 15 82 34 213 23 109
14 25 370 25 236 11 51 56 244 13 112 27 247 12 120 44 71 17 114 38 222 58 121 53 9 57 80 48 93 3 201 8 70 23 149 37 157 10 53 20 132 54 145 4 171 19 13 24 5 30 115 50 43
15 25 413 29 161 42 113 45 36 6 14 25 78 54 183 26 87 3 240 28 106 44 152 11 36 40 23 9 165 5 245 46 204 17 126 55 91 58 31 51 83 43 168 8 137 38 105 52 23 56 2 36 127
16 25 447 58 182 41 183 29 64 21 14 20 161 23 162 37 108 48 119 40 217 53 107 46 20 56 20 13 138 15 217 57 42 43 235 25 55 7 213 19 78 52 250 33 138 50 70 8 79 47 155 54 76
17 25 348 42 51 24 189 6 173 59 142 31 83 51 29 1 212 10 193 7 17 22 146 16 68 28 40 2 66 35 194 36 248 14 59 55 8 49 78 30 60 48 149 54 154 27 102 29 167 4 134 17 45
18 25 353 11 146 43 218 45 234 56 124 57 56 13 74 53 111 12 208 46 131 38 86 27 198 20 245 1 126 9 170 14 158 30 228 6 203 26 73 15 98 31 15 34 34 10 53 25 188 52 45 32 233
19 25 398 52 191 15 227 24 182 58 13 37 110 19 169 47 110 6 46 50 110 25 23 20 49 10 176 51 163 27 65 36 239 9 82 32 239 1 201 29 96 48 195 59 9 14 96 34 163 55 164 38 45
20 25 357 28 136 31 34 24 49 7 147 2 58 43 92 58 169 45 156 44 202 22 53 1 6 50 94 52 203 46 218 27 232 26 182 21 55 15 54 9 163 54 193 41 20 16 122 4 206 29 173 20 125
21 25 379 28 187 5 156 18 192 7 211 42 243 14 70 26 119 34 133 37 138 36 71 30 228 44 10 52 24 10 127 58 173 19 68 24 228 57 72 56 117 21 101 2 119 27 202 23 17 49 123 40 69
22 25 401 14 16 40 102 19 227 29 44 46 26 25 88 49 33 37 45 33 145 36 113 17 12 41 59 4 239 45 19 58 238 7 247 54 57 2 102 13 167 39 12 51 169 30 25 47 34 24 110 43 244
23 25 368 28 146 15 54 34 2 52 182 38 155 58 140 2 56 36 173 33 248 54 224 25 120 56 191 48 159 10 30 22 69 7 88 40 90 16 223 9 22 53 180 49 224 17 249 20 214 13 190 1 52
24 25 304 45 103 30 183 22 219 17 73 6 24 7 37 15 62 32 154 5 174 3 63 9 170 1 247 35 188 24 101 39 161 8 195 59 131 4 7 53 238 55 78 18 13 27 182 33 3 42 48 20 208
25 25 402 37 228 43 113 18 135 21 243 47 154 16 54 39 143 17 18 25 163 14 189 29 49 45 41 53 226 48 107 28 115 56 50 40 33 54 72 1 9 24 44 46 223 26 141 35 162 11 115 32 245
26 25 362 55 214 12 94 42 248 1 138 44 142 7 36 48 141 21 206 19 26 51 34 28 88 6 132 39 58 56 162 2 2 17 123 8 148 53 188 26 226 24 113 49 244 35 64 4 105 20 15 57 147
27 25 332 45 125 41 203 2 228 17 86 10 193 23 32 16 80 19 147 55 222 5 29 48 4 3 31 53 149 38 152 32 32 25 111 54 20 40 168 20 118 11 186 30 184 6 43 9 206 12 139 51 18
28 25 369 25 3 29 248 50 103 58 135 5 50 53 54 9 14 34 204 27 235 8 232 49 178 59 99 47 247 10 127 4 74 24 173 46 119 33 1 13 182 36 200 28 161 6 74 56 245 17 126 12 195
29 25 361 34 160 14 74 57 3 35 180 29 131 24 203 17 212 37 54 36 3 11 68 46 208 39 104 42 49 7 101 19 196 9 169 49 135 23 233 32 131 55 132 20 7 44 224 25 235 5 105 13 137
30 25 415 38 227 56 235 41 123 21 249 20 139 44 92 40 96 29 203 45 185 37 213 2 133 49 49 48 135 34 112 51 88 39 114 52 71 11 209 27 115 30 172 13 232 28 227 5 216 14 99 57 159
31 25 366 37 105 36 84 3 139 27 95 28 156 8 139 48 172 30 139 10 26 54 68 50 41 18 111 32 26 19 210 43 226 55 206 52 224 14 9 12 155 7 54 51 244 49 158 21 247 5 73 24 33
32 25 370 12 246 48 129 31 137 45 55 11 129 3 144 23 1 8 98 37 3 58 173 52 197 53 101 19 115 50 174 49 143 40 109 43 222 35 88 18 191 32 43 2 52 20 246 16 60 27 236 9 187
33 25 350 20 108 10 98 43 131 36 225 3 164 50 111 1 22 13 34 17 111 54 240 44 123 45 50 56 186 5 245 4 46 14 246 51 31 28 105 18 68 37 21 46 28 2 155 33 24 22 207 49 167
34 25 342 23 65 19 145 2 74 50 231 11 68 12 122 10 40 33 75 38 68 44 181 25 175 20 17 51 45 32 222 52 33 48 116 47 106 40 31 1 161 3 221 54 144 5 107 14 74 16 19 34 46
35 25 347 28 244 21 2 27 194 56 204 1 232 19 22 13 192 4 25 14 144 48 210 33 193 26 218 22 145 44 20 24 229 50 215 25 155 10 248 45 183 59 213 5 107 30 124 51 121 31 233 9 143
36 25 376 19 92 14 193 42 123 57 216 39 109 43 193 41 222 2 88 13 194 18 87 32 19 50 55 52 102 35 192 46 235 6 165 47 99 4 51 33 128 5 116 51 76 3 122 20 20 49 51 31 205
37 25 393 25 57 49 30 13 218 51 168 53 145 43 54 50 210 40 85 3 178 19 135 1 94 23 232 4 135 46 158 39 244 59 8 6 18 48 96 36 91 12 18 16 61 30 245 47 92 32 136 42 238
38 25 343 51 97 9 136 23 73 17 183 36 7 53 233 55 232 20 62 12 21 39 169 24 10 14 180 37 167 11 154 41 207 5 86 6 77 21 154 27 197 35 236 28 59 58 227 32 198 2 73 31 240
39 25 355 2 141 35 233 47 219 20 102 6 180 57 157 26 87 12 163 15 46 30 142 16 210 40 183 1 129 34 130 36 165 42 196 39 246 18 17 45 25 23 154 50 194 8 85 11 167 38 47 59 9
40 25 370 39 229 37 4 24 119 12 170 50 107 59 127 29 58 23 245 22 191 46 114 44 206 9 11 32 249 19 219 45 7 10 125 8 216 51 93 2 13 27 100 41 193 48 148 1 128 30 194 33 157
41 25 397 44 185 20 202 25 119 39 72 30 223 41 15 35 103 1 48 37 17 48 159 42 247 19 91 16 43 23 50 29 236 54 99 8 48 9 138 51 118 22 231 57 186 36 166 55 63 3 216 50 214
42 25 327 32 160 1 44 52 240 25 30 33 193 49 122 13 206 50 167 3 65 35 110 51 114 47 115 8 72 6 197 7 28 18 179 10 20 57 179 54 61 4 57 2 69 11 57 26 127 22 38 39 68
43 25 377 58 190 27 15 30 180 55 68 46 100 11 53 53 193 3 49 13 105 16 21 5 20 10 73 9 148 24 26 8 185 2 155 35 188 32 241 47 195 50 14 39 57 49 194 45 66 33 85 54 98
44 25 328 10 97 52 145 27 75 5 25 49 131 36 7 42 132 41 220 40 81 6 218 31 68 47 173 33 9 32 212 37 65 18 195 21 194 14 189 8 85 20 59 15 109 9 172 17 236 34 246 13 122
45 25 316 37 169 16 57 40 248 55 46 7 60 21 131 8 74 59 15 11 175 27 99 4 88 17 151 23 175 15 246 1 164 22 177 41 187 2 79 34 78 3 105 44 123 35 119 49 45 26 72 36 196
46 25 361 58 162 11 80 5 74 8 220 34 149 32 243 22 90 19 136 39 41 20 212 35 84 23 230 33 30 59 197 48 109 38 183 45 4 15 12 27 206 14 224 13 75 47 10 7 2 29 82 41 142
47 25 365 22 228 39 189 36 129 46 120 15 23 4 214 27 138 47 165 26 16 58 21 50 222 18 149 31 27 30 220 48 32 1 111 9 48 42 207 28 126 35 30 20 225 24 107 8 186 25 84 41 85
48 25 358 52 140 56 194 20 79 15 159 36 178 7 43 35 195 25 95 49 215 13 50 1 96 9 138 41 189 33 216 31 75 48 228 44 96 34 154 51 151 10 116 55 166 21 155 14 213 4 157 12 44
49 25 349 33 2 38 111 13 13 30 237 59 29 46 74 16 40 7 42 31 164 19 217 53 199 51 79 4 176 5 26 50 130 20 241 48 30 35 182 12 133 39 185 36 238 14 94 21 65 17 79 1 130
50 25 375 13 149 5 30 3 20 31 13 11 214 52 71 28 215 12 243 24 33 51 10 50 30 14 23 39 72 32 220 16 100 44 205 25 85 29 125 21 130 45 250 48 242 42 30 43 245 37 63 35 178
51 25 408 22 90 30 97 47 66 31 74 14 55 26 245 5 88 39 159 18 199 41 5 45 243 21 152 23 24 53 152 37 50 44 82 1 76 58 15 46 224 24 97 40 36 33 3 42 31 57 171 19 46
52 25 368 25 70 56 138 16 191 19 170 32 146 26 121 1 26 53 157 4 94 12 29 9 96 39 188 42 82 10 12 57 116 14 143 30 209 44 140 50 207 47 206 46 246 24 30 45 48 13 218 22 236
53 25 395 19 243 37 27 41 179 20 103 50 129 28 91 38 96 7 165 44 124 53 79 5 16 10 81 43 118 26 57 47 42 15 162 22 122 33 76 1 161 54 63 51 61 11 35 55 14 45 120 35 224
54 25 434 31 79 42 158 56 28 34 29 53 237 19 126 30 158 26 61 51 1 43 143 21 14 7 247 39 76 52 101 37 153 10 60 55 58 14 172 22 104 29 81 45 56 46 205 48 218 50 220 9 45
55 25 334 19 25 5 176 58 125 27 77 7 38 36 188 13 15 23 28 46 194 33 186 56 127 12 242 24 171 29 113 11 89 47 139 43 166 25 158 22 31 6 219 34 163 31 24 16 216 41 69 4 240
56 25 368 28 48 20 208 46 120 23 88 35 128 48 10 33 36 6 51 21 3 52 41 16 118 57 117 51 176 58 157 53 155 56 218 2 162 47 89 9 206 1 116 26 56 18 198 12 225 15 79 3 195
57 25 394 2 28 50 141 24 123 25 61 42 138 32 138 46 52 35 48 58 250 15 157 14 175 48 21 34 211 23 198 44 3 38 204 49 145 12 32 45 76 8 153 39 234 13 175 20 57 40 60 33 184
58 25 374 30 6 8 89 42 76 2 93 26 186 14 49 49 179 4 248 13 218 25 161 59 161 53 100 52 214 21 11 58 196 40 76 39 59 1 223 16 138 7 234 56 77 48 204 5 40 57 139 23 151
59 25 374 59 182 37 99 17 80 38 137 40 9 47 146 46 10 34 232 9 9 42 248 8 214 12 30 31 171 11 33 10 214 39 230 43 50 29 141 33 75 58 198 18 99 6 101 5 167 26 249 50 171
60 25 354 8 79 57 88 38 59 46 17 47 43 7 45 51 174 9 22 59 87 5 36 16 212 35 99 33 85 2 245 34 219 3 32 18 1 52 101 36 182 23 228 42 91 49 130 1 124 6 220 32 92
61 25 344 39 145 36 242 3 198 15 226 47 52 56 158 44 62 21 228 41 242 11 57 50 50 37 203 57 128 22 12 45 103 17 229 8 130 12 238 34 169 16 157 33 159 5 240 6 160 10 93 24 180
62 25 411 21 108 32 57 17 72 57 30 1 42 20 246 11 45 35 56 4 154 25 149 44 62 56 125 58 42 46 141 33 246 34 38 28 192 47 188 36 218 38 115 12 170 37 55 54 247 50 85 26 91
63 25 385 22 238 18 64 32 163 53 118 48 201 55 110 59 184 45 87 40 182 13 83 41 239 15 38 29 181 42 154 23 63 36 155 2 140 52 222 39 81 31 54 27 249 24 160 11 168 4 22 9 82
64 25 335 38 246 2 150 7 46 43 151 40 62 28 146 16 17 48 87 19 38 39 121 53 145 59 168 44 169 36 147 32 44 20 11 1 222 17 182 18 154 31 226 23 47 6 62 5 156 24 61 22 187
65 25 442 42 191 7 144 54 209 32 132 20 250 50 87 39 145 57 184 47 195 18 9 17 233 11 205 56 136 59 139 27 40 33 145 31 37 52 176 13 190 40 20 24 149 35 75 45 181 55 233 21 169
66 25 333 7 222 5 148 17 250 29 163 18 112 58 210 34 9 31 231 46 147 39 110 21 105 10 67 16 114 19 66 44 232 42 203 30 69 9 199 11 180 48 214 38 68 4 183 53 167 15 128 22 86
67 25 364 3 75 9 153 34 219 33 92 51 152 30 217 47 229 12 111 43 185 35 80 23 160 54 25 48 139 45 230 46 69 4 114 29 83 28 141 24 190 32 249 10 227 39 177 1 86 26 247 22 250
68 25 388 5 96 58 99 43 40 52 152 24 126 22 248 17 81 51 109 13 231 47 155 11 200 57 116 54 32 39 177 36 23 41 134 30 228 45 205 2 2 3 24 33 102 37 203 21 156 23 207 12 91
69 25 335 10 133 29 139 16 246 31 196 27 165 39 189 25 133 51 7 15 210 44 198 40 115 5 65 19 161 6 179 22 150 30 10 37 135 52 212 11 229 46 59 50 190 1 22 9 17 8 182 48 122
70 25 419 33 237 54 138 7 107 28 117 36 245 20 220 30 198 38 169 29 179 31 70 39 188 15 193 53 90 56 116 16 109 55 195 46 202 24 2 18 173 13 158 47 53 25 115 19 52 49 138 58 133
71 25 395 30 157 59 247 15 69 34 29 19 82 49 50 20 242 52 139 36 243 7 30 54 211 14 3 2 19 1 1 38 163 45 123 39 179 32 82 5 131 12 44 23 137 46 111 44 100 57 143 58 116
72 25 380 13 157 18 174 16 12 36 40 5 184 50 76 32 248 12 47 49 194 25 136 17 148 46 5 59 166 58 66 29 186 4 131 39 23 44 92 1 72 23 68 35 139 56 186 8 173 31 55 55 121
73 25 356 20 242 36 160 19 100 43 11 28 191 51 247 15 230 57 48 12 237 42 37 3 87 11 112 5 235 26 115 34 19 53 114 27 104 48 57 1 90 2 27 16 203 45 113 54 33 56 187 9 240
74 25 330 4 143 27 239 14 162 3 210 47 175 18 211 24 134 33 44 45 16 12 242 8 117 36 93 9 111 20 70 21 155 52 122 41 200 49 83 11 113 40 73 48 145 5 22 31 193 43 200 19 19
75 25 362 15 60 41 174 29 183 40 90 57 172 14 75 56 222 49 156 26 20 38 163 35 36 17 177 39 2 2 20 8 204 5 76 19 76 47 145 20 173 13 181 12 140 42 154 46 38 50 154 4 20
76 25 399 45 89 8 128 1 208 12 107 35 172 33 152 36 31 32 197 24 18 51 236 42 40 23 193 13 60 34 156 25 3 43 65 53 40 44 18 47 61 19 7 48 157 39 19 58 126 18 54 16 33
77 25 359 28 181 5 243 53 235 49 14 47 102 17 203 11 224 33 19 14 122 8 163 22 178 4 20 25 248 40 27 44 19 31 80 20 184 39 91 23 91 18 205 54 23 46 6 15 206 29 106 43 58
78 25 416 32 4 53 1 57 179 7 148 1 49 47 237 29 79 21 242 46 185 55 138 31 133 22 216 33 150 50 210 3 34 43 4 15 179 24 24 58 235 4 64 23 212 51 192 56 76 36 113 35 238
79 25 351 47 108 13 249 37 4 18 159 48 242 23 164 8 194 57 23 51 33 16 37 35 157 21 65 38 118 52 76 42 158 3 178 6 118 46 124 1 134 15 31 14 226 30 140 9 213 24 249 49 203
80 25 445 59 46 40 248 49 227 7 164 39 183 29 231 48 125 11 144 12 204 31 13 26 219 45 220 55 223 20 217 13 97 28 101 58 95 50 236 36 186 51 244 19 76 27 14 47 132 57 142 33 49
81 25 363 27 71 14 56 57 98 18 153 41 204 21 153 31 217 32 26 52 17 16 47 7 17 33 132 10 5 8 202 59 216 38 29 36 216 1 53 50 241 2 143 49 58 46 26 4 154 40 131 35 51
82 25 425 22 11 50 243 59 35 3 99 58 78 4 18 46 110 39 227 44 89 5 31 25 145 24 120 54 154 9 136 51 177 40 22 56 154 45 231 52 94 37 55 15 10 41 1 57 146 14 76 1 19
83 25 376 26 138 38 156 16 97 47 187 34 90 21 91 22 74 44 235 32 91 27 77 7 77 50 83 4 153 20 76 41 225 53 98 52 129 46 248 11 113 23 55 25 88 43 16 10 129 33 21 28 25
84 25 335 2 94 25 148 8 144 29 138 11 228 15 171 13 224 5 44 37 58 59 17 30 157 48 40 51 169 44 118 23 127 33 240 14 221 42 210 16 129 46 196 31 130 27 174 12 153 1 113 49 143
85 25 393 29 66 32 119 14 238 28 29 44 151 8 138 33 2 31 182 27 20 50 75 39 95 58 202 9 160 45 31 40 177 7 210 41 183 37 208 13 108 48 50 51 190 18 61 25 34 12 143 47 148
86 25 417 31 30 29 180 38 70 12 80 19 110 30 31 27 119 32 149 59 223 34 158 44 228 11 137 52 171 48 168 10 17 20 68 28 231 47 180 3 146 22 37 58 60 57 111 23 25 55 218 45 76
87 25 313 59 102 5 199 18 95 28 37 24 230 13 133 4 100 17 136 49 219 1 28 11 154 57 121 48 123 23 152 38 124 19 184 47 180 9 62 3 200 16 202 20 219 44 48 7 54 45 250 21 110
88 25 307 16 246 13 4 55 64 21 148 14 186 56 193 7 188 4 230 20 241 53 9 41 156 30 35 6 34 2 27 1 17 39 214 23 202 40 215 35 10 19 104 43 186 24 217 5 245 12 176 36 63
89 25 383 23 41 54 222 22 202 20 67 44 164 45 235 40 138 41 239 6 54 48 223 35 204 27 141 16 121 56 83 11 124 8 232 17 69 3 43 4 106 49 248 28 166 58 176 34 2 59 38 19 193
90 25 343 4 130 20 74 37 202 48 159 57 225 30 5 15 83 18 158 6 155 47 94 25 5 7 58 19 121 56 211 22 60 42 61 11 115 13 249 23 169 28 64 35 47 54 224 50 43 14 47 5 193
91 25 383 47 67 50 73 48 134 34 71 36 218 31 160 2 160 25 183 22 52 6 176 20 170 49 25 9 33 44 32 41 38 46 148 35 166 10 234 39 203 14 22 57 106 26 78 32 218 29 15 15 4
92 25 381 34 86 4 238 35 129 1 218 49 71 16 27 17 10 31 229 45 156 23 231 43 240 40 224 8 238 3 93 53 208 27 143 54 215 55 112 15 245 33 67 47 234 37 188 21 182 52 231 19 230
93 25 383 28 163 3 12 32 11 14 218 47 79 59 201 35 85 23 150 11 92 43 29 39 133 50 22 56 106 44 208 36 44 7 83 6 111 29 223 20 246 54 10 22 103 42 223 12 103 30 102 25 59
94 25 432 49 244 4 22 43 218 39 143 56 115 45 16 34 233 19 94 59 154 26 73 31 99 6 62 30 151 9 111 52 92 54 3 44 184 47 143 1 199 41 134 51 116 35 216 28 77 20 213 42 216
95 25 409 17 242 27 180 25 51 34 200 54 172 46 228 37 168 9 153 47 131 41 173 42 44 33 92 8 78 58 6 57 4 22 204 55 131 23 49 32 53 24 75 7 68 15 95 18 106 43 48 45 240
96 25 408 35 143 46 63 55 49 37 91 41 28 4 181 17 135 24 30 31 224 38 128 57 170 53 3 26 213 50 89 20 96 40 16 59 25 29 145 15 237 25 58 6 118 48 142 2 221 27 243 32 183
97 25 425 32 17 18 129 19 99 57 90 25 249 15 35 53 35 51 50 23 15 47 90 35 94 33 88 37 106 52 213 40 146 17 213 26 91 50 235 41 158 55 32 45 81 14 211 29 34 6 237 31 73
98 25 375 20 215 2 235 33 234 6 51 47 35 7 86 5 167 22 83 24 223 9 207 26 239 35 51 8 81 57 124 43 91 55 47 30 212 46 82 28 61 18 166 39 248 51 171 36 83 59 105 44 7
99 25 400 10 246 58 145 25 62 34 208 53 240 1 189 21 70 41 221 16 21 54 138 52 211 46 232 6 160 50 181 35 227 42 171 26 6 17 89 19 226 11 189 56 239 31 115 22 183 29 204 45 96
100 25 348 3 228 51 172 17 203 37 25 5 119 2 70 20 121 32 191 11 157 33 123 26 175 52 9 10 57 55 155 22 177 13 30 49 157 56 57 8 217 53 98 29 156 50 99 34 22 12 138 16 129
101 25 403 52 217 47 223 16 141 26 224 15 138 23 136 18 159 53 86 37 250 10 66 50 35 29 198 28 212 55 173 38 242 46 220 57 218 8 14 11 103 44 193 20 181 54 123 27 172 34 248 9 13
102 25 421 53 145 51 82 4 214 37 99 13 16 20 130 36 58 59 35 9 239 56 184 49 137 21 77 40 26 34 248 8 208 32 41 35 4 28 63 33 4 50 160 23 89 31 12 19 250 43 45 58 228
103 25 355 8 149 18 217 56 123 26 130 21 199 16 23 58 148 43 154 13 41 39 244 45 51 54 6 44 211 27 53 1 24 30 210 7 240 52 52 31 154 22 206 12 104 40 67 36 133 5 181 6 97
104 25 412 54 21 7 12 43 89 36 205 58 60 35 76 51 226 20 223 22 81 19 244 14 101 11 71 53 65 44 223 40 116 52 108 28 65 55 121 25 176 5 171 48 153 12 180 46 178 4 191 42 126
105 25 422 50 220 7 247 17 33 54 213 55 138 8 80 38 65 14 59 46 69 13 246 26 170 22 212 49 99 44 39 51 30 58 12 1 213 47 113 39 194 53 121 18 142 11 2 24 15 52 150 48 71
106 25 367 53 67 29 76 58 221 21 156 11 113 5 201 51 47 19 184 1 51 34 27 47 29 44 13 30 243 37 186 43 34 56 13 24 1 4 148 36 240 6 126 7 28 20 197 28 137 57 156 13 229
107 25 373 28 27 1 70 34 136 32 19 16 55 54 221 12 223 46 192 48 41 37 126 8 216 10 93 31 58 50 45 29 177 58 56 21 75 27 139 9 242 39 182 25 123 47 89 11 235 56 124 18 36
108 25 324 54 200 22 228 23 110 6 58 15 238 34 93 38 112 36 87 21 213 18 76 19 209 48 215 14 103 1 112 9 174 31 70 7 38 56 215 32 192 45 215 35 32 39 72 30 74 2 91 13 49
109 25 399 47 229 13 229 1 126 29 146 58 39 52 177 42 199 2 45 41 48 15 79 40 246 21 113 30 82 35 21 26 206 7 75 38 228 27 95 56 193 16 134 28 150 43 51 46 223 49 196 36 179
110 25 347 20 118 22 67 18 60 12 137 6 241 44 32 45 161 38 99 40 227 5 116 7 154 56 107 1 163 47 213 59 20 10 156 50 121 8 226 43 2 55 83 31 121 24 104 21 219 4 36 28 72
111 25 380 16 80 32 124 9 183 15 106 39 166 58 206 13 210 29 137 45 121 8 224 49 208 44 187 31 181 27 129 3 222 40 216 48 10 28 74 17 178 42 44 43 84 4 221 54 80 37 240 30 134
112 25 441 55 227 35 66 48 3 36 142 26 105 7 23 46 106 59 182 23 40 57 123 51 60 25 180 6 106 5 166 52 217 31 219 1 232 10 169 44 45 37 115 49 8 45 131 42 107 53 34 40 200
113 25 331 22 200 5 167 26 5 55 128 38 179 17 27 21 66 37 101 44 39 16 160 13 84 18 90 23 87 11 223 27 27 31 54 33 125 1 220 46 129 56 105 9 168 12 155 8 197 45 2 49 188
114 25 405 30 9 47 243 25 140 37 33 48 57 26 151 23 119 22 40 27 218 36 7 17 18 3 107 58 123 20 114 33 107 13 1 55 177 56 226 38 244 31 214 46 184 57 75 40 36 21 187 1 129
115 25 399 17 108 31 26 41 243 52 54 34 219 42 191 14 177 58 39 37 133 4 112 6 1 59 98 11 136 20 150 36 38 26 44 54 116 15 117 48 85 33 20 21 29 49 169 7 174 45 69 39 157
116 25 412 19 188 34 169 43 204 30 111 55 154 3 58 49 217 25 40 56 111 4 167 51 22 35 12 48 28 8 148 39 74 18 56 17 126 21 70 15 193 45 72 58 247 41 68 57 209 42 118 12 128
117 25 346 10 75 54 73 25 112 40 154 32 63 42 239 27 219 33 32 43 217 55 185 18 231 12 88 14 59 30 23 13 120 28 34 51 199 35 139 1 108 34 222 11 208 57 143 8 43 4 39 16 113
118 25 344 35 172 47 124 1 191 57 141 29 31 49 220 24 238 43 7 10 105 34 209 33 123 44 52 45 239 13 95 38 243 22 115 15 142 4 213 20 103 9 62 5 54 7 235 18 121 50 112 37 218
119 25 390 42 117 40 148 1 131 37 66 52 183 25 180 35 237 11 18 44 139 41 77 15 87 29 44 10 7 51 197 58 49 17 207 20 247 34 187 31 106 16 155 27 151 38 20 48 200 33 73 26 49
120 25 371 23 182 53 53 18 175 1 248 54 217 4 95 56 127 33 196 5 118 20 221 30 93 41 139 48 191 42 226 11 246 59 5 17 180 21 194 15 217 19 201 32 228 35 79 52 52 9 134 44 21
121 25 390 14 14 2 21 56 124 42 134 37 189 52 243 49 190 44 89 15 28 45 234 9 211 34 17 4 168 57 7 23 170 30 158 51 2 16 195 19 42 24 90 12 30 58 60 48 216 39 154 1 235
122 25 379 53 34 44 69 13 46 38 124 35 20 56 18 36 70 26 69 28 205 24 39 23 85 2 51 25 22 17 108 10 3 11 101 8 190 58 63 40 245 42 135 39 9 50 145 47 124 29 52 5 131
123 25 387 38 48 9 125 56 218 7 118 8 123 6 8 20 40 57 221 13 51 12 7 1 80 26 165 21 246 30 165 58 37 45 16 53 220 24 139 37 153 34 160 33 103 48 239 51 247 29 13 59 156
124 25 404 30 156 7 127 27 163 34 176 59 222 18 48 55 77 9 189 32 119 53 5 38 31 10 230 3 28 58 138 36 25 33 43 48 248 25 116 39 113 16 25 51 104 19 5 24 22 29 151 56 227
125 25 388 46 82 10 226 52 37 43 68 35 192 42 20 32 123 11 153 39 4 1 129 56 59 20 237 6 127 59 168 34 61 50 207 29 4 30 160 13 67 7 118 16 77 51 113 36 127 53 147 5 54
126 25 329 16 101 9 24 54 138 24 174 33 104 35 31 12 28 2 244 47 250 26 164 37 38 46 94 17 20 21 73 8 231 34 13 5 160 44 148 3 223 39 236 4 77 58 198 57 180 18 226 10 53
127 25 402 49 55 15 146 25 212 55 170 58 143 27 33 59 216 24 109 45 248 12 181 7 191 46 185 10 5 51 131 38 1 52 146 21 33 43 100 2 234 57 27 13 135 22 129 28 69 26 72 20 84
128 25 348 1 209 34 208 33 82 11 177 4 205 10 233 52 61 26 80 9 100 15 108 13 53 58 200 14 193 54 14 57 184 23 143 55 224 25 43 17 120 22 191 53 204 38 32 32 107 16 169 24 218
129 25 368 11 213 24 155 45 59 1 201 15 5 55 87 8 104 13 126 3 57 36 27 50 74 10 4 20 65 44 246 54 208 28 65 52 44 21 247 46 234 33 142 58 9 37 186 41 30 2 12 29 57
130 25 373 46 94 16 3 15 80 32 185 36 155 8 166 1 108 39 193 41 160 2 121 37 93 58 234 48 59 27 242 22 184 4 246 56 97 31 1 10 129 34 219 26 22 24 48 51 115 29 148 54 11
131 25 385 47 89 11 55 13 98 3 176 31 57 59 59 32 117 54 117 9 114 22 68 30 95 51 97 7 47 57 152 18 123 50 58 20 174 37 152 49 218 39 128 55 217 44 168 2 27 25 83 5 46
132 25 368 16 69 45 99 38 184 10 84 41 233 12 10 13 153 29 227 25 45 22 79 1 208 31 44 36 90 33 143 48 221 21 114 58 48 40 101 2 135 39 26 59 87 23 127 37 227 14 138 44 152
133 25 366 19 28 14 168 48 4 22 168 23 79 49 76 51 62 18 76 50 56 10 76 38 79 6 157 8 240 53 225 31 173 36 88 26 149 34 93 4 23 45 9 20 75 35 92 29 35 9 191 55 119
134 25 376 25 152 32 68 17 71 57 175 2 76 48 21 41 32 8 64 47 123 53 86 37 24 42 173 16 61 28 196 14 65 55 48 4 33 1 207 54 118 10 61 56 35 33 71 11 134 18 46 43 144
135 25 354 8 98 20 215 42 209 28 224 21 71 27 178 14 185 37 44 38 244 51 175 56 103 55 102 18 205 17 102 25 199 49 111 4 144 16 214 54 175 9 230 23 49 5 75 15 227 52 148 24 26
136 25 418 25 190 55 243 20 114 29 110 9 102 47 76 8 32 43 68 24 86 30 14 12 34 49 108 33 22 57 57 41 62 51 192 6 33 31 203 34 41 44 212 59 47 2 153 50 178 23 68 54 174
137 25 344 56 22 4 239 2 16 57 196 39 128 18 61 11 83 33 20 16 126 23 178 15 231 41 19 51 248 50 139 13 66 17 55 8 224 3 82 40 242 14 172 54 196 9 173 26 148 59 209 29 57
138 25 403 1 68 57 110 27 242 54 124 58 202 48 245 25 210 59 108 51 190 23 245 4 250 28 234 53 15 44 211 3 202 30 223 31 36 49 28 38 53 7 231 32 212 2 115 34 54 11 12 37 154
139 25 429 4 188 23 59 11 160 42 89 49 21 51 6 59 9 6 182 25 81 55 42 21 153 37 157 13 48 58 134 3 180 32 93 52 183 40 56 54 87 57 248 17 215 41 147 47 76 27 224 34 101
140 25 388 1 78 29 154 50 40 57 204 31 130 3 185 42 149 13 111 46 111 45 242 11 164 17 10 51 233 24 84 5 2 34 111 53 233 27 169 44 38 38 74 8 26 56 128 43 128 9 126 40 117
141 25 361 15 232 52 219 38 35 24 111 30 184 25 62 12 243 17 130 29 4 23 118 11 97 34 98 22 40 18 128 41 195 54 162 26 83 31 32 36 131 51 191 32 50 3 49 9 38 43 135 46 44
142 25 390 55 95 24 9 19 237 46 41 48 139 58 240 41 238 25 124 36 134 45 132 1 162 10 238 18 124 4 244 27 38 20 242 38 229 3 188 53 235 33 74 44 219 47 220 22 114 57 232 7 49
143 25 386 41 107 42 44 12 191 34 141 51 39 32 86 16 99 38 63 28 73 18 151 31 34 40 134 25 85 23 148 21 218 7 134 54 120 46 47 9 49 56 70 24 40 27 216 37 6 8 241 52 53
144 25 379 15 114 55 195 33 149 18 152 34 206 22 33 44 62 38 188 43 243 57 21 14 119 13 167 36 203 56 239 8 222 52 122 26 236 42 75 58 196 2 151 46 213 10 7 7 126 17 114 12 247
145 25 390 28 250 4 232 17 172 59 68 14 211 36 9 34 160 18 129 29 209 49 111 23 225 42 150 53 89 48 96 25 125 11 208 26 17 45 5 9 22 15 42 21 215 31 74 33 210 58 124 52 139
146 25 388 18 28 23 218 27 221 47 68 57 23 54 125 34 39 46 76 25 188 2 69 10 237 35 197 22 118 28 157 21 27 6 148 31 126 55 111 12 52 7 86 56 103 59 116 41 56 40 159 20 180
147 25 371 26 236 24 92 57 41 39 25 14 107 51 161 18 58 35 108 19 49 27 206 16 189 3 161 1 164 41 150 25 250 55 140 45 238 56 167 28 32 50 175 31 172 21 87 17 217 6 112 38 31
148 25 382 26 168 24 219 18 125 3 89 39 12 23 8 49 132 55 51 41 249 11 22 47 90 17 178 31 225 40 80 45 95 30 128 36 189 44 38 22 152 32 131 12 123 4 56 50 186 8 176 57 82
149 25 369 44 55 58 196 35 142 13 114 7 123 18 197 31 200 24 222 11 218 39 247 41 84 16 189 43 167 34 218 53 232 30 17 15 68 32 116 55 167 54 226 4 189 2 185 22 133 29 150 28 230
150 25 333 41 196 25 81 55 238 56 77 42 113 2 69 32 14 14 87 27 113 9 112 4 143 44 210 34 156 6 145 17 33 58 229 20 250 35 140 45 241 19 52 12 112 15 225 28 34 22 150 5 19
151 25 452 14 153 3 103 53 215 52 147 28 239 46 57 57 20 59 214 40 92 32 77 48 6 47 108 29 22 44 189 43 67 13 227 6 191 50 174 4 20 33 232 56 156 38 197 45 85 25 192 39 204
152 25 375 12 192 47 50 56 6 32 82 34 19 15 46 53 20 25 207 51 242 21 188 46 153 4 232 9 148 18 31 11 111 20 42 26 225 49 250 14 23 27 198 5 211 55 54 38 217 23 120 59 174
153 25 359 10 46 22 90 3 134 12 223 13 226 50 179 38 179 16 63 37 166 28 171 23 43 48 170 31 136 46 200 51 109 41 145 52 75 17 197 58 125 36 53 19 110 24 168 9 167 14 39 21 184
154 25 376 41 236 1 231 17 149 53 61 50 47 10 188 46 37 33 209 34 217 25 48 15 212 18 201 42 231 55 222 43 88 8 230 45 186 37 99 49 104 27 51 16 119 32 202 31 246 2 136 23 184
155 25 401 20 66 6 229 30 136 21 187 35 169 17 220 38 213 46 183 53 217 23 64 36 170 5 159 25 217 33 60 56 54 55 85 16 123 34 36 9 143 44 14 51 128 27 119 59 231 24 54 40 9
156 25 331 3 56 55 55 23 109 44 230 5 161 26 174 46 38 29 63 19 193 18 12 6 148 9 54 8 238 57 152 33 36 35 194 21 148 48 211 27 43 4 164 24 226 41 126 42 183 25 102 14 112
157 25 334 3 188 55 88 9 203 44 175 12 244 23 224 39 76 46 14 41 108 58 71 26 3 33 114 5 88 18 51 52 88 56 131 6 160 7 62 31 112 16 166 13 151 24 206 11 102 4 133 37 177
158 25 426 6 16 18 176 59 225 53 189 12 42 27 25 34 169 20 111 52 73 56 103 46 39 30 181 48 123 32 163 42 230 22 12 26 68 55 239 49 62 44 17 13 220 4 191 25 150 57 102 23 176
159 25 282 17 44 59 27 9 208 1 140 26 178 25 108 42 191 7 97 2 28 50 203 14 171 3 62 4 245 31 56 40 127 10 208 53 250 16 205 33 234 18 157 11 208 24 164 13 40 29 27 28 84
160 25 330 26 191 21 107 29 192 27 72 32 184 58 182 6 112 49 4 34 156 16 187 24 184 5 234 57 179 14 221 20 220 30 162 36 63 9 190 3 187 22 95 17 13 31 30 35 116 7 121 52 97
161 25 352 22 155 18 24 6 59 7 112 21 241 42 162 38 198 55 164 39 225 8 165 31 120 15 203 57 132 48 115 4 109 11 56 35 130 59 90 58 115 13 58 2 184 34 136 12 110 37 16 32 176
162 25 377 3 234 14 54 11 190 47 11 2 64 15 234 54 215 58 119 21 166 53 152 40 188 9 49 29 100 45 157 41 132 19 115 7 234 32 28 59 56 12 49 39 85 23 88 48 25 57 231 17 159
163 25 383 14 55 25 170 20 244 17 132 11 18 27 126 19 87 36 105 5 134 51 121 28 128 47 158 32 229 13 102 34 66 52 118 21 106 54 233 12 109 35 109 46 180 55 141 50 27 18 200 44 26
164 25 365 44 245 26 239 58 60 22 115 33 201 4 24 24 159 37 146 53 29 56 59 39 113 18 43 23 208 30 223 27 45 2 141 15 2 8 14 55 55 6 108 12 199 40 196 20 154 38 33 41 207
165 25 406 44 93 55 248 10 126 58 146 38 77 19 212 51 47 29 90 50 149 49 80 41 100 2 219 5 171 53 235 7 56 57 193 15 18 48 144 13 47 24 111 43 72 9 144 52 108 3 63 37 213
166 25 406 19 157 15 206 5 222 44 77 56 4 37 19 46 43 51 191 25 43 3 66 38 246 23 240 50 78 16 52 12 42 57 52 11 7 47 5 53 114 40 246 31 13 21 204 45 68 14 165 54 74
167 25 371 49 21 5 210 52 241 13 214 4 222 21 28 14 216 19 209 7 111 41 32 53 26 29 195 59 13 50 228 22 98 28 159 11 1 42 125 6 95 45 58 56 118 58 226 10 1 46 245 2 15
168 25 355 23 223 37 110 6 36 17 164 35 18 27 68 4 244 2 220 1 71 51 216 38 130 47 130 43 194 26 44 18 93 46 30 49 36 15 214 44 51 20 113 12 90 57 12 39 79 14 178 40 146
169 25 449 43 25 11 30 9 217 49 104 16 213 59 246 54 62 34 3 37 92 56 41 44 236 31 154 51 103 40 54 27 232 25 198 30 244 53 41 50 204 26 84 45 51 35 227 19 182 7 234 48 238
170 25 385 18 221 13 70 53 224 33 51 26 160 38 5 15 46 40 45 35 213 20 138 59 130 5 213 28 206 55 77 9 62 56 178 4 198 48 172 42 108 17 131 3 135 31 159 50 47 54 91 19 49
171 25 458 8 93 37 219 46 142 18 241 39 245 28 10 9 7 38 51 36 221 48 64 27 120 20 125 55 120 59 155 7 99 56 197 54 137 24 196 58 41 53 87 51 250 57 11 29 150 17 62 43 33
172 25 387 17 39 30 218 47 144 45 243 25 161 28 74 7 144 41 247 38 89 39 89 55 171 16 13 11 92 57 38 6 209 54 198 32 194 59 133 5 128 26 163 24 73 44 11 14 209 33 64 21 203
173 25 386 35 10 30 200 59 144 52 104 40 30 39 20 58 24 55 151 46 123 2 220 33 135 28 8 38 228 10 150 24 21 29 84 14 17 15 123 26 74 34 183 7 168 17 247 56 13 22 49 3 11
174 25 379 35 130 10 125 31 224 45 71 9 76 4 175 43 129 36 122 14 234 22 93 20 38 44 11 58 177 27 230 53 211 59 159 1 204 6 13 32 231 46 138 23 146 49 80 40 213 25 145 26 238
175 25 361 1 203 55 129 14 204 11 244 34 72 36 138 37 198 21 59 19 104 7 183 28 92 17 242 42 229 56 245 9 50 24 4 31 238 39 203 41 2 35 110 26 120 49 125 27 210 45 80 18 200
176 25 362 42 96 21 105 10 84 51 140 36 161 40 129 52 34 31 15 28 150 45 122 24 131 30 58 19 71 43 240 8 64 22 104 44 8 35 100 9 46 37 91 25 135 4 58 6 119 15 169 48 205
177 25 340 13 57 44 44 8 228 3 135 33 186 40 57 34 144 18 124 54 66 16 1 50 124 26 140 2 102 23 150 27 58 30 10 35 57 53 70 20 80 29 108 25 155 37 248 36 11 17 236 7 178
178 25 408 8 211 37 152 50 53 48 167 52 128 44 40 22 125 49 101 45 198 46 39 35 234 6 240 17 225 18 82 54 205 21 44 32 152 5 196 30 23 29 147 56 218 20 100 39 120 38 95 15 22
179 25 409 52 211 27 113 7 93 11 240 6 95 41 71 28 244 25 35 43 98 33 11 23 30 37 193 32 111 30 198 47 71 39 47 9 82 35 134 42 195 19 168 58 30 56 42 15 5 55 180 49 37
180 25 417 26 81 18 18 10 235 44 53 36 3 53 137 47 226 40 3 17 127 51 118 14 171 35 28 45 30 34 71 41 124 9 218 54 246 55 185 23 190 39 138 32 126 13 157 43 246 49 18 7 76
181 25 383 34 168 21 106 30 184 5 47 27 162 13 173 44 72 52 233 8 193 20 70 51 146 56 96 29 21 7 7 4 73 54 244 49 93 57 95 15 6 53 189 42 47 10 186 24 146 11 108 50 101
182 25 385 11 248 39 222 45 142 15 108 57 75 53 15 33 31 44 166 10 127 52 169 23 77 43 208 9 209 50 118 30 201 17 159 12 191 18 151 29 244 6 14 47 36 26 75 16 228 35 161 51 199
183 25 414 36 182 15 97 35 88 59 22 30 239 47 144 24 130 12 169 34 238 54 178 33 181 56 199 41 105 14 73 23 170 55 200 16 209 29 14 13 228 48 181 10 81 39 65 50 34 3 35 52 246
184 25 386 5 99 59 188 23 248 22 202 55 2 12 230 54 169 24 135 41 33 43 113 25 167 34 150 11 20 27 183 40 10 10 87 52 18 20 66 44 233 39 214 47 130 1 117 45 131 18 132 21 48
185 25 356 38 186 1 19 35 172 58 23 13 157 44 100 31 236 19 206 14 190 4 206 9 34 3 30 16 175 57 37 17 206 28 132 30 39 50 172 54 178 37 173 43 125 18 172 33 113 29 17 32 155
186 25 402 23 51 11 219 48 55 35 226 58 184 4 59 57 237 34 112 56 98 51 116 28 8 41 202 9 218 45 10 24 136 10 22 2 114 27 181 40 112 30 209 19 226 54 60 32 5 13 109 53 151
187 25 414 45 243 51 142 28 136 33 122 23 83 55 16 18 93 6 49 34 185 17 152 2 51 25 44 58 109 44 41 21 6 36 75 16 209 13 183 56 55 50 172 53 92 35 154 19 166 52 111 38 120
188 25 358 21 203 25 138 27 203 8 161 7 159 26 144 44 165 15 99 16 182 54 153 43 201 53 247 41 216 11 187 23 139 59 2 31 199 38 238 18 94 33 13 10 47 13 116 19 6 32 187 49 72
189 25 362 53 181 4 12 22 85 49 184 6 58 13 243 21 5 7 11 32 172 48 132 17 97 59 29 38 120 55 249 46 164 51 178 11 129 43 69 3 78 15 172 29 192 23 51 56 80 16 124 8 35
190 25 401 53 133 54 150 38 206 7 93 13 118 55 38 56 184 16 72 27 145 35 107 37 205 2 216 12 57 4 7 31 206 42 50 17 127 29 96 23 107 41 149 51 8 43 94 49 150 10 85 58 57
191 25 383 30 121 45 142 58 56 52 132 42 170 40 162 5 2 17 147 50 45 20 87 19 33 44 11 18 58 32 209 16 101 33 42 48 136 11 220 8 77 1 76 22 155 36 22 39 189 53 235 28 192
192 25 386 46 217 32 124 29 178 18 62 28 244 52 189 31 98 38 172 43 41 33 215 8 89 1 8 41 15 44 163 15 138 12 165 55 63 22 238 36 72 48 135 13 220 26 149 45 124 51 115 6 130
193 25 373 30 208 15 144 35 66 21 230 43 179 45 114 18 49 55 155 46 170 34 154 37 12 4 211 5 185 7 231 52 56 12 141 47 87 17 247 27 118 59 205 2 153 23 182 19 167 40 118 53 74
194 25 408 14 149 7 140 35 63 52 16 51 63 58 192 50 94 6 222 8 184 27 82 28 41 55 137 29 104 4 53 19 180 56 247 41 230 49 48 42 232 24 233 38 221 5 163 53 39 39 200 26 194
195 25 414 12 76 23 208 42 40 57 104 2 175 11 173 28 57 58 240 38 193 29 129 54 127 46 18 41 126 47 29 49 218 34 44 16 185 53 131 6 60 24 229 20 246 50 41 9 78 40 64 39 73
196 25 373 9 226 49 167 27 109 32 42 35 149 26 20 24 181 23 214 29 204 21 88 52 12 11 138 12 2 40 90 19 101 18 225 59 81 6 195 20 94 36 9 47 246 33 190 45 78 30 203 43 142
197 25 373 4 214 5 51 45 248 13 106 56 213 33 23 46 168 47 125 1 135 15 89 30 7 28 76 44 130 59 166 32 22 42 15 37 91 16 232 53 180 19 12 9 103 23 87 50 130 2 70 38 53
198 25 400 31 79 37 109 18 123 44 177 55 61 20 57 13 238 1 91 52 45 43 130 59 188 34 201 7 55 12 196 9 30 27 90 22 221 8 36 49 206 47 10 35 26 39 53 46 241 45 89 48 213
199 25 360 10 183 54 27 58 232 36 162 11 53 57 223 2 137 38 77 15 140 30 175 20 237 55 146 35 231 32 133 34 162 19 7 7 118 26 119 3 89 31 17 46 23 18 204 17 60 14 21 52 1
200 25 409 38 156 23 130 41 152 35 52 51 163 9 8 29 159 12 77 59 238 54 231 46 97 33 52 26 43 39 242 45 242 32 183 24 139 25 218 13 217 53 83 21 241 27 149 55 43 1 192 28 225
201 25 387 10 134 16 231 18 214 26 81 5 130 31 247 49 235 29 24 35 171 55 119 17 99 39 250 22 224 4 190 23 170 9 76 41 244 50 166 46 147 38 104 52 182 13 73 56 64 51 3 40 110
202 25 343 33 17 36 43 32 147 18 140 3 105 9 6 31 183 10 169 23 209 6 167 25 149 29 200 44 136 17 249 41 93 16 96 37 93 55 196 35 9 24 102 22 46 30 48 46 141 52 95 12 45
203 25 359 17 127 16 157 5 137 49 249 12 54 45 174 29 250 10 69 24 230 23 216 2 160 31 52 55 204 26 157 25 42 35 173 40 153 36 112 18 147 54 44 44 51 47 125 33 36 3 35 39 9
204 25 366 9 187 15 35 20 162 30 9 24 138 34 175 55 73 52 97 35 166 42 38 51 232 37 186 4 139 13 68 44 76 40 93 59 106 41 138 18 63 36 163 19 111 1 6 17 125 27 104 10 17
205 25 358 18 40 21 141 37 156 32 59 27 23 46 217 12 37 24 74 54 178 9 72 28 41 1 59 45 157 17 200 43 228 8 244 44 1 5 9 50 225 57 198 30 31 4 57 31 133 38 179 36 120
206 25 329 6 143 15 125 27 67 28 173 45 123 12 49 1 32 31 62 10 222 8 68 14 250 59 125 48 107 4 8 54 115 43 77 22 140 55 248 17 73 20 223 25 16 35 124 18 124 5 52 57 202
207 25 347 20 102 22 194 7 224 42 148 35 76 5 194 44 69 29 115 52 72 18 6 50 112 59 87 45 11 21 76 4 86 9 175 11 37 26 215 19 33 2 101 48 198 24 182 32 121 13 149 57 159
208 25 361 24 34 28 128 31 199 52 101 27 52 32 123 7 30 15 26 43 107 6 61 11 67 42 39 46 187 18 94 17 4 59 177 1 200 57 34 10 63 56 4 2 135 21 229 58 150 20 250 40 226
209 25 435 43 218 28 6 10 133 55 153 51 83 35 60 19 168 22 223 13 215 40 206 9 52 25 198 48 107 52 80 3 206 59 94 53 155 37 61 29 238 39 53 21 110 46 136 31 127 58 247 44 240
210 25 418 34 33 24 225 47 99 44 60 20 7 10 190 55 207 58 208 36 90 7 112 45 248 56 221 57 152 6 128 8 178 51 22 40 145 16 213 54 62 22 65 25 198 27 194 29 140 28 45 37 76
211 25 397 43 244 5 184 27 101 13 12 56 117 47 69 30 54 20 153 21 189 40 236 45 14 46 172 8 223 16 63 57 119 9 177 53 190 24 241 49 2 31 232 48 30 6 130 59 75 3 64 38 52
212 25 377 1 183 35 228 15 11 50 84 31 218 40 106 56 96 48 47 46 21 26 118 25 188 23 82 12 98 49 150 30 138 16 199 21 67 8 83 54 27 9 66 47 86 44 74 4 228 42 223 22 224
213 25 408 53 105 40 72 43 237 32 65 25 140 47 178 38 126 27 84 44 3 41 117 18 66 26 188 1 107 21 16 49 232 42 87 55 181 39 249 35 133 50 244 31 209 14 63 15 90 6 29 24 241
214 25 397 50 182 32 130 53 160 2 160 10 100 58 187 34 249 42 246 57 2 24 49 18 118 45 167 26 54 27 220 9 227 49 81 41 241 5 210 52 124 12 63 33 190 48 131 21 244 8 74 38 151
215 25 420 47 204 30 125 39 75 2 119 24 190 19 54 50 219 48 52 52 244 55 244 34 242 59 66 27 198 9 135 42 51 32 163 36 242 17 139 40 62 38 191 15 68 11 91 10 25 56 57 49 17
216 25 433 15 115 36 175 30 2 56 152 25 228 49 87 7 67 58 128 47 238 53 166 39 136 29 158 12 24 44 131 13 231 55 19 6 239 40 150 57 22 24 134 42 182 59 230 38 217 27 172 5 102
217 25 392 49 53 39 130 14 10 1 156 26 249 42 16 51 203 22 242 48 158 33 230 59 13 28 81 19 59 32 94 20 248 2 61 36 196 50 8 15 109 24 11 29 208 54 172 57 150 27 11 7 198
218 25 401 13 72 39 154 10 81 35 97 48 136 57 228 23 65 54 95 55 191 6 196 49 83 4 70 52 106 59 155 8 80 44 1 21 46 50 173 46 2 27 72 25 131 3 121 40 165 19 178 16 57
219 25 297 1 246 21 150 26 176 30 178 11 69 27 245 23 32 37 159 15 83 12 8 14 231 40 221 50 250 34 36 22 70 19 201 57 24 42 174 17 20 13 142 4 41 10 139 2 10 31 42 36 111
220 25 358 41 138 7 50 37 21 28 40 12 36 10 188 51 191 43 13 4 49 52 106 39 215 56 188 35 58 40 204 2 192 29 231 6 72 17 246 49 105 25 184 20 232 57 87 22 234 11 159 23 236
221 25 416 36 235 11 72 56 233 16 213 9 131 47 177 8 149 58 82 45 31 59 56 44 86 13 235 5 57 50 92 53 196 39 217 37 126 51 66 6 167 54 234 57 191 7 93 29 186 41 22 1 18
222 25 406 19 249 57 220 44 1 21 81 32 118 23 183 54 71 28 149 48 69 6 80 11 71 39 115 20 200 55 137 10 55 16 150 38 108 45 49 58 227 56 246 31 200 40 201 8 247 35 120 18 47
223 25 388 59 168 31 69 47 115 37 47 11 62 58 49 34 199 21 182 6 62 55 217 25 93 7 154 50 151 43 227 18 222 54 108 52 112 13 198 20 95 12 159 3 132 41 44 16 56 28 72 35 194
224 25 327 7 4 15 250 22 42 23 77 19 214 30 223 33 50 38 226 50 62 10 174 5 3 40 60 54 77 28 65 48 3 9 227 4 200 51 160 39 25 29 100 42 204 6 163 16 52 11 119 25 209
225 25 370 5 65 7 238 57 188 9 67 53 198 51 131 59 35 17 58 30 99 33 151 36 146 41 87 38 77 6 60 22 120 4 149 49 223 35 48 12 81 3 183 27 119 48 69 13 98 55 170 31 147
226 25 423 27 198 29 75 42 30 20 180 58 33 54 85 34 126 57 126 8 69 4 57 44 4 47 146 32 143 36 224 55 64 40 65 56 96 14 56 7 41 30 172 38 45 10 46 5 102 49 208 51 25
227 25 362 3 134 21 17 43 205 50 198 22 95 45 28 6 44 11 113 7 78 9 143 14 96 34 212 35 247 33 41 32 96 18 150 48 159 40 140 54 156 29 241 30 70 25 241 38 32 42 23 36 12
228 25 377 41 184 55 232 35 172 44 174 42 63 3 141 28 28 12 158 39 81 20 143 29 212 46 43 31 14 30 182 16 163 38 37 52 153 43 205 25 67 17 147 26 158 1 35 34 104 24 103 23 18
229 25 351 25 98 47 56 14 159 46 42 18 49 45 163 43 201 9 181 7 213 16 107 20 196 11 125 27 8 30 41 3 117 33 73 13 124 15 133 58 181 32 131 54 172 57 88 37 83 22 79 21 202
230 25 409 55 69 12 155 52 154 3 228 5 236 18 211 41 24 30 204 48 221 56 13 22 162 10 51 57 243 39 79 47 183 58 189 50 57 19 191 16 109 34 219 31 13 44 190 17 223 43 129 11 146
231 25 413 37 249 44 42 49 151 50 59 43 143 41 41 57 1 33 187 34 38 3 243 23 123 17 99 47 51 38 117 48 86 7 91 59 66 6 207 13 27 18 96 56 96 29 32 39 228 26 142 10 69
232 25 323 30 50 45 192 17 234 15 52 5 219 33 105 16 129 58 72 18 5 8 203 50 178 47 249 12 242 2 133 55 69 14 34 13 248 35 245 22 174 7 249 1 147 48 143 25 162 39 11 31 145
233 25 383 49 17 37 102 52 128 24 26 16 160 19 222 58 54 12 79 14 50 39 233 57 41 28 124 7 230 32 91 42 123 29 245 27 59 55 10 48 226 18 178 21 169 33 125 1 94 8 73 40 138
234 25 405 7 202 6 234 42 180 30 11 45 179 49 224 36 198 57 116 21 240 8 92 55 242 29 7 20 39 32 149 38 202 33 211 54 245 2 164 51 12 24 194 50 41 47 38 16 248 19 181 39 39
235 25 346 6 199 20 134 56 139 16 189 29 91 43 182 36 153 44 199 38 165 19 247 2 246 32 199 42 197 10 24 34 50 4 99 9 224 35 224 24 63 46 69 30 141 7 250 45 5 39 57 26 48
236 25 364 58 31 17 131 21 197 16 167 20 188 36 84 1 232 29 219 3 70 15 32 26 91 9 84 32 248 40 136 5 39 47 135 4 27 42 189 54 104 38 233 14 222 57 143 50 118 43 119 51 27
237 25 383 38 192 12 234 30 15 20 217 10 56 11 105 58 84 33 40 29 67 51 22 23 153 2 162 53 147 35 173 39 219 54 82 18 200 56 49 49 165 19 38 14 114 42 32 16 204 9 217 45 99
238 25 347 33 227 59 61 21 233 30 112 25 126 13 65 32 201 56 13 50 89 26 18 43 157 9 58 42 3 6 178 12 21 28 114 17 177 29 11 45 113 37 118 5 43 19 1 14 68 4 58 39 156
239 25 339 31 193 4 249 18 163 9 205 5 214 41 85 15 207 3 244 2 189 59 126 50 191 19 17 25 136 10 98 17 205 58 9 47 78 33 177 29 140 23 129 6 179 57 168 39 11 55 158 24 57
240 25 408 43 76 24 129 30 74 29 90 52 67 54 168 31 22 18 105 22 235 14 188 15 206 7 213 48 204 12 18 59 145 25 193 40 72 53 60 44 228 37 62 50 221 4 57 20 223 51 77 35 144
241 25 368 5 96 53 115 13 87 27 62 49 230 25 171 42 58 17 221 36 80 11 47 20 208 33 19 14 86 45 77 40 91 39 36 43 28 44 96 34 213 8 167 2 234 47 89 57 115 4 184 29 42
242 25 358 37 4 58 193 35 80 54 210 33 153 40 160 8 24 7 94 23 83 3 227 39 43 30 83 46 183 59 50 48 94 32 28 29 91 1 91 6 202 52 23 5 181 19 221 11 55 4 215 38 132
243 25 389 49 61 12 10 30 140 53 2 7 34 24 159 6 39 31 78 34 187 48 132 50 102 54 64 28 189 47 74 19 16 21 178 5 31 45 138 43 114 25 145 13 28 32 152 41 91 35 44 26 230
244 25 375 54 195 42 37 21 246 20 1 13 180 18 221 44 209 35 24 55 29 17 1 14 31 1 107 12 141 49 138 7 54 57 142 40 39 8 42 56 59 22 248 58 72 41 132 24 44 16 92 26 117
245 25 371 54 46 5 95 59 123 34 177 31 68 30 91 47 22 56 155 43 223 2 236 52 14 27 105 42 48 33 50 15 207 17 91 23 235 57 161 19 80 36 196 14 80 11 178 16 219 7 213 13 98
246 25 324 16 120 30 145 56 198 24 227 11 178 2 189 41 237 17 20 1 207 58 209 40 127 31 237 10 16 37 138 20 231 5 176 26 172 18 174 35 207 6 85 55 244 36 205 25 15 45 199 3 201
247 25 419 25 22 42 235 58 57 26 83 59 23 28 195 43 89 6 250 35 40 53 83 47 44 27 111 34 20 46 204 14 98 38 175 49 44 12 138 48 104 54 162 24 159 3 139 8 127 21 3 39 127
248 25 324 16 248 59 52 17 236 55 23 43 213 37 164 58 81 13 87 7 120 23 120 33 186 20 235 6 140 4 58 12 24 24 39 31 125 40 110 2 193 19 210 48 16 10 110 5 188 51 99 15 136
249 25 361 19 152 1 178 45 221 41 240 34 210 33 28 59 2 30 245 5 182 3 76 11 218 32 77 35 134 25 64 28 60 12 132 22 53 55 198 54 19 27 162 56 157 26 99 31 63 29 33 10 142
250 25 353 39 185 5 33 10 75 14 54 25 166 8 192 2 98 26 55 6 233 46 237 48 224 44 249 37 36 57 19 28 81 4 207 42 53 1 206 59 158 13 246 11 181 58 87 53 15 30 103 40 236
251 25 369 56 68 12 213 57 240 40 87 59 83 5 231 48 28 36 196 15 158 43 237 38 183 6 26 17 150 4 118 13 179 25 196 3 43 28 225 41 6 46 236 33 193 7 175 42 19 10 247 55 61
252 25 415 5 33 4 14 37 92 30 203 56 93 20 160 23 97 39 198 35 214 50 207 59 38 11 95 42 62 44 123 10 110 43 56 2 96 19 149 49 203 34 236 45 140 26 133 58 174 53 222 36 187
253 25 363 20 45 7 144 51 40 40 21 30 28 41 242 44 155 17 90 27 245 16 202 4 211 53 236 28 167 5 43 23 36 48 1 9 40 21 20 22 80 50 5 34 3 49 60 8 189 35 140 45 247
254 25 350 43 233 35 247 7 117 54 214 10 63 15 10 42 119 11 231 23 216 56 31 18 131 31 167 59 205 26 75 12 233 47 67 17 15 13 155 19 9 14 63 5 235 46 83 38 79 55 243 4 236
255 25 349 22 44 28 139 45 122 56 141 36 28 13 32 4 101 46 139 17 46 7 231 8 111 57 104 34 182 30 87 27 58 42 4 38 158 18 94 48 93 23 212 6 67 12 123 21 169 25 1 35 67
256 25 384 31 210 21 14 32 99 12 148 58 6 52 56 3 129 9 63 53 121 34 48 49 188 40 197 18 1 48 166 10 227 30 164 28 77 22 41 17 21 59 93 15 182 56 221 2 178 41 63 29 168
257 25 388 30 67 37 158 16 82 58 246 31 187 53 92 27 47 8 247 29 198 35 130 22 240 52 52 20 44 56 218 51 147 26 130 44 192 21 203 17 221 49 129 15 175 34 213 5 152 39 133 1 84
258 25 345 10 194 25 173 19 33 24 157 30 13 11 75 35 249 38 153 12 120 55 117 4 79 8 189 52 124 6 3 53 2 16 123 34 161 29 156 5 90 59 104 28 109 31 228 51 28 7 99 49 249
259 25 394 25 30 56 77 54 187 14 116 43 14 16 228 48 188 35 239 33 161 6 1 26 199 30 55 36 241 34 191 55 24 4 209 58 248 47 35 2 163 1 1 38 195 40 110 53 63 22 219 12 26
260 25 360 45 196 22 191 2 110 36 189 59 135 43 232 37 105 30 72 19 240 14 236 39 98 18 96 8 50 53 19 57 199 17 78 31 188 50 227 16 100 13 200 32 111 25 63 10 228 11 151 33 76
261 25 326 41 210 25 166 49 92 7 121 43 244 1 131 13 161 8 212 29 45 42 201 4 245 21 150 57 121 48 250 33 240 14 52 32 211 30 95 28 122 23 42 19 147 24 208 53 2 2 95 6 8
262 25 407 39 174 8 78 53 102 30 100 45 221 23 6 40 49 25 93 47 236 48 153 49 158 33 183 21 236 58 210 35 59 9 14 36 51 5 55 52 160 7 206 46 5 11 190 44 9 24 170 26 146
263 25 398 33 213 45 242 58 59 22 148 44 38 49 194 42 50 53 7 8 20 1 68 40 176 6 134 51 88 29 62 15 95 34 130 46 149 20 237 36 203 56 95 43 172 4 94 11 113 37 80 13 7
264 25 367 48 185 7 6 56 113 32 90 2 173 44 115 38 241 24 53 34 231 16 107 5 59 1 102 35 144 47 154 40 193 29 175 53 14 59 237 10 140 15 29 52 51 12 199 17 109 30 78 28 236
265 25 341 43 94 9 2 6 150 56 91 22 42 38 183 29 189 58 89 57 19 30 148 1 190 8 107 35 92 32 239 31 193 46 232 40 216 13 113 42 148 26 132 23 220 3 164 11 122 20 89 4 49
266 25 367 45 131 54 138 24 34 20 116 19 201 47 227 15 152 48 49 11 169 6 64 31 210 29 201 22 104 53 170 27 1 16 199 56 205 42 79 25 89 40 227 38 122 28 51 21 178 10 164 7 170
267 25 399 33 65 12 204 50 174 25 236 7 42 26 72 37 9 31 23 47 92 19 75 52 103 1 233 34 162 32 183 58 88 56 223 54 58 59 189 17 131 51 185 14 210 44 181 24 197 13 95 2 176
268 25 320 32 54 10 159 23 68 3 100 49 134 55 8 17 226 36 15 14 119 6 249 2 185 38 217 15 174 20 19 37 10 40 219 4 236 58 243 16 23 31 87 8 156 50 46 39 56 30 42 7 90
269 25 321 6 46 42 56 14 73 40 151 59 13 56 119 35 209 44 21 7 119 8 104 38 116 21 4 16 156 29 169 3 62 32 36 1 240 48 30 22 239 19 4 37 208 2 48 15 215 24 191 25 238
270 25 366 48 32 46 77 37 200 10 220 33 41 26 166 11 203 5 156 35 244 29 33 30 80 36 146 16 22 42 113 28 189 52 229 40 71 21 178 23 232 47 89 3 207 54 38 41 113 18 72 2 181
271 25 346 20 160 31 103 42 243 22 10 5 114 34 116 24 248 29 227 17 44 32 95 7 182 38 144 25 212 36 184 19 113 41 67 9 153 39 220 14 135 35 139 3 235 15 230 51 246 56 247 49 235
272 25 370 12 134 28 230 59 42 58 133 30 200 52 250 9 42 3 66 15 59 34 229 16 68 20 26 26 236 54 46 40 217 11 18 36 199 31 195 22 104 23 21 37 132 21 58 6 16 44 56 53 201
273 25 344 9 232 46 156 19 201 31 141 28 232 50 113 42 170 20 113 33 13 7 203 18 6 15 123 3 31 14 55 21 184 58 59 39 59 29 141 59 176 34 208 51 6 2 220 32 164 16 45 13 234
274 25 354 31 196 16 3 19 22 15 72 51 143 2 69 34 4 57 31 20 76 3 187 35 174 18 68 24 135 4 72 9 44 23 184 56 143 17 232 8 125 49 238 40 34 47 10 53 182 48 206 29 7
275 25 442 15 84 42 129 59 197 13 233 47 97 51 179 32 60 55 90 48 134 53 154 33 88 27 238 16 133 39 230 36 107 6 76 38 240 52 126 40 37 22 64 9 197 34 192 2 132 58 129 57 243
276 25 331 1 106 8 239 34 246 58 223 37 210 9 119 30 35 17 50 53 121 55 24 42 126 14 242 36 247 18 228 27 75 7 118 6 242 3 245 40 204 5 3 59 171 51 41 16 167 24 101 12 146
277 25 393 48 108 55 165 5 190 54 104 57 205 6 201 51 17 35 37 8 79 12 68 37 164 29 179 44 95 20 227 36 207 52 181 2 11 16 5 47 200 31 191 3 109 38 1 50 98 9 164 42 14
278 25 346 11 100 12 238 5 89 59 147 10 69 42 244 27 92 7 155 44 107 58 22 15 180 4 132 39 139 49 238 30 103 8 101 36 125 56 114 22 205 53 106 9 115 6 212 41 73 47 2 2 198
279 25 374 19 159 55 220 24 45 31 139 1 138 35 56 50 206 9 101 34 75 6 67 37 168 22 4 21 195 33 159 23 65 46 211 57 57 52 146 11 37 36 71 38 54 29 248 27 3 43 226 10 112
280 25 382 49 5 5 189 9 177 19 214 59 116 30 47 6 58 13 57 23 115 45 50 35 93 43 216 52 160 20 137 37 71 25 75 4 5 46 10 44 191 31 171 2 37 56 1 33 3 21 104 57 106
281 25 370 27 218 6 75 34 246 44 168 3 8 22 48 19 227 20 211 47 181 35 181 57 1 55 91 31 88 12 198 56 87 16 113 2 210 26 110 43 85 29 181 33 85 13 84 32 22 38 84 40 180
282 25 382 40 201 2 7 12 179 35 120 14 117 5 35 21 110 59 124 53 227 34 165 44 73 30 247 16 63 9 172 47 228 52 188 26 155 55 32 19 8 57 93 28 63 33 70 6 235 50 26 18 180
283 25 384 13 9 18 62 53 175 17 239 43 89 33 27 27 122 15 91 11 152 35 221 16 70 37 52 21 82 26 45 51 235 29 30 14 42 44 249 22 141 47 19 58 53 7 161 28 247 54 144 50 124
284 25 380 58 134 16 31 14 206 55 226 56 201 25 164 38 47 40 198 11 202 5 27 8 131 51 88 37 227 13 122 6 222 57 13 28 190 50 2 2 12 10 91 41 141 30 202 46 20 15 249 49 3
285 25 400 35 121 55 192 54 222 27 151 24 94 52 155 7 209 41 148 30 30 50 30 19 231 34 77 12 148 25 162 23 151 17 93 46 98 28 183 26 21 37 162 10 97 31 51 58 250 20 7 39 89
286 25 386 55 45 13 205 51 204 57 121 56 83 33 32 35 40 46 152 2 4 23 141 30 75 34 179 45 223 6 43 52 87 26 159 1 122 20 106 14 20 47 31 11 4 32 72 37 97 15 208 31 108
287 25 409 16 97 40 172 4 123 37 66 51 213 21 220 25 103 41 40 8 46 31 97 26 71 10 110 53 209 28 207 36 228 54 154 57 245 35 30 19 223 47 30 52 234 11 114 48 24 14 95 55 89
288 25 380 59 192 57 16 11 62 9 197 6 96 25 68 37 156 5 156 48 77 50 190 42 7 33 220 39 112 36 247 2 209 28 230 14 146 12 241 56 238 41 233 45 15 8 102 17 11 32 10 49 151
289 25 455 35 91 6 102 54 25 36 131 46 152 49 133 45 221 39 102 31 73 56 146 10 49 48 88 20 97 27 166 57 122 40 245 33 121 21 154 26 174 34 108 38 104 41 235 2 230 59 146 58 72
290 25 412 7 45 31 29 16 97 33 38 57 125 22 48 6 151 59 177 38 114 9 199 49 118 14 111 48 17 51 20 27 248 26 250 45 184 36 180 47 62 28 225 35 93 12 3 41 53 32 10 56 65
291 25 366 50 78 4 247 35 51 8 212 34 73 21 210 48 97 47 10 23 100 45 201 18 105 27 157 11 48 3 67 19 80 53 245 15 53 42 116 39 17 38 98 16 75 44 183 37 128 32 81 24 109
292 25 367 33 93 41 150 11 42 22 86 26 56 19 163 4 45 20 144 31 76 25 167 9 99 45 226 57 17 27 100 3 9 14 51 51 98 47 21 43 168 30 98 58 105 48 64 34 209 32 196 5 70
293 25 416 31 76 33 189 44 238 57 230 59 85 12 199 17 19 30 34 28 185 4 212 40 222 55 131 53 32 49 102 42 144 16 123 45 213 23 181 15 201 46 133 13 67 48 34 41 19 10 111 21 193
294 25 366 42 26 8 166 34 52 1 190 47 233 40 13 46 191 38 168 51 86 33 44 13 104 24 120 54 126 16 5 28 181 44 233 35 213 27 193 18 139 6 83 59 245 25 85 9 151 19 242 15 190
295 25 399 11 31 27 35 28 230 39 80 25 55 44 100 42 12 7 24 40 151 15 66 6 61 24 56 45 221 48 201 50 83 10 86 32 42 56 165 12 49 18 174 59 48 35 136 38 238 53 118 34 13
296 25 426 55 86 53 205 59 131 21 98 58 17 31 109 29 66 36 61 46 5 50 139 34 18 8 5 27 245 38 60 54 84 5 134 14 67 51 31 43 42 3 209 35 27 13 225 4 55 39 51 47 180
297 25 318 44 77 13 37 3 176 12 111 38 234 45 151 37 217 22 44 46 4 16 119 28 221 27 211 42 214 19 51 7 7 6 51 9 161 30 243 5 130 59 23 33 214 4 180 54 201 36 201 1 240
298 25 371 35 42 3 85 43 222 1 37 7 141 39 137 31 238 29 107 19 49 10 162 13 193 28 6 23 20 38 179 41 14 42 104 14 70 45 152 46 147 51 187 34 209 25 133 52 99 47 165 26 44
299 25 338 4 143 22 166 12 90 15 75 40 108 39 103 13 222 44 159 35 81 56 215 19 59 26 104 3 99 42 81 45 98 5 109 52 48 6 4 17 72 8 48 51 8 27 2 48 57 7 250 41 111
