0 25 3276 424 23 7 175 346 37 449 62 257 26 225 126 433 185 418 174 269 71 303 106 282 142 102 234 368 159 367 48 65 145 91 241 217 97 417 65 384 215 228 92 40 152 69 74 436 236 147 154 208 201
1 25 2486 11 40 142 213 123 159 73 89 258 190 383 200 280 1 47 196 365 32 210 43 325 1 196 44 374 132 31 172 37 39 172 100 278 65 212 202 424 34 40 133 23 124 233 4 224 231 149 41 362 210
2 25 2835 385 236 312 230 231 135 363 114 408 202 102 29 101 81 44 214 432 169 197 173 403 72 96 235 227 21 65 228 111 78 439 97 316 101 279 148 137 243 11 245 244 14 275 244 196 70 257 227 40 56
3 25 2892 249 243 379 46 229 7 317 146 184 229 373 23 178 240 23 106 438 61 300 148 305 144 214 32 39 209 153 48 136 43 5 186 237 35 382 215 191 150 360 25 328 185 97 55 174 21 112 61 381 212
4 25 2858 211 238 107 74 19 195 382 221 94 69 415 48 157 1 82 88 216 123 439 177 249 68 61 147 423 35 117 236 447 99 149 7 438 5 180 58 2 214 229 145 282 245 245 138 446 228 127 63 200 17
5 25 2934 41 200 85 54 446 59 388 114 244 136 315 195 193 2 249 74 360 102 137 190 397 69 434 143 8 31 170 237 345 72 353 36 21 87 89 219 95 28 232 41 63 248 385 157 450 183 281 59 87 17
6 25 2756 150 235 437 33 327 245 216 246 181 110 69 85 97 42 122 187 210 66 366 193 208 81 191 192 337 42 377 217 13 86 299 97 172 83 25 118 248 172 398 210 83 58 332 206 345 243 73 60 237 81
7 25 2918 342 227 422 229 270 100 447 219 412 132 319 160 406 204 134 123 201 8 173 12 48 107 320 81 112 166 175 184 127 211 66 69 440 138 299 159 39 195 280 153 79 100 162 184 153 148 206 106 205 128
8 25 2984 167 104 234 38 336 45 353 210 131 30 72 196 48 163 285 246 372 24 242 153 376 220 2 89 155 88 161 160 344 188 328 197 374 166 82 170 318 43 52 249 317 48 446 79 134 193 402 107 237 154
9 25 3195 434 158 206 75 61 62 262 223 123 6 412 200 352 35 415 36 257 85 280 158 283 96 157 179 177 141 273 28 297 161 332 233 269 189 57 231 100 218 203 174 23 214 427 101 238 164 357 72 395 166
10 25 3091 404 143 423 184 319 113 159 196 161 169 379 193 139 167 151 69 218 69 271 191 93 87 314 21 189 153 236 47 326 231 412 81 323 184 217 41 248 227 238 109 297 67 53 86 285 4 54 103 274 27
11 25 2333 145 168 15 60 89 3 264 76 349 241 106 112 72 30 348 40 272 45 368 10 155 114 278 10 199 12 13 205 216 38 283 111 305 47 22 245 101 86 371 51 78 228 412 101 108 161 90 179 7 40
12 25 3018 262 223 317 173 73 229 187 227 246 74 261 156 431 59 230 227 259 217 397 9 194 127 323 245 184 183 86 164 392 95 204 6 417 22 378 89 100 215 18 46 240 78 103 20 437 184 247 197 50 145
13 25 2849 208 146 373 80 240 6 364 227 322 206 71 77 111 137 248 138 76 98 204 143 295 94 422 149 265 60 383 63 359 232 410 166 329 182 195 118 40 210 45 61 67 165 37 227 284 217 279 183 72 123
14 25 2344 77 217 446 178 382 106 60 96 364 93 55 231 422 87 275 41 28 36 237 38 103 152 26 131 105 9 147 35 92 221 9 220 387 54 399 118 61 8 414 76 153 220 106 24 58 132 264 135 18 51
15 25 2645 74 72 4 49 52 210 408 151 196 101 71 104 372 57 207 171 377 20 380 92 345 232 11 151 205 71 34 171 51 73 279 224 228 129 326 39 386 76 184 138 248 237 62 206 195 82 232 14 363 73
16 25 2913 409 195 236 111 251 56 44 73 162 147 147 192 420 224 21 147 414 108 22 247 148 121 83 9 177 80 192 58 393 154 183 201 98 70 413 149 427 157 323 190 153 70 232 24 445 54 71 9 363 244
17 25 1920 105 110 15 90 320 43 119 161 252 113 165 36 66 14 55 78 264 183 86 87 273 240 208 106 14 152 11 36 160 23 279 165 35 245 106 204 137 126 415 91 388 31 26 153 96 231 83 160 163 168
18 25 2409 98 137 8 105 142 23 56 2 208 166 127 188 82 111 433 139 64 71 80 161 53 162 187 108 408 119 190 217 83 107 16 20 416 20 313 138 375 217 297 42 193 235 325 55 367 213 70 89 228 102
19 25 3104 300 181 63 138 440 70 8 79 388 240 137 155 261 153 324 76 192 51 294 189 42 236 423 19 391 83 111 29 361 212 430 193 427 17 232 146 126 12 436 68 148 40 130 52 366 105 44 116 134 59
20 25 2950 235 8 329 226 150 12 439 78 372 150 260 216 276 178 49 224 54 160 361 221 207 102 59 167 357 54 134 56 287 45 341 146 373 218 195 234 206 124 56 183 174 133 211 222 308 116 281 168 186 88
21 25 2675 222 187 148 140 195 1 326 51 189 170 191 136 344 158 30 228 216 203 236 73 336 160 255 98 181 15 13 114 434 150 153 155 88 102 345 183 202 22 133 92 375 227 84 182 358 13 97 110 199 169
22 25 2950 347 110 276 46 442 240 160 205 423 9 259 30 99 210 176 231 413 197 115 106 239 89 282 172 422 239 337 71 201 237 141 149 346 168 245 39 59 54 46 134 415 204 313 65 14 88 45 178 86 211
23 25 2595 34 124 249 217 247 22 158 183 392 8 269 35 56 14 152 202 103 211 306 250 294 22 53 108 436 218 297 232 146 182 292 31 255 92 147 53 15 54 236 159 263 154 143 171 270 246 272 174 106 229
24 25 2791 173 151 50 125 208 187 395 156 168 192 37 211 372 243 254 70 446 119 424 133 277 138 336 71 155 66 30 228 74 10 352 24 310 127 334 48 123 39 218 114 78 130 237 72 134 6 17 4 381 101
25 25 2886 332 119 237 202 28 43 267 59 173 140 369 124 16 180 252 149 277 24 389 44 239 16 426 175 38 59 433 56 164 115 7 45 183 145 396 113 287 12 371 59 154 239 135 19 118 238 67 247 414 57
26 25 2792 92 102 73 167 279 12 175 161 319 240 225 177 434 110 221 29 324 110 193 244 118 146 135 54 64 2 292 182 248 155 238 140 58 162 406 236 183 248 444 224 25 120 158 86 141 138 409 50 330 152
27 25 3380 419 27 388 225 340 90 166 223 39 22 413 180 79 224 386 217 449 220 214 192 343 190 361 52 375 103 240 183 352 219 137 73 396 24 247 37 315 62 62 154 35 174 333 63 399 170 181 247 91 95
28 25 2462 388 36 234 101 189 161 3 128 145 207 149 131 329 194 407 75 32 73 138 45 278 172 168 13 336 217 82 217 63 25 53 162 348 205 50 208 7 228 253 113 228 135 343 221 143 67 404 66 154 199
29 25 3066 293 77 318 155 263 234 189 129 99 65 391 153 326 88 207 177 448 115 56 50 280 33 384 72 205 177 241 9 144 44 309 236 373 76 41 135 212 181 115 62 295 155 114 72 394 172 198 241 238 4
30 25 2908 242 217 86 178 291 141 356 131 51 49 76 161 34 248 188 26 182 249 8 246 362 52 402 227 73 198 448 223 338 36 126 182 354 113 409 244 155 64 274 105 350 15 447 147 405 125 131 203 28 217
31 25 2528 86 230 393 60 377 193 82 216 280 109 47 35 72 5 429 76 318 4 33 31 203 149 278 152 2 32 158 185 361 124 320 90 18 80 10 111 236 41 420 184 126 43 339 206 370 108 9 2 89 112
32 25 2734 201 18 415 3 419 248 110 103 208 135 125 50 203 54 69 14 364 204 207 235 188 232 79 178 89 99 437 247 400 127 360 250 94 74 155 164 223 116 369 133 51 93 182 155 246 200 118 161 156 74
33 25 2705 146 245 257 126 72 195 274 160 44 74 237 3 425 180 329 131 444 203 47 212 185 247 404 16 3 51 218 170 11 175 46 208 369 104 34 192 249 57 151 194 132 239 296 9 319 226 339 114 379 135
34 25 2914 327 13 83 82 81 235 132 50 257 194 324 102 402 244 205 235 335 105 343 137 398 227 128 96 235 146 71 123 411 249 110 139 164 92 220 96 329 203 195 185 146 118 38 47 413 92 133 249 349 128
35 25 2464 435 96 154 112 141 88 159 114 112 71 314 171 59 77 15 30 322 43 282 168 27 128 185 216 74 99 357 159 97 105 336 84 153 139 297 95 28 156 158 139 228 172 360 139 100 26 218 124 318 150
36 25 2900 141 146 27 178 61 52 126 19 410 123 326 245 356 28 385 2 424 164 259 182 205 87 114 77 304 91 194 29 8 143 70 53 321 247 65 73 174 33 432 246 408 129 301 137 315 55 11 129 363 144
37 25 2755 83 1 398 98 427 3 388 173 232 197 15 203 1 188 349 115 410 174 199 143 70 109 373 222 245 88 128 207 168 191 50 202 93 49 151 222 352 190 396 185 136 60 87 236 399 187 200 108 160 98
38 25 3113 403 131 156 225 253 53 164 230 361 231 22 63 234 167 61 184 340 14 73 235 250 110 296 186 395 245 424 46 204 84 196 56 414 201 31 168 405 194 198 68 127 21 380 60 437 240 346 28 56 70
39 25 2508 212 155 280 10 243 24 354 166 22 207 349 167 263 65 169 145 182 74 140 231 41 68 252 122 290 213 175 68 118 144 31 75 75 190 267 51 95 182 372 2 433 138 66 97 306 112 130 31 151 161
40 25 3593 123 221 414 144 350 155 207 24 124 26 319 5 400 194 346 218 294 91 352 67 244 136 404 161 282 59 372 13 342 174 175 214 194 38 210 93 443 66 218 16 393 89 322 145 134 20 264 229 260 215
41 25 2473 295 155 100 248 15 183 108 188 446 99 163 220 65 107 360 124 51 154 291 121 121 233 9 143 229 92 314 193 222 123 207 216 279 109 313 193 341 222 332 88 73 194 137 152 69 210 105 172 302 175
42 25 2583 142 186 35 186 365 178 49 107 449 173 215 64 51 223 428 95 66 201 276 203 123 122 162 209 425 130 270 179 251 121 105 95 257 189 180 73 418 229 231 168 53 145 133 54 170 210 100 85 213 178
43 25 2819 289 135 349 1 144 173 282 113 4 135 136 158 129 244 299 8 216 18 138 96 336 91 42 18 346 61 180 245 47 92 422 136 276 72 388 171 297 219 36 50 353 73 407 183 307 43 33 25 182 180
44 25 2648 112 72 121 79 319 184 360 164 430 203 337 167 231 111 304 201 157 225 286 6 27 10 14 112 325 71 154 57 97 135 436 8 309 109 388 227 92 198 123 150 31 240 32 141 395 233 47 219 170 102
45 25 2650 96 180 117 157 206 87 12 163 135 46 150 142 256 210 280 183 1 129 126 74 430 56 215 162 46 159 346 42 228 17 195 25 396 12 233 154 350 194 368 85 191 167 428 47 29 9 429 229 37 4
46 25 2668 204 119 312 170 80 107 179 127 449 58 143 245 382 191 106 114 344 206 9 11 92 249 379 219 195 7 430 125 38 216 381 93 136 142 313 67 200 91 293 248 48 86 45 81 178 100 194 73 207 204
47 25 2930 435 150 2 65 419 99 372 50 23 11 15 55 303 201 298 217 417 148 309 62 297 158 349 91 438 126 93 33 250 199 36 234 199 188 198 69 338 221 218 212 181 234 86 36 316 4 55 63 213 216
48 25 2976 262 70 264 2 210 191 244 192 190 95 80 223 343 69 222 113 56 93 380 167 123 65 35 110 301 201 164 107 315 128 322 26 147 137 278 208 179 173 400 20 267 179 444 61 197 215 373 54 157 4
49 25 2630 320 232 169 5 193 21 307 56 27 171 385 50 297 232 188 76 39 68 298 190 387 15 120 180 325 68 196 100 221 53 203 193 286 23 99 78 43 105 436 21 125 20 70 73 53 209 198 144 276 248
50 25 3369 235 214 212 155 245 188 272 241 437 195 395 242 237 30 214 185 309 57 289 194 429 165 266 249 90 20 409 237 63 85 384 98 100 97 202 145 387 75 335 25 169 131 216 7 162 132 341 220 340 81
51 25 2802 366 218 246 81 418 187 100 127 223 115 213 9 62 212 7 65 258 195 441 194 22 10 74 189 218 85 320 59 255 109 339 172 77 236 4 246 122 203 397 169 286 57 430 248 265 46 260 37 201 131
52 25 2305 98 74 119 15 111 241 25 167 249 64 188 27 151 191 23 175 345 246 271 164 382 177 295 131 291 191 137 202 129 187 34 78 213 105 194 123 245 119 289 45 184 126 22 184 216 196 208 162 191 80
53 25 2500 425 74 158 220 304 149 62 243 202 90 379 136 69 41 440 212 65 84 30 53 380 113 430 51 149 197 98 108 409 141 38 183 64 45 254 20 245 15 12 247 106 190 284 224 133 75 197 10 67 2
54 25 2653 89 82 131 142 82 228 189 189 336 129 76 120 195 23 124 214 117 138 227 165 146 16 448 21 350 222 408 149 31 27 300 220 32 111 91 111 1 229 398 182 257 168 326 229 391 191 245 30 317 210
55 25 2792 125 134 407 98 36 181 55 84 361 181 85 232 140 116 344 180 179 145 359 126 78 217 393 155 345 185 95 239 365 213 150 41 96 9 188 31 39 43 366 201 425 50 135 215 168 228 346 224 304 221
56 25 1921 51 120 16 55 400 1 155 14 213 204 7 161 12 44 93 2 38 111 103 13 60 237 179 29 316 74 226 40 30 197 392 51 314 199 167 213 249 121 64 176 185 26 290 130 170 241 18 30 95 182
57 25 2657 342 133 260 70 249 185 396 238 14 94 81 65 107 79 331 71 430 3 149 245 80 133 120 121 313 41 414 182 121 8 65 112 43 224 233 191 360 180 374 23 60 190 181 239 72 202 220 176 300 214
58 25 2671 5 85 35 178 149 125 441 130 45 250 144 158 142 169 341 182 30 120 13 53 195 223 427 63 215 178 82 90 447 147 316 181 224 14 405 66 145 250 365 88 159 159 408 199 437 171 155 42 17 227
59 25 2770 135 243 141 152 173 24 143 152 270 91 67 50 164 82 254 81 276 205 448 15 14 156 174 14 247 110 386 203 203 52 281 240 447 171 393 169 296 85 370 165 26 138 16 191 169 170 272 146 176 121
60 25 3102 210 41 426 133 407 224 144 192 329 199 346 59 338 242 182 180 112 127 416 183 194 143 120 209 284 140 80 207 437 206 79 46 46 204 180 4 379 225 448 57 323 143 18 212 286 49 143 247 277 211
61 25 2280 29 170 203 100 229 38 141 108 296 227 165 24 374 13 155 16 10 81 313 118 56 57 335 67 92 235 62 140 412 122 170 33 26 121 261 114 163 121 11 141 385 14 199 15 20 165 24 201 429 92
62 25 3049 258 136 278 224 379 13 237 169 426 210 240 158 86 61 321 1 373 143 261 14 427 247 129 76 262 101 292 87 403 170 280 60 55 58 385 84 122 122 54 149 231 145 156 116 105 78 168 180 170 29
63 25 2318 395 249 225 25 426 138 325 17 27 27 138 106 88 93 15 73 228 186 194 233 336 126 227 242 342 184 171 209 13 141 89 157 366 33 116 205 8 182 81 36 69 137 424 163 3 46 90 41 241 24
64 25 2968 76 216 251 69 157 84 340 18 248 130 408 56 370 173 388 35 378 245 18 10 333 36 48 106 1 1 353 92 241 93 166 118 87 117 201 176 36 248 257 193 305 26 368 242 262 197 239 229 406 221
65 25 2670 416 56 426 166 106 78 108 198 72 225 315 79 342 103 195 42 428 180 141 184 223 45 11 192 288 222 88 226 152 195 248 168 150 225 135 157 294 104 275 18 171 4 111 123 48 104 203 230 394 38
66 25 3504 154 140 49 145 330 172 432 105 126 78 203 95 278 229 429 234 283 175 440 57 42 210 410 153 384 110 406 38 389 102 226 42 443 26 436 74 299 69 329 124 198 183 268 75 211 99 43 23 200 202
67 25 2970 214 161 161 218 396 120 426 234 158 29 359 101 23 186 338 47 134 206 327 108 104 111 427 130 323 25 390 18 447 139 169 113 151 229 282 97 99 7 230 158 287 240 159 110 77 146 256 10 4 232
68 25 2607 369 9 192 248 338 214 222 30 31 171 70 51 83 171 130 214 280 73 200 137 59 141 347 68 67 143 225 28 448 158 299 206 201 96 95 167 69 76 399 139 96 50 421 118 329 237 158 59 87 46
69 25 3362 217 27 243 187 195 37 411 174 286 169 422 41 171 219 137 37 338 15 436 76 362 85 249 79 63 85 218 72 395 154 219 113 432 113 399 178 351 162 186 182 323 228 102 91 365 89 80 181 124 206
70 25 2334 92 208 156 220 422 92 189 145 336 242 63 198 75 226 47 52 26 158 254 62 441 228 41 242 371 57 230 50 187 203 357 128 262 12 249 85 3 37 129 188 80 92 38 4 369 86 57 246 195 13
71 25 2438 259 35 90 50 276 160 306 106 10 93 366 220 324 180 171 108 32 57 287 72 237 30 61 42 50 246 101 45 390 165 356 124 154 105 399 64 112 106 225 154 118 42 76 141 273 246 200 207 4 38
72 25 2469 328 192 167 188 336 218 185 238 365 124 102 170 247 55 24 247 20 85 303 196 341 72 38 168 64 162 263 163 268 168 351 145 160 119 134 195 387 70 82 53 43 83 172 41 39 245 138 209 381 242
73 25 2931 354 123 63 243 340 126 355 202 440 22 72 90 369 81 61 54 327 249 24 160 401 168 244 22 9 82 368 246 392 150 187 46 223 151 112 128 296 116 17 168 387 209 438 19 71 193 95 119 218 54
74 25 2948 69 86 347 42 344 80 211 141 172 160 329 17 332 129 408 96 258 154 361 226 323 47 336 62 65 156 54 61 126 172 366 146 209 112 37 152 41 197 244 14 409 122 290 250 387 209 145 47 34 67
75 25 3310 195 72 378 9 377 233 71 205 356 136 350 114 299 139 267 40 287 10 153 145 181 37 137 232 376 223 240 70 370 226 138 214 349 115 425 125 149 245 431 205 83 31 220 81 319 37 322 105 148 127
76 25 2770 400 29 163 238 12 88 210 154 209 81 231 246 347 129 410 221 5 160 417 36 214 49 316 34 32 234 72 203 390 69 429 189 149 241 78 61 280 238 14 188 18 194 383 214 372 144 286 28 104 205
77 25 3305 413 167 405 128 352 86 63 75 339 153 244 219 393 92 60 221 102 139 360 217 377 229 12 111 343 185 305 80 10 34 375 178 39 5 280 76 369 54 414 73 149 83 418 141 444 190 332 249 13 210
78 25 3096 377 224 273 21 9 177 153 121 136 236 397 13 326 103 394 52 172 250 365 96 448 99 163 40 292 152 384 126 202 248 137 81 21 109 103 231 255 203 324 141 50 87 366 154 382 19 127 31 336 23
79 25 2984 281 134 87 220 78 91 405 205 92 2 93 24 423 102 427 203 240 131 156 164 323 207 102 91 160 133 209 139 316 246 211 196 330 247 115 209 239 170 415 133 21 7 256 245 284 198 400 115 305 65
80 25 2508 439 161 216 179 322 150 90 10 217 135 22 212 166 121 79 176 159 250 190 191 272 49 399 17 8 182 16 159 348 122 123 237 84 138 7 140 358 117 6 245 290 220 360 110 48 138 369 49 429 211
81 25 2699 120 227 9 188 285 193 105 143 190 226 416 76 109 105 345 216 196 202 384 2 48 173 223 158 433 20 197 53 170 75 65 239 2 126 379 138 418 133 180 157 59 247 219 204 179 34 349 82 319 50
82 25 2709 80 242 322 139 126 243 337 30 414 211 194 3 62 19 181 1 338 163 45 123 429 179 92 82 109 225 31 242 294 32 323 137 106 111 164 100 297 143 314 60 88 116 73 157 348 174 346 12 306 40
83 25 2447 35 184 320 76 18 230 152 248 222 47 229 194 85 136 107 148 286 5 90 99 16 178 316 89 186 165 214 131 426 169 73 162 404 92 239 71 422 93 245 139 299 190 176 186 98 173 121 55 115 121
84 25 2546 170 242 186 160 79 100 73 11 28 191 283 141 147 125 380 67 248 72 187 192 12 37 33 87 372 181 212 245 285 176 415 204 219 153 314 47 254 238 57 231 181 90 422 27 166 203 45 113 324 33
85 25 3124 56 187 369 240 124 143 270 237 39 154 262 103 160 180 257 175 378 211 114 134 393 44 375 16 222 242 368 117 156 93 99 111 230 70 351 155 412 122 341 200 204 154 139 83 311 113 423 228 195 115
86 25 2747 222 72 331 193 313 200 259 19 195 60 281 174 29 183 430 90 57 172 41 34 125 146 122 9 6 186 170 228 416 195 136 87 327 229 52 126 439 122 370 198 4 45 426 239 17 145 347 9 380 173
87 25 2940 255 103 31 162 90 200 342 154 166 38 140 154 214 20 405 89 308 128 361 208 132 107 335 172 333 152 366 31 62 197 354 18 51 236 282 40 186 23 143 3 60 234 306 125 203 163 315 13 440 25
88 25 3430 420 223 184 104 194 18 257 61 398 119 57 103 288 157 339 19 298 126 343 93 78 54 376 33 328 181 245 243 293 235 19 14 407 102 167 203 371 224 363 19 344 122 273 33 128 163 352 178 338 194
89 25 2749 70 165 248 197 400 27 227 244 369 171 30 240 434 139 191 153 241 164 228 205 84 23 226 6 405 206 119 106 433 58 152 4 23 1 150 22 177 179 217 148 151 49 137 237 389 79 231 242 166 185
90 25 2576 175 138 211 133 292 216 303 150 200 210 351 203 434 153 54 55 129 34 224 178 235 174 14 73 62 245 411 192 86 76 276 113 65 238 47 108 253 249 157 4 258 159 408 242 113 164 248 194 147 23
91 25 2404 171 33 196 37 5 157 231 65 98 118 142 76 282 158 63 178 216 118 226 124 421 134 135 31 327 47 44 226 90 140 249 213 225 194 99 129 303 29 246 50 298 139 427 80 299 40 7 164 9 183
92 25 2754 89 231 318 125 11 144 72 204 421 13 296 219 75 220 265 223 350 217 103 97 118 101 238 95 80 236 186 186 201 244 289 76 237 14 287 132 392 103 449 87 221 24 306 187 298 108 203 201 4 21
93 25 3312 403 41 17 82 326 202 117 26 447 237 417 122 273 132 160 5 368 202 359 216 338 29 41 196 216 41 53 220 341 108 392 143 349 58 376 26 211 194 404 157 130 170 81 155 51 42 361 70 393 219
94 25 2850 385 133 449 228 128 64 418 232 286 110 339 227 254 89 185 31 115 145 324 120 204 154 39 136 60 191 177 170 160 22 238 146 54 236 225 231 52 94 412 37 205 152 165 10 191 1 290 207 346 14
95 25 2593 26 151 219 216 88 178 256 166 247 17 37 86 214 90 321 91 322 74 284 235 362 91 237 77 150 127 27 140 333 74 153 10 176 171 75 213 198 232 129 46 398 167 131 113 307 53 305 30 191 15
96 25 3317 388 181 403 16 430 129 93 21 313 18 225 72 294 195 398 158 394 129 338 41 328 55 171 90 13 224 395 44 302 87 408 39 17 60 357 148 340 101 69 204 168 193 127 63 40 24 221 133 402 210
97 25 2734 76 129 316 196 421 130 71 67 224 222 153 231 213 169 143 19 216 182 169 234 338 88 179 114 1 18 88 223 252 141 432 27 370 150 175 192 279 95 358 202 219 160 285 31 280 177 151 97 60 121
98 25 2782 433 197 308 211 13 108 378 50 130 81 190 114 108 61 115 34 102 143 128 9 47 148 120 231 430 51 359 180 98 70 80 119 410 40 31 217 219 182 449 199 423 114 158 34 328 191 287 222 221 248
99 25 2402 368 170 17 250 200 68 208 231 167 180 33 146 298 242 87 78 310 7 111 60 407 83 175 215 268 104 207 105 426 29 2 95 249 118 245 148 54 230 253 133 64 100 180 57 186 109 19 244 271 28
100 25 2373 101 154 155 117 171 8 23 225 233 152 328 178 300 148 24 99 34 77 380 139 12 144 438 93 100 226 352 20 369 124 98 19 127 54 285 250 111 110 226 246 13 4 175 64 51 148 314 186 326 193
101 25 2443 76 137 288 164 130 240 341 33 159 61 306 56 330 35 161 66 384 22 177 211 217 139 314 143 102 216 190 215 154 115 260 179 4 197 344 83 86 184 267 195 95 122 26 156 263 93 141 84 72 2
102 25 2992 352 110 267 94 414 135 135 230 438 201 239 66 254 186 110 238 23 45 91 76 421 66 133 183 11 124 368 232 227 69 393 43 214 106 379 248 388 166 148 176 184 2 113 195 389 38 289 193 4 130
103 25 2564 170 74 97 202 258 159 177 225 240 5 45 83 48 158 140 76 155 227 394 205 305 177 358 69 21 148 206 211 142 60 342 61 235 91 215 93 199 143 269 241 448 64 275 47 173 214 124 80 93 67
104 25 2646 284 47 245 193 17 67 140 73 228 134 34 71 246 218 211 160 362 160 55 183 52 52 96 176 200 170 289 25 249 33 44 32 431 38 376 148 155 166 220 234 399 203 154 94 122 67 256 36 428 112
105 25 3255 318 79 15 65 354 214 386 244 138 85 279 181 259 71 244 206 277 61 77 10 361 229 156 103 431 113 190 160 374 59 38 238 123 93 203 208 237 143 294 215 175 112 375 245 405 81 367 107 434 27
106 25 2990 188 1 432 142 31 45 93 18 139 230 358 163 123 12 422 11 104 218 77 79 29 201 125 85 233 150 401 92 283 29 279 133 260 22 416 106 254 208 276 44 187 83 306 111 396 29 373 100 196 49
107 25 2705 380 176 54 10 232 103 312 223 238 142 203 220 2 226 85 59 229 244 184 22 433 218 129 143 364 210 266 115 255 16 394 233 315 199 44 249 4 106 73 241 149 176 412 200 251 99 111 232 292 144
108 25 2827 303 124 314 184 219 127 93 86 241 199 401 134 81 116 284 25 16 87 82 38 77 80 363 139 432 216 137 242 297 180 385 51 304 200 234 172 76 228 157 168 327 209 153 107 424 87 41 173 214 179
109 25 2382 402 44 93 92 27 208 178 18 206 7 104 159 112 204 294 185 81 222 443 49 98 2 203 4 125 139 187 68 64 52 346 15 445 238 56 223 348 35 190 155 163 55 299 57 41 31 228 134 31 27
110 25 2537 185 234 430 61 24 118 128 137 220 123 153 116 63 210 339 10 146 180 166 239 25 79 45 175 387 235 408 116 118 238 142 2 221 23 265 47 443 42 383 162 17 38 79 229 449 217 90 195 149 105
111 25 2926 435 23 185 31 150 123 165 107 440 235 94 83 238 167 356 2 213 200 46 247 62 136 291 140 385 160 229 31 8 185 115 32 270 95 381 194 411 39 34 47 235 116 187 151 173 90 415 22 335 63
112 25 2956 334 146 201 177 85 137 86 115 317 243 52 83 324 223 279 207 416 239 395 51 188 81 267 124 433 91 265 47 215 50 212 50 95 12 376 82 148 61 198 166 155 199 98 31 171 26 387 189 216 83
113 25 2707 239 105 164 7 430 246 148 145 145 62 394 208 113 240 421 189 321 70 101 221 235 6 384 138 142 211 376 232 126 160 170 181 125 227 162 171 26 6 17 89 349 226 439 46 139 111 165 192 83 201
114 25 3180 149 204 436 186 195 96 63 228 21 172 347 203 97 25 365 119 302 70 37 140 271 112 391 161 57 31 273 123 422 56 325 122 409 60 257 5 205 171 382 177 343 30 82 189 157 46 407 208 367 193
115 25 3089 298 189 106 140 99 164 22 222 88 96 329 62 217 137 323 126 41 127 446 224 405 138 353 136 378 159 83 86 67 250 430 66 290 35 307 139 328 212 385 173 240 248 192 226 270 117 168 198 314 191
116 25 2804 353 4 93 90 181 204 73 17 322 224 148 89 413 33 195 151 132 74 314 167 99 53 66 90 230 236 158 199 335 173 189 239 326 184 279 209 87 201 277 160 76 74 348 38 258 142 441 40 215 4
117 25 2288 58 63 9 73 204 140 60 163 289 195 36 79 233 11 412 11 19 250 13 45 109 88 321 8 178 178 149 18 67 216 73 126 330 31 299 236 423 108 98 213 354 233 391 189 44 155 301 64 106 114
118 25 2124 11 17 3 181 324 30 60 25 399 177 40 22 302 221 154 102 106 28 162 104 117 86 33 5 431 139 156 97 144 21 157 12 73 89 336 205 148 60 305 76 51 226 230 223 82 81 231 9 194 134
119 25 2788 351 61 371 233 165 104 23 120 100 116 442 108 178 65 396 15 421 95 126 75 21 178 203 150 300 236 282 180 196 178 115 196 388 236 80 154 41 2 76 140 320 117 447 97 183 44 213 5 138 138
120 25 2493 30 58 115 84 9 66 169 243 96 16 420 12 62 9 349 93 164 39 295 241 130 64 410 128 262 242 171 224 347 161 413 178 68 27 313 129 144 33 21 41 48 142 103 111 52 151 354 15 442 150
121 25 3370 108 71 413 67 299 76 208 221 351 156 431 113 185 201 441 47 229 184 181 51 425 229 394 27 47 29 344 13 120 43 420 243 157 186 193 34 296 13 384 1 244 148 238 196 340 186 226 174 67 28
122 25 2888 50 197 71 128 337 217 306 133 429 78 27 201 320 134 36 112 269 231 376 55 384 221 102 223 166 192 108 41 67 126 68 216 174 240 293 61 358 100 395 139 227 71 389 98 206 224 261 75 357 139
123 25 3046 279 242 9 182 166 25 423 75 167 89 101 235 206 124 26 248 386 134 300 80 322 228 353 110 276 58 285 238 184 93 428 112 186 87 444 1 213 18 226 129 109 128 215 114 253 41 362 139 174 61
124 25 3174 120 47 338 72 356 215 182 192 405 215 35 32 429 72 420 74 173 182 41 250 163 49 377 229 13 229 271 126 419 146 238 39 142 177 162 199 392 45 341 48 362 175 329 40 196 151 363 170 82 55
125 25 2467 21 96 206 147 275 118 178 47 245 196 193 132 286 134 208 150 433 51 46 223 148 157 299 29 296 96 429 160 118 112 317 138 10 22 137 236 341 114 32 85 61 224 218 99 160 227 50 42 228 145
126 25 2442 66 227 104 216 107 201 113 137 313 30 301 29 420 160 250 156 195 40 21 28 326 133 52 145 133 211 171 34 404 250 381 219 427 184 36 185 34 198 272 96 430 172 74 99 33 25 106 179 116 78
127 25 2543 106 243 310 59 187 145 21 8 278 224 409 208 44 187 241 181 122 127 279 193 222 60 116 198 148 74 17 178 42 44 133 84 105 44 271 249 414 80 427 240 240 134 85 227 425 66 348 3 96 142
128 25 2797 176 105 7 23 316 106 449 182 233 40 127 17 123 181 360 195 380 76 276 106 365 166 141 51 292 217 266 91 69 161 132 45 367 190 369 184 395 117 165 179 8 191 195 131 72 107 177 153 134 155
129 25 2887 10 200 172 200 150 165 317 116 305 135 378 88 179 97 227 200 180 71 66 247 1 74 289 147 256 160 403 84 14 138 140 23 237 11 173 87 427 241 404 133 25 181 370 156 279 246 405 159 368 22
130 25 2498 405 18 197 45 165 2 205 19 88 220 359 27 293 95 140 67 133 18 157 86 51 33 19 222 90 247 168 246 357 237 363 107 416 58 323 170 14 243 107 83 1 235 177 96 126 243 278 244 364 246
131 25 3202 286 184 417 75 280 36 21 187 323 190 151 129 257 108 301 26 371 243 382 54 394 219 432 191 44 177 418 39 277 133 334 112 366 1 89 98 36 211 410 150 186 38 206 44 290 134 66 235 67 169
132 25 3027 228 85 303 20 81 29 439 169 7 174 405 69 339 157 259 188 394 169 223 204 420 111 343 175 104 233 258 19 17 175 40 46 361 244 317 241 72 105 62 228 278 168 248 119 374 208 406 117 76 231
133 25 2432 220 45 293 15 272 198 347 231 218 65 57 209 312 118 252 128 10 75 84 73 55 112 190 154 182 63 12 239 32 237 419 203 132 13 17 103 310 65 135 28 431 192 438 44 159 40 123 120 164 107
134 25 2859 343 120 118 34 174 151 299 135 89 230 271 108 234 4 422 1 8 182 267 143 411 250 334 148 193 244 239 66 313 5 72 157 274 241 391 147 141 139 181 29 170 4 338 3 57 210 255 67 124 209
135 25 2689 153 123 194 52 165 239 391 230 253 95 60 218 393 152 215 235 342 247 364 213 50 103 117 109 162 24 275 54 97 235 108 121 380 112 337 218 252 117 70 148 121 131 67 66 232 183 250 25 330 165
136 25 3076 287 31 68 54 139 181 377 165 237 75 149 44 195 230 257 81 397 208 49 117 357 20 197 174 337 131 306 236 205 137 351 142 218 20 47 158 300 123 423 36 99 73 32 243 303 188 425 101 398 224
137 25 3019 317 204 245 66 277 133 146 85 318 100 421 120 443 240 341 139 198 191 63 72 276 161 446 9 55 150 197 180 201 194 105 217 49 201 182 228 185 79 112 52 279 134 374 21 264 12 121 56 424 92
138 25 3017 384 137 389 142 293 89 90 24 39 235 28 55 334 80 339 211 214 17 424 168 147 7 20 130 158 181 202 214 406 195 199 42 84 90 435 222 130 58 410 116 438 216 349 119 4 161 335 23 184 4
139 25 2557 19 143 96 238 424 55 20 126 68 176 320 216 169 203 358 205 324 39 113 85 104 52 1 105 272 56 317 108 430 3 11 101 445 8 140 18 13 210 195 182 135 65 355 119 409 10 47 124 329 52
140 25 2545 425 131 308 48 39 125 56 218 277 118 68 123 276 8 290 40 367 237 21 203 151 72 7 21 30 16 265 228 441 246 330 165 178 37 315 16 413 220 234 139 37 153 111 64 110 3 253 228 89 176
141 25 2963 180 141 397 39 163 179 406 30 156 147 277 37 413 104 326 79 272 188 248 205 77 237 9 189 302 119 293 5 381 180 30 23 428 18 38 206 275 167 214 23 343 250 288 248 175 116 219 113 16 25
142 25 2861 141 104 334 229 255 204 222 9 301 154 390 130 79 170 199 166 27 126 182 190 400 226 142 37 73 68 5 192 432 20 166 72 423 51 103 229 154 26 240 155 181 129 386 59 200 237 426 127 262 9
143 25 2587 68 111 334 61 50 207 179 4 300 160 73 67 97 118 436 77 321 113 216 127 143 147 365 54 196 101 429 24 414 138 144 174 123 104 275 31 132 28 32 244 2 199 227 250 266 164 127 38 226 94
144 25 3412 167 20 390 131 423 138 181 54 263 44 243 56 369 15 360 94 98 243 123 29 436 125 227 164 326 144 77 52 282 204 448 198 376 237 130 148 176 160 403 239 55 95 446 225 162 55 270 109 393 137
145 25 3376 433 119 216 49 444 109 375 248 192 181 97 191 256 185 370 5 261 131 158 1 387 152 296 12 115 201 283 73 250 27 362 234 447 27 132 193 435 9 142 129 439 138 19 46 322 41 50 84 271 209
146 25 2661 34 208 213 82 221 177 184 205 250 233 382 61 266 80 339 100 22 175 108 63 153 148 400 224 443 124 214 94 57 184 353 143 293 15 74 165 43 107 220 42 291 203 54 8 182 142 157 156 369 214
147 25 2678 418 221 13 20 294 155 345 59 151 201 195 5 145 87 271 168 204 163 76 223 207 66 227 10 74 160 254 180 265 24 96 135 108 6 190 215 200 98 315 52 94 171 347 131 291 16 334 203 242 58
148 25 2966 359 207 186 121 230 95 76 62 62 249 157 146 194 116 253 235 30 2 335 246 255 228 416 151 108 206 369 193 11 160 2 121 316 37 243 248 434 68 209 245 218 217 442 12 334 244 396 116 297 32
149 25 3106 361 1 310 129 304 219 236 22 114 48 381 115 269 148 354 11 47 89 431 55 433 98 273 176 211 57 209 172 167 90 84 117 399 114 172 68 300 95 81 97 427 47 17 127 202 128 373 240 58 30
150 25 3422 174 7 52 99 68 60 69 128 433 235 417 69 104 168 182 27 385 83 322 167 230 100 365 46 226 69 375 99 308 184 430 84 341 233 282 10 343 153 389 227 239 205 45 192 279 71 361 44 426 90
151 25 2849 93 143 438 221 111 114 121 18 448 150 51 90 182 135 399 26 389 87 53 127 293 149 217 227 391 74 338 34 102 79 278 44 118 248 154 32 318 123 79 169 276 168 201 62 18 76 200 56 430 76
152 25 2767 248 79 98 166 157 88 140 44 171 243 175 1 336 142 91 173 168 13 1 186 88 20 386 149 139 164 150 44 293 128 394 23 225 9 180 63 200 75 35 92 449 35 429 191 385 119 265 152 332 68
153 25 2276 287 71 387 175 422 76 138 21 221 32 248 64 107 123 173 86 337 24 162 173 16 61 58 196 53 194 115 67 145 48 184 33 120 221 307 41 46 164 18 30 61 182 236 35 406 123 21 231 284 96
154 25 2653 48 46 103 144 98 98 260 215 342 209 148 224 28 170 231 71 117 178 434 185 7 44 368 244 375 116 303 155 302 198 5 147 52 98 445 199 409 111 140 217 158 114 344 128 346 214 144 175 99 230
155 25 2798 334 93 299 227 425 75 195 227 232 148 175 36 444 26 385 190 25 243 50 114 209 110 279 102 287 76 218 32 103 68 414 86 60 14 162 34 139 108 363 22 55 37 207 151 312 41 192 36 33 94
156 25 2709 102 241 103 182 394 41 260 213 74 212 131 139 347 42 403 210 328 93 68 40 114 174 326 22 274 239 62 16 177 196 309 128 438 61 311 83 3 20 196 126 83 178 165 231 221 19 141 248 389 224
157 25 3108 433 66 345 107 105 158 324 181 153 82 160 242 194 172 174 196 244 119 323 126 348 39 409 219 257 1 268 167 410 207 142 244 124 88 302 178 95 175 110 199 408 221 40 203 445 14 238 234 165 234
158 25 3167 411 223 252 120 273 121 386 184 379 28 278 53 217 231 332 212 408 144 212 115 364 54 118 108 119 67 145 152 41 12 37 154 34 188 323 59 11 160 192 89 439 21 441 6 209 116 382 225 331 235
159 25 2793 292 41 353 211 37 157 103 48 293 158 34 183 80 192 193 192 133 33 430 56 174 87 57 248 355 167 65 87 41 147 123 35 287 76 447 224 334 101 271 78 359 154 410 40 297 204 31 130 387 63
160 25 3590 235 12 299 93 311 156 261 75 92 1 371 164 287 10 291 233 133 174 434 105 402 194 361 113 433 57 219 214 238 7 128 74 368 26 416 128 283 128 204 24 129 126 190 117 435 232 352 219 308 35
161 25 2886 174 111 330 184 325 62 342 243 377 130 299 4 203 118 82 221 97 164 48 2 340 78 78 181 245 114 212 146 283 21 6 131 411 191 306 24 32 50 251 13 356 216 168 239 238 115 403 135 166 44
162 25 3288 115 95 24 9 409 237 106 41 408 139 298 240 251 238 295 124 71 245 426 134 195 132 301 162 370 238 228 124 424 244 267 38 290 242 48 148 179 153 38 88 443 235 177 243 374 124 419 47 420 94
163 25 2853 382 114 327 232 127 49 371 107 222 44 402 191 34 141 432 81 39 12 286 226 399 228 13 28 123 238 251 41 220 134 415 85 413 148 111 111 168 67 84 114 70 176 147 11 208 229 349 221 114 126
164 25 3439 420 144 90 97 116 28 397 6 111 218 291 228 202 53 375 114 115 195 33 149 258 152 424 206 412 33 284 62 254 248 388 73 443 227 421 208 104 119 313 167 186 203 446 239 8 222 352 122 436 122
165 25 2801 425 138 346 132 101 80 316 213 433 165 400 7 307 126 227 114 132 247 328 250 34 232 47 172 89 68 374 211 186 9 184 160 48 129 244 149 259 209 161 143 25 112 100 233 189 28 372 25 275 171
166 25 2888 208 106 417 232 47 85 205 109 222 115 42 181 265 171 174 215 431 134 175 123 410 38 424 192 126 152 289 48 128 13 418 87 71 87 218 17 23 174 425 44 189 166 226 105 188 2 69 20 387 245
167 25 2373 95 197 232 118 238 157 21 27 6 148 241 126 85 111 12 52 427 86 326 103 329 116 71 56 222 160 209 140 80 146 186 174 42 17 279 25 314 107 381 161 198 58 58 19 449 87 156 126 89 186
168 25 2705 93 161 241 164 71 150 205 250 145 140 375 238 356 167 118 32 80 175 314 91 272 21 237 131 391 237 17 96 212 8 181 56 368 124 219 238 75 123 189 169 362 113 58 19 382 75 201 61 249 116
169 25 2920 101 22 437 90 53 27 278 221 75 40 330 5 395 100 216 189 404 38 78 22 152 242 281 22 173 206 324 184 306 40 336 78 426 127 82 54 155 154 28 196 134 135 242 83 214 57 373 218 247 150
170 25 2815 391 200 294 222 71 218 279 247 251 84 436 189 163 63 117 94 18 221 48 246 118 83 432 160 267 95 418 139 362 116 241 5 317 134 126 138 151 4 384 104 139 21 244 202 35 60 95 152 233 144
171 25 2552 149 150 28 230 311 196 325 81 85 238 146 77 192 113 62 69 2 14 374 87 267 113 9 112 364 143 74 210 94 156 306 145 257 33 424 68 229 50 50 165 240 195 291 131 259 52 402 112 165 225
172 25 3135 298 34 439 8 145 2 400 20 14 46 125 19 390 184 253 63 153 233 315 102 447 104 448 239 136 57 292 137 170 59 70 92 2 77 288 6 377 108 419 22 284 189 13 67 193 227 276 191 324 44
173 25 2790 220 163 132 76 106 118 247 214 283 16 255 85 293 245 292 69 304 112 137 50 356 6 392 82 424 19 225 46 143 20 415 207 351 242 62 221 288 76 3 204 82 89 48 226 180 68 131 141 211 220
174 25 2340 292 216 325 136 49 250 104 23 147 198 95 211 254 145 204 118 217 94 143 120 299 174 160 46 52 90 213 134 432 223 103 226 140 179 188 179 316 63 127 166 157 138 71 203 43 38 420 136 130 141
175 25 3024 36 6 400 181 59 141 195 242 375 117 447 50 358 125 12 196 403 229 210 230 144 168 369 167 170 113 254 39 201 184 431 236 391 231 167 149 323 61 290 47 130 188 46 37 363 209 184 217 90 45
176 25 2903 48 35 412 118 101 82 31 155 322 183 288 105 68 230 285 186 278 57 249 119 404 128 57 51 16 119 212 202 387 151 246 235 135 60 2 136 443 184 140 66 366 229 270 136 360 106 321 187 365 169
177 25 2653 407 220 98 213 420 16 33 233 417 120 83 64 6 170 125 159 55 217 143 196 110 26 354 195 235 160 16 123 424 36 429 143 336 94 364 51 128 247 69 99 281 34 154 150 59 213 206 225 355 103
178 25 2844 259 114 430 15 211 166 274 176 288 199 13 169 243 98 362 206 398 139 354 118 188 137 2 143 336 160 155 194 286 11 248 95 177 128 361 137 43 134 214 183 84 226 251 126 176 112 83 175 252 89
179 25 3488 243 191 275 194 434 112 303 188 355 88 249 203 284 175 432 244 413 224 429 76 406 14 401 108 41 78 21 26 353 173 214 45 365 88 388 48 301 192 88 106 31 36 410 17 362 91 162 76 16 193
180 25 2528 101 174 306 53 281 49 302 74 183 126 337 177 90 126 316 138 276 59 75 133 239 112 42 57 425 234 369 202 50 111 52 73 18 6 353 216 36 56 89 120 431 77 198 123 2 163 162 230 323 188
181 25 2705 412 12 299 6 318 175 89 88 276 138 379 62 18 84 217 183 170 72 124 191 55 150 239 227 152 103 390 183 226 127 44 39 127 49 308 201 240 46 328 27 145 108 189 62 441 207 197 12 28 170
182 25 2549 253 234 71 143 362 124 445 1 356 170 77 100 158 153 100 166 255 139 213 234 318 157 41 208 121 134 114 19 295 43 290 199 327 210 241 88 184 86 141 241 57 169 142 167 22 192 334 128 182 246
183 25 2508 62 199 54 54 156 176 237 69 144 184 64 85 334 240 395 177 229 230 14 221 320 220 240 162 336 63 305 69 190 136 366 153 137 170 59 92 195 97 163 141 30 226 425 116 217 121 142 97 202 155
184 25 2666 18 24 276 59 187 112 171 241 432 162 128 198 265 164 369 225 158 165 271 120 105 203 147 132 318 115 154 109 11 56 215 130 29 90 388 115 253 58 307 85 122 184 184 136 248 102 310 57 266 32
185 25 2473 326 173 84 224 104 51 90 157 11 2 214 125 284 244 265 171 58 119 381 166 353 152 400 188 39 49 239 100 255 157 131 132 79 115 307 234 217 248 92 28 149 56 54 232 370 5 259 189 185 174
186 25 2892 443 88 225 181 378 25 369 177 381 227 59 214 155 125 20 140 144 167 82 21 218 187 26 249 137 196 55 95 434 41 221 228 128 97 158 205 122 229 433 102 205 244 216 112 418 87 401 111 356 234
187 25 2670 83 225 72 109 425 109 106 180 205 141 320 27 168 200 74 26 104 245 56 239 298 60 232 115 273 201 4 24 414 159 307 146 379 106 109 239 363 238 393 3 8 70 57 45 148 162 341 205 402 88
188 25 2457 64 85 355 37 36 108 162 199 318 20 96 102 50 154 110 138 266 148 233 121 307 204 193 215 348 90 176 138 196 128 27 159 362 131 197 99 340 60 49 59 30 95 260 81 100 172 369 115 271 103
189 25 2718 285 127 6 77 143 155 418 68 244 163 47 220 24 111 253 72 9 144 232 108 3 63 254 214 443 5 337 213 319 157 165 206 335 222 284 77 176 4 397 19 16 43 291 191 55 43 363 66 338 246
190 25 2959 173 240 110 78 256 52 432 42 117 52 351 181 107 37 105 243 314 130 296 212 301 13 356 91 4 111 285 68 76 124 215 200 114 74 379 21 425 210 112 241 313 214 424 222 78 214 266 9 309 177
191 25 3026 311 221 32 53 276 244 389 195 119 13 59 220 328 182 398 248 409 159 11 1 222 125 126 95 425 5 308 192 266 118 418 226 40 1 231 216 95 19 212 15 383 223 337 110 306 36 107 164 245 18
192 25 3322 417 68 244 244 362 220 1 71 111 216 38 130 443 127 180 173 444 226 258 93 376 30 79 36 435 214 344 51 260 113 319 77 306 162 290 177 12 160 339 79 199 68 374 178 250 146 373 25 191 30
193 25 3039 369 217 309 249 354 196 13 199 196 74 362 164 253 19 127 92 446 41 254 236 121 154 404 194 381 103 190 54 327 232 85 198 150 244 346 153 341 10 86 84 315 51 185 227 229 182 67 234 168 238
194 25 2334 138 221 283 70 323 224 423 51 56 160 98 5 105 46 310 45 5 213 80 138 179 130 425 213 208 206 145 77 339 62 116 178 34 198 198 58 22 222 77 131 358 233 435 3 192 31 9 56 110 47
195 25 2997 234 91 323 199 199 178 343 227 69 6 242 248 341 89 395 48 210 69 107 238 151 66 221 38 18 64 218 227 70 30 375 105 370 199 155 20 427 99 296 197 354 137 294 196 328 41 143 87 111 250
196 25 3108 27 11 367 249 50 87 312 218 13 33 197 39 390 218 287 144 315 243 235 161 148 74 307 144 251 247 188 89 309 89 415 171 406 13 221 92 177 38 6 209 286 44 98 205 332 194 444 97 436 231
197 25 3184 209 133 204 65 178 56 263 116 444 73 404 11 344 209 273 64 300 51 203 55 210 190 350 59 144 82 190 30 189 20 238 24 275 55 101 230 219 16 323 142 420 133 285 178 208 198 310 150 84 21
198 25 1642 239 84 82 84 267 35 173 46 24 244 83 97 68 237 47 147 206 13 322 49 32 106 33 11 65 130 190 125 181 224 45 71 309 76 4 175 13 129 420 36 22 4 34 142 143 230 88 250 194 11
199 25 3049 148 177 267 230 238 183 211 129 359 91 354 156 13 112 131 166 388 193 296 209 230 120 63 63 61 55 395 150 206 238 353 165 79 34 254 61 344 184 422 186 427 198 51 59 415 239 261 197 133 230
200 25 2969 61 98 292 167 392 241 72 229 251 126 95 131 159 50 444 4 284 115 439 121 391 238 121 149 353 61 2 165 160 37 446 120 184 87 139 125 327 210 255 80 288 200 162 96 351 105 100 84 171 140
201 25 2808 306 161 130 129 262 34 241 15 298 150 51 45 222 184 181 10 358 59 171 13 340 8 114 52 4 164 258 55 250 79 346 7 141 25 185 104 108 176 319 107 375 169 351 48 205 133 107 114 294 128
202 25 2698 378 33 285 143 286 90 107 194 44 8 124 190 114 66 16 1 320 124 326 140 182 102 210 233 50 114 267 58 180 10 35 57 293 70 200 80 209 108 325 155 367 248 296 230 366 11 380 187 36 7
203 25 2779 128 68 211 87 352 110 353 118 17 132 278 204 240 22 25 239 351 135 398 226 139 164 275 234 396 240 347 225 78 82 234 205 201 44 92 152 305 196 270 23 179 147 26 218 320 100 9 120 335 108
204 25 2997 445 125 322 22 111 17 113 57 193 141 440 176 395 241 21 238 344 75 185 13 248 213 311 175 383 30 427 193 2 111 48 87 321 219 97 189 32 205 434 222 145 59 218 37 358 30 356 42 45 5
205 25 2631 57 155 80 139 137 56 431 38 418 130 185 104 353 56 103 93 187 207 126 210 3 137 227 141 168 134 271 25 278 65 330 134 11 124 9 218 354 246 85 185 383 190 339 138 244 182 326 103 157 85
206 25 2783 105 43 163 246 62 49 418 37 176 184 118 61 206 80 34 65 297 137 412 133 373 244 72 12 33 218 293 210 20 201 346 26 396 209 271 107 407 140 245 184 173 14 294 179 143 177 195 139 315 6
207 25 1821 23 189 102 47 100 186 64 244 146 83 45 41 258 40 151 231 48 209 22 95 342 45 308 237 175 53 165 169 93 31 74 166 370 127 262 169 413 77 13 208 9 209 200 118 150 201 50 97 59 172
208 25 2548 91 153 318 151 239 244 53 6 64 97 86 39 312 107 416 75 76 228 101 40 35 161 300 136 81 199 186 182 195 97 305 88 299 22 390 239 317 144 144 130 240 132 119 104 338 84 328 115 63 181
209 25 2595 206 199 191 105 434 73 53 170 55 200 16 209 239 14 133 228 54 199 221 98 431 110 81 99 215 170 234 243 35 196 123 142 46 115 399 79 238 3 198 192 352 115 252 192 180 84 369 84 435 141
210 25 2549 33 65 253 113 115 167 184 150 161 20 297 183 112 192 250 10 370 87 118 130 66 234 233 109 164 67 280 149 203 20 31 117 324 145 281 141 378 132 51 48 128 186 361 19 185 172 388 23 133 157
211 25 2674 254 100 91 236 109 206 440 104 6 209 334 174 333 30 106 175 57 37 377 206 64 214 268 132 150 39 20 172 24 178 277 173 313 233 175 18 422 228 174 233 413 249 417 142 105 43 201 191 219 108
212 25 2361 105 35 376 38 334 14 309 208 237 237 184 112 356 98 94 31 266 118 108 191 202 121 39 218 214 195 10 164 236 80 72 42 14 247 231 150 262 240 359 199 126 44 160 233 242 5 163 109 24 123
213 25 3140 201 175 393 191 392 208 36 3 172 123 283 245 316 48 343 196 349 204 185 7 202 12 401 63 445 44 268 109 404 41 81 6 66 75 46 209 133 212 56 55 396 250 372 193 242 118 244 45 254 100
214 25 2883 199 166 52 111 212 147 428 120 300 71 103 155 438 27 153 198 61 237 159 166 394 54 15 65 449 6 332 44 253 86 343 201 353 247 161 216 191 187 193 13 289 49 152 18 1 199 128 238 408 94
215 25 3389 333 13 310 47 163 116 79 6 420 166 401 70 220 247 182 187 289 72 173 181 34 12 382 85 434 136 258 23 443 151 255 107 361 52 372 228 132 177 47 149 379 18 270 25 249 56 164 71 428 196
216 25 2128 256 41 229 193 119 63 78 127 135 172 29 192 330 241 443 51 68 226 230 166 174 108 285 243 33 34 300 148 306 77 43 63 318 74 205 38 86 184 16 72 57 145 263 87 35 107 187 205 32 216
217 25 3373 372 57 124 7 301 206 342 50 5 97 427 47 359 96 422 16 383 107 101 149 381 8 443 43 94 29 50 230 285 83 298 57 390 121 15 142 178 56 442 132 102 170 280 162 365 2 227 147 360 80
218 25 2686 245 240 87 189 33 180 420 34 61 154 318 58 62 209 380 226 151 207 142 88 186 211 170 48 127 221 76 223 382 155 270 22 91 160 306 22 129 189 383 235 358 192 46 217 272 124 419 178 258 62
219 25 2704 268 244 322 189 241 98 61 218 22 42 373 41 213 215 1 218 439 31 108 121 165 16 314 163 284 135 38 2 115 245 413 32 288 186 78 135 82 98 406 123 420 199 338 36 299 5 74 31 46 46
220 25 2754 130 10 58 65 44 95 266 160 441 230 193 179 165 114 408 49 295 155 106 170 424 154 307 12 304 211 185 185 427 231 232 56 192 141 172 87 37 37 47 27 318 39 305 32 3 13 182 199 267 240
221 25 2848 318 143 293 74 404 149 37 140 185 63 22 16 171 63 358 192 50 94 381 146 248 184 327 82 388 41 115 137 59 104 154 53 349 180 356 247 416 198 281 230 169 48 252 232 205 244 33 250 126 128
222 25 2716 221 225 63 249 358 203 339 23 26 194 402 76 23 208 72 40 57 104 122 175 251 173 208 57 118 240 308 193 419 129 270 234 227 177 136 18 76 217 329 69 304 44 27 176 335 33 381 56 360 134
223 25 2981 379 169 290 246 409 200 341 229 278 60 114 56 388 249 273 139 376 39 67 147 159 122 442 135 399 226 320 30 384 181 113 214 449 204 9 153 351 88 82 12 101 138 102 2 10 90 51 108 75 209
224 25 3109 431 16 445 230 444 66 259 227 196 23 290 95 28 250 203 231 253 142 364 214 395 51 15 248 163 106 326 213 365 153 23 146 68 217 275 11 435 235 39 130 107 28 426 84 230 29 416 82 22 80
225 25 2915 395 166 32 62 415 94 367 91 406 232 293 180 229 12 99 103 75 133 187 213 314 195 43 190 80 222 70 148 303 91 29 97 109 60 258 123 254 177 261 10 257 93 338 171 441 192 345 223 230 109
226 25 3093 438 74 101 127 255 172 346 202 224 139 380 173 147 90 382 221 295 108 236 7 267 194 49 206 364 41 197 10 215 26 369 53 151 69 29 6 391 227 307 214 15 89 288 213 330 170 33 124 377 218
227 25 2719 382 246 362 81 53 127 123 52 187 88 277 5 90 130 175 170 37 165 146 45 331 112 233 70 424 162 439 7 337 118 326 119 213 89 301 17 166 23 168 204 310 247 110 101 76 234 171 112 1 18
228 25 2199 56 83 130 141 152 55 2 141 213 189 108 239 209 222 377 209 238 144 31 56 97 193 206 43 129 242 165 242 92 183 399 74 264 139 175 218 343 217 233 83 24 221 41 47 299 199 235 43 181 192
229 25 2405 141 223 295 249 118 225 40 134 316 231 18 214 206 81 155 130 301 247 349 235 329 24 5 171 421 205 69 207 399 149 100 192 424 94 90 193 20 179 26 135 311 244 200 166 376 6 47 178 54 95
230 25 3207 412 182 369 218 352 189 425 72 197 123 323 246 64 148 291 3 40 110 333 17 246 43 212 147 258 140 3 105 69 6 301 183 219 150 443 209 126 167 355 149 389 200 164 136 377 249 251 93 196 96
231 25 2966 307 93 355 196 245 9 114 102 112 46 443 80 348 236 91 73 52 95 123 242 195 137 327 36 257 55 237 209 399 82 154 55 224 209 300 20 319 216 24 230 263 216 362 160 1 52 235 204 446 157
232 25 3202 145 42 245 173 130 153 377 66 212 78 347 165 182 173 25 234 294 44 151 17 375 163 333 36 123 35 339 9 39 187 315 35 230 162 360 9 264 138 274 175 265 73 442 97 395 166 132 38 411 232
233 25 2960 157 186 244 139 223 68 25 114 376 115 100 93 350 129 56 61 238 21 198 63 396 163 335 239 61 231 119 67 75 27 404 120 417 28 390 41 391 217 106 42 209 157 23 16 367 12 237 164 424 84
234 25 2702 178 209 222 38 241 77 31 59 345 157 287 200 129 203 128 168 244 220 434 1 212 45 59 136 110 225 147 198 140 220 181 168 30 204 157 71 333 90 231 229 448 168 179 226 320 156 193 215 425 27
235 25 2716 167 238 23 75 73 232 199 121 132 141 391 62 310 222 368 68 344 250 359 125 78 107 244 8 84 115 163 77 382 140 55 248 29 127 323 204 260 223 424 241 115 16 305 124 438 124 42 131 125 52
236 25 2907 57 202 410 102 112 194 67 224 372 148 65 76 95 194 104 69 299 115 142 72 408 6 290 112 282 29 137 25 261 61 376 118 64 86 219 175 431 37 449 2 386 215 379 33 260 232 101 8 48 244
237 25 2393 432 155 152 121 318 83 149 204 357 159 264 34 328 128 271 199 52 101 87 52 23 17 80 155 26 113 257 136 211 101 167 67 252 39 135 136 187 138 244 197 4 229 127 131 327 34 250 63 86 4
238 25 2718 37 102 135 191 379 248 114 160 100 180 376 53 318 160 238 6 250 133 355 153 261 83 185 60 409 168 112 223 253 215 10 206 249 52 85 198 201 48 257 52 80 83 356 149 294 143 105 95 277 61
239 25 3063 449 238 143 233 399 53 351 110 125 5 226 136 361 127 388 247 224 240 244 33 144 225 317 99 374 60 80 7 70 190 355 207 334 88 158 236 40 67 212 94 45 248 206 221 387 152 396 128 98 178
240 25 3135 321 22 344 120 395 56 163 24 12 182 215 166 441 100 55 198 237 194 416 49 390 210 448 45 130 36 397 76 44 105 34 117 101 53 62 156 167 137 269 150 404 86 440 153 291 189 340 236 155 240
241 25 2316 375 14 387 170 346 172 68 223 136 63 177 119 279 177 173 190 84 241 79 2 391 232 138 30 186 130 119 75 15 23 14 240 38 52 61 183 425 228 405 11 290 84 331 218 10 106 60 46 46 188
242 25 2691 47 236 221 236 418 6 265 188 83 82 12 98 271 199 150 81 432 76 60 138 286 199 171 67 68 83 324 27 378 119 316 26 407 86 314 74 94 228 61 126 72 223 331 122 74 163 205 50 322 243
243 25 3141 137 122 415 155 340 147 228 18 176 47 384 4 103 21 117 178 216 196 138 191 357 111 316 189 432 91 102 87 240 25 431 229 349 245 333 240 194 61 421 209 342 224 13 65 90 130 186 29 223 244
244 25 3087 141 40 432 222 130 33 360 122 160 90 400 158 337 84 399 32 46 107 102 204 249 78 418 215 267 107 146 54 387 220 77 9 231 51 291 215 262 124 263 133 40 248 131 221 244 238 324 49 338 151
245 25 2487 167 204 120 125 399 75 212 119 24 190 79 54 140 219 168 52 232 244 55 244 78 244 242 109 316 87 298 139 285 187 42 51 92 163 276 242 437 139 10 62 428 191 315 68 59 235 71 91 430 25
246 25 3040 386 57 270 29 317 185 315 66 375 250 2 66 202 95 178 179 237 67 167 48 278 247 438 243 366 147 279 136 389 158 162 24 314 131 103 231 115 19 396 239 220 150 57 22 144 134 102 182 269 230
247 25 3120 278 217 267 172 432 215 352 119 303 9 180 179 74 10 331 156 326 249 252 16 171 203 22 242 48 158 243 230 359 13 361 138 231 129 259 212 144 12 230 248 422 61 276 196 170 8 351 245 159 154
248 25 2612 11 79 108 34 72 6 391 66 237 150 81 147 87 11 427 198 73 72 159 154 220 81 365 97 228 136 357 228 233 65 384 95 445 191 378 166 196 69 33 134 113 132 306 24 209 155 98 80 14 1
249 25 2930 201 46 417 200 423 203 256 2 387 72 85 131 366 176 210 83 321 30 65 5 349 178 136 57 151 246 111 150 326 176 300 178 371 69 27 245 23 32 97 159 255 83 241 122 358 250 254 231 130 221
250 25 3124 237 230 150 74 336 52 370 99 201 247 224 202 424 97 420 51 193 142 334 41 400 139 124 42 360 131 242 66 311 71 188 197 337 21 388 40 42 36 40 188 261 191 7 63 363 52 154 49 142 106
251 25 3149 39 215 397 150 296 188 215 58 160 204 305 12 392 127 149 231 70 86 322 107 446 13 319 105 175 184 306 130 132 247 137 20 262 234 221 159 323 236 366 235 41 72 433 50 46 213 369 131 377 228
252 25 2814 149 98 332 75 131 89 356 114 236 143 85 149 126 5 257 250 342 124 134 133 46 229 417 97 76 31 316 6 367 94 117 191 67 93 323 6 449 186 143 41 322 91 218 129 99 17 120 224 401 204
253 25 2543 21 81 122 118 57 53 283 64 321 128 149 238 319 66 80 141 71 228 429 115 170 200 55 137 130 55 256 150 128 108 405 49 238 227 116 246 31 200 310 201 177 208 338 247 275 120 288 47 318 161
254 25 2580 319 117 265 57 297 21 112 48 199 21 154 199 261 182 64 56 312 165 67 115 343 27 204 90 401 23 277 198 372 144 108 142 362 223 148 10 45 112 9 143 282 13 191 44 46 56 300 108 22 168
255 25 2448 172 165 94 227 354 95 200 82 392 73 427 149 14 40 23 13 68 226 260 62 10 174 155 3 70 60 54 77 84 122 448 65 228 3 159 227 184 200 201 160 214 199 275 229 350 92 154 160 306 163
256 25 3096 183 10 316 52 71 119 280 154 390 231 203 55 309 155 265 37 338 117 88 249 167 153 198 91 381 149 385 187 308 40 299 243 301 116 396 71 187 228 127 76 410 229 232 120 34 149 259 223 65 48
257 25 3000 72 81 300 21 273 183 19 57 419 79 48 69 73 98 85 170 321 21 347 97 448 59 325 32 280 60 380 38 383 194 35 4 276 137 376 148 219 44 357 39 374 4 107 146 302 143 66 224 115 64
258 25 2932 220 65 424 246 446 4 106 127 341 190 22 228 145 47 364 170 184 65 352 72 439 208 130 36 261 25 153 134 141 17 253 205 140 198 445 105 328 136 194 51 313 190 247 78 9 143 11 174 196 34
259 25 3137 62 53 215 247 363 41 302 96 382 68 250 238 209 200 190 4 406 19 141 200 70 205 368 32 150 12 342 23 408 27 336 12 191 184 25 232 335 172 415 154 324 2 163 123 441 168 78 12 108 79
260 25 3271 231 112 420 200 43 169 412 136 393 171 14 230 82 56 363 8 237 250 232 153 253 205 55 67 227 147 434 206 258 141 185 90 304 104 342 98 324 103 383 18 325 98 197 56 254 159 166 42 408 49
261 25 2768 345 163 103 201 279 181 97 213 286 107 405 170 46 161 225 87 258 100 291 93 17 165 240 113 173 93 374 90 135 133 388 181 195 242 81 24 22 227 338 57 133 42 379 131 152 55 219 62 355 212
262 25 2644 254 123 328 195 186 152 138 211 41 24 93 230 404 138 121 186 363 142 262 100 51 97 143 129 279 47 183 249 358 189 210 113 112 40 307 149 241 196 59 34 369 201 374 190 86 209 4 227 323 153
263 25 3159 329 171 396 7 199 44 92 99 251 230 109 13 393 200 371 41 90 117 401 173 387 54 388 63 193 123 423 47 249 197 51 228 267 48 36 217 391 229 416 93 11 226 307 203 27 128 296 166 246 96
264 25 2766 89 32 399 228 146 142 100 69 390 50 15 192 77 234 90 215 2 80 395 219 273 105 196 129 358 72 408 5 338 203 50 178 437 249 105 32 192 106 302 133 205 69 224 34 252 63 48 205 442 174
265 25 2690 217 249 121 147 408 143 355 162 282 59 261 11 145 9 67 177 52 122 128 234 76 196 60 59 349 222 58 54 316 52 129 234 100 149 133 207 141 237 268 124 247 230 384 42 441 150 270 192 373 197
266 25 2985 328 149 45 187 9 195 360 217 198 226 168 178 411 169 177 43 375 219 181 94 393 28 373 78 369 163 430 138 7 202 186 234 402 180 270 11 225 179 79 224 6 198 417 116 180 211 90 48 292 185
267 25 3052 92 119 307 70 239 22 449 176 278 202 213 211 354 245 32 164 321 12 444 194 320 41 347 38 6 26 448 247 174 89 81 65 159 39 336 199 260 134 26 139 286 189 299 91 283 182 156 153 194 199
268 25 2701 98 165 439 247 2 246 122 199 192 197 340 24 214 50 364 99 99 224 35 224 372 14 213 112 246 96 369 200 441 17 150 55 55 246 106 250 157 93 266 48 268 31 197 131 231 197 406 167 21 170
269 25 2568 238 36 134 151 282 179 369 33 320 235 32 226 91 129 184 192 198 140 186 165 39 103 197 135 427 82 139 194 204 108 133 139 141 134 122 222 104 107 443 41 140 118 283 119 201 27 218 192 312 234
270 25 2369 180 15 80 217 100 56 200 140 401 105 298 84 243 40 269 67 111 22 23 153 62 162 173 147 182 175 73 99 169 84 282 198 300 213 416 49 19 165 239 221 138 54 14 179 372 32 340 246 54 194
271 25 2860 9 217 268 55 449 93 27 49 411 61 333 110 312 195 326 13 365 142 101 36 313 90 39 126 68 63 357 59 358 212 53 216 278 22 321 128 164 247 327 26 359 11 86 123 105 113 135 122 156 187
272 25 2745 7 118 126 97 395 43 109 1 254 68 364 58 434 242 279 156 121 193 304 249 168 163 309 205 35 214 369 21 75 207 93 244 182 189 89 126 350 191 229 17 355 136 400 98 17 205 268 9 159 67
273 25 2660 228 223 227 135 59 140 53 129 276 179 387 168 323 168 159 11 145 158 401 76 24 57 163 76 54 129 330 74 239 90 292 67 114 168 151 22 258 105 52 235 434 188 105 206 157 213 318 204 372 18
274 25 2406 329 145 175 193 420 80 272 102 203 60 43 144 128 207 112 30 380 221 135 184 157 20 73 61 77 32 125 144 185 96 263 115 437 57 12 19 80 15 71 142 8 167 371 116 330 1 197 50 230 208
275 25 2314 156 203 319 184 186 245 227 70 91 89 86 183 78 194 196 46 424 213 68 167 272 234 137 89 165 239 285 214 27 115 124 184 419 42 67 4 88 193 125 80 384 210 414 13 103 210 60 178 127 94
276 25 2677 245 63 83 233 127 173 219 43 150 83 316 183 303 209 58 198 344 132 278 79 391 141 96 202 52 23 425 181 169 221 251 55 371 75 424 215 124 208 82 109 161 192 160 120 90 103 2 167 434 194
277 25 2892 209 226 89 111 28 164 237 8 82 10 52 34 314 24 358 189 241 34 197 74 192 59 416 151 228 7 5 31 75 138 275 183 414 115 95 43 328 82 352 11 441 105 394 6 80 4 245 172 437 91
278 25 2805 296 30 1 113 130 178 21 34 59 245 174 35 429 137 401 174 231 131 7 182 341 49 188 37 404 117 292 100 189 178 86 59 398 238 122 218 371 132 114 44 166 92 282 166 217 164 446 75 245 39
279 25 2893 323 84 327 29 301 68 180 91 47 22 176 155 313 223 392 236 142 14 267 105 60 32 398 43 150 165 57 197 41 153 135 66 387 161 294 39 230 175 379 176 96 104 430 111 278 73 46 219 337 213
280 25 2817 223 98 346 120 390 145 386 198 294 227 401 178 392 189 41 237 227 20 361 207 148 209 310 127 121 237 100 16 157 138 80 231 35 176 150 226 72 88 74 115 114 126 395 207 66 85 445 244 306 205
281 25 2632 100 105 15 111 182 185 199 33 301 5 422 132 335 108 407 186 83 229 223 108 445 188 283 89 96 250 425 40 293 83 47 44 387 111 4 20 196 204 104 98 158 175 79 44 132 138 180 217 168 104
282 25 2974 24 162 444 159 153 139 308 127 231 3 9 127 196 248 389 52 167 236 55 23 283 213 397 164 358 81 103 87 270 43 420 133 136 130 185 176 290 214 108 142 424 184 289 21 375 90 190 110 145 162
283 25 2939 393 159 60 208 316 40 5 188 381 99 210 65 386 39 252 61 428 115 371 171 190 154 360 113 228 49 402 240 195 15 332 153 176 241 71 218 2 77 155 134 325 64 448 60 105 201 72 132 15 192
284 25 2848 153 55 348 114 19 77 112 122 116 157 86 99 61 63 389 33 280 142 309 185 425 33 400 75 44 54 325 166 188 192 159 192 198 156 55 116 233 216 237 48 74 224 449 237 236 87 369 168 431 128
285 25 2875 154 207 12 53 31 206 209 158 223 246 401 181 389 48 437 93 415 171 210 103 220 236 176 68 72 213 207 240 130 87 269 83 245 231 438 28 336 196 285 158 193 237 38 183 36 26 227 150 398 138
286 25 3054 304 118 373 179 385 196 93 43 88 225 431 6 107 126 186 146 103 23 393 87 282 87 275 222 369 60 447 145 361 45 183 164 164 7 242 50 203 186 343 240 210 73 247 69 98 185 64 100 157 9
287 25 2480 188 91 245 212 412 114 373 160 360 183 6 142 46 69 249 39 319 203 275 63 394 236 135 140 4 185 224 120 86 133 178 174 23 222 337 136 187 110 45 47 144 101 240 240 271 40 78 241 142 104
288 25 2893 55 137 40 40 327 245 76 202 214 211 134 93 36 158 17 75 243 103 286 88 351 179 390 41 220 162 230 150 424 3 109 60 394 198 38 189 425 140 304 188 375 247 223 233 365 247 427 117 84 214
289 25 2423 70 63 255 10 282 119 41 231 173 216 86 31 228 131 181 167 119 205 56 75 342 233 373 167 217 187 415 193 5 149 59 124 163 215 335 246 33 28 279 205 43 164 36 222 444 168 189 215 422 46
290 25 2559 241 116 328 63 82 94 51 46 339 107 146 147 181 108 311 67 354 46 94 182 150 87 147 87 8 92 54 48 408 228 198 93 23 212 126 67 12 123 57 21 369 55 351 128 365 67 310 161 414 62
291 25 3083 299 62 298 8 406 152 156 163 429 149 163 73 271 24 148 39 188 170 97 208 288 1 310 68 66 228 400 227 90 164 388 77 348 82 341 3 47 21 353 159 393 225 332 140 266 221 61 62 28 101
292 25 2684 63 89 118 80 317 67 208 56 32 48 396 11 287 193 292 227 397 188 97 49 148 191 125 130 232 240 202 92 302 130 294 216 168 211 197 136 80 54 42 211 303 187 321 139 279 165 315 175 154 213
293 25 2977 125 152 155 199 383 186 241 84 280 194 415 173 109 33 84 157 270 13 310 211 325 15 349 148 353 229 12 120 55 117 334 79 68 189 30 2 424 170 186 3 413 2 376 123 61 29 206 25 390 116
294 25 2742 149 104 415 98 109 195 61 228 300 128 261 28 397 99 449 75 430 186 127 244 437 104 116 73 164 246 128 38 188 195 189 143 186 1 56 199 30 55 126 241 434 174 191 45 174 15 124 209 244 68
295 25 2664 448 47 285 172 113 31 151 52 218 195 340 110 258 228 263 63 28 42 269 103 184 152 276 75 396 152 41 122 10 236 239 209 73 232 397 105 232 200 372 29 40 34 36 69 348 96 289 118 23 19
296 25 2771 327 199 17 78 91 188 440 227 376 100 313 200 182 111 205 63 10 228 191 151 363 76 371 210 175 166 199 92 217 121 13 244 271 131 73 161 218 212 389 45 162 201 244 245 111 150 357 121 228 250
297 25 2590 273 240 427 194 102 152 411 150 145 28 122 159 323 42 289 147 354 208 111 43 302 22 148 16 308 99 174 128 78 173 270 100 45 221 53 6 220 49 235 93 60 7 386 98 103 39 58 113 183 11
298 25 2617 86 28 160 103 185 59 129 14 36 51 65 55 352 160 277 206 167 246 255 151 40 64 109 175 263 13 264 170 26 146 333 213 375 242 118 59 52 148 374 38 298 39 444 52 150 173 257 168 420 11
299 25 3078 318 210 426 76 434 41 238 199 212 65 295 94 80 221 136 149 380 237 96 203 326 95 343 172 246 244 244 5 11 113 217 80 274 43 407 58 85 197 106 246 163 202 390 242 273 27 92 54 365 37
