0 25 1578 24 23 57 175 46 37 199 62 107 26 175 126 233 185 168 174 69 71 103 106 132 142 102 234 68 159 67 48 115 145 41 241 167 97 17 65 134 215 228 92 240 152 74 86 236 247 154 158 201 111
1 25 1508 40 92 213 23 159 223 89 58 190 233 200 180 1 47 196 65 32 160 43 225 46 44 74 132 131 172 137 39 122 100 78 65 62 202 224 34 133 223 124 83 4 124 231 199 41 12 210 185 236 62
2 25 1827 230 131 135 213 114 158 202 152 29 51 81 94 214 32 169 247 173 153 72 46 235 177 21 215 228 61 78 39 97 166 101 179 148 87 243 11 245 194 14 125 244 196 70 207 227 90 56 149 229 46
3 25 1687 79 7 67 146 234 229 223 23 178 240 123 106 138 61 200 148 55 144 14 32 239 209 203 48 186 43 205 186 137 35 232 215 41 150 110 25 128 185 47 55 174 21 12 61 81 212 61 238 207 74
4 25 1472 19 195 32 221 94 69 115 48 107 1 82 88 216 123 89 177 249 68 111 147 123 35 167 236 197 99 49 7 188 5 80 58 52 214 29 145 245 45 138 246 228 77 63 100 17 91 200 85 54 96
5 25 1487 59 88 114 44 136 65 195 143 2 199 74 60 102 37 190 247 69 184 143 58 31 120 237 195 72 3 36 21 87 89 219 145 28 82 41 163 248 235 157 250 183 231 137 17 100 235 187 33 127 245
6 25 1693 166 246 231 110 169 85 247 42 172 187 10 66 66 193 208 81 191 192 237 42 227 217 100 113 86 199 97 22 83 75 118 248 98 210 91 183 58 132 206 245 243 123 60 37 81 242 22 229 120 100
7 25 1415 47 219 212 132 19 160 6 204 234 123 201 8 73 12 98 107 70 81 62 166 175 184 77 211 116 69 40 138 149 159 89 195 230 153 179 100 184 53 148 56 106 155 128 117 104 234 38 36 45 203
8 25 1586 210 81 30 22 196 98 163 185 246 72 24 42 153 176 220 2 89 153 55 88 61 160 94 188 128 197 166 232 170 118 43 102 249 167 48 96 79 84 193 2 107 87 154 134 158 156 75 61 62 162
9 25 1837 223 73 6 12 200 202 35 115 36 57 85 180 158 83 96 57 179 27 141 223 28 247 161 182 233 69 189 57 231 250 218 203 174 223 214 123 27 101 238 164 157 72 195 166 154 143 184 169 113 9
10 25 1636 196 211 169 229 193 89 167 101 69 18 21 191 143 87 64 21 39 153 36 47 76 231 212 81 123 184 117 41 148 227 88 109 247 67 153 86 85 4 154 103 174 27 145 168 215 60 189 3 49 241
11 25 1385 56 112 72 30 148 40 172 45 118 10 5 114 178 10 199 12 13 205 216 38 83 111 205 47 22 245 151 86 71 51 228 162 101 8 161 140 179 58 7 40 62 223 217 173 23 229 37 227 46 74
12 25 1710 161 156 131 59 30 227 209 217 47 9 144 127 23 245 134 183 236 164 92 95 204 6 67 22 178 89 250 215 168 46 140 78 53 20 137 184 247 197 150 145 58 146 123 80 6 114 227 22 206 71
13 25 1611 77 211 137 98 138 226 98 204 143 245 94 72 149 215 60 83 63 109 232 60 166 229 182 245 118 40 210 95 61 17 165 137 227 154 234 217 129 183 22 123 177 217 46 178 106 10 96 214 93 155
14 25 1271 231 72 87 225 41 228 36 237 38 53 152 26 131 55 9 97 35 192 221 9 220 187 54 249 118 11 8 214 76 203 56 24 158 132 64 135 168 51 24 72 49 202 210 58 151 96 101 121 104 172
15 25 1668 57 157 171 27 20 30 92 95 232 61 151 5 71 134 205 51 73 229 224 228 129 176 39 186 76 134 138 48 237 162 206 245 82 232 14 213 109 195 236 111 51 56 244 73 112 147 247 192 120 224
16 25 1687 71 147 114 108 222 247 98 121 233 9 77 80 192 58 93 154 201 98 70 163 149 227 157 73 190 53 132 24 145 54 171 9 13 244 5 110 115 90 220 43 169 161 202 113 65 36 166 14 105 78
17 25 1439 14 183 86 87 123 240 8 106 152 11 36 160 23 29 165 235 245 106 204 37 126 115 91 238 31 126 153 146 231 83 160 163 168 98 137 158 105 242 6 2 58 166 127 188 182 111 183 139 64 71
18 25 1434 14 30 161 103 162 37 108 58 119 190 217 133 107 166 20 116 113 138 25 217 47 42 93 235 75 55 167 213 220 89 78 102 181 13 138 140 70 108 79 138 240 37 155 111 153 174 76 142 51 144
19 25 1633 189 92 236 173 19 142 191 83 111 29 161 212 130 193 77 17 82 146 226 12 136 68 48 40 30 52 66 105 194 116 248 234 59 85 8 179 50 12 78 172 150 60 216 226 178 149 224 154 160 211
20 25 1706 221 207 102 250 9 167 207 54 134 56 37 45 141 146 223 218 195 234 156 124 7 56 183 74 133 111 222 208 116 131 168 86 88 122 187 198 140 245 1 126 51 139 170 191 136 244 158 80 228 166
21 25 1505 203 86 73 136 160 205 98 131 15 213 114 34 150 53 155 188 102 45 183 102 22 233 92 191 25 227 184 182 158 13 97 110 99 169 110 226 46 92 240 110 205 23 9 109 30 49 210 176 231 163
22 25 1603 197 65 106 239 89 82 172 122 239 37 71 201 237 91 149 96 168 195 39 9 54 96 134 165 204 163 65 164 88 45 178 136 211 34 124 49 217 147 22 58 183 92 8 169 35 156 14 202 202 53
23 25 1855 211 6 94 22 203 108 86 218 47 232 146 182 192 31 55 92 247 53 215 54 236 159 163 154 193 171 20 246 122 174 206 229 173 151 125 8 187 195 156 168 87 211 222 243 154 70 46 119 124 133
24 25 1075 27 138 36 71 58 55 66 180 228 124 10 2 24 10 127 134 48 173 39 68 114 228 130 187 72 34 6 117 4 231 101 132 119 137 202 28 43 17 59 123 140 69 124 16 180 102 149 227 44 239
25 25 1227 16 26 175 88 59 33 56 164 115 157 45 233 145 246 113 187 12 171 4 239 35 19 168 238 167 247 114 57 142 102 73 167 129 12 225 161 169 240 25 177 34 110 71 29 74 110 143 244 146 85
26 25 1602 54 164 2 42 182 248 155 238 140 108 162 56 236 173 133 248 194 224 125 120 8 86 191 138 159 50 30 152 69 27 88 225 190 90 16 223 189 22 63 180 129 224 217 249 220 214 192 193 61 52
27 25 1861 25 103 190 183 152 219 187 73 246 24 47 37 215 62 112 154 185 174 83 63 249 170 131 247 241 95 188 36 34 101 189 161 203 128 195 207 199 131 29 194 7 75 82 73 238 45 78 172 218 13
28 25 1762 86 217 182 217 213 25 163 3 162 48 205 100 208 157 228 153 113 28 135 243 221 243 67 154 66 54 199 143 77 18 155 163 234 189 129 49 65 41 153 226 88 107 177 148 115 6 50 80 33 184
29 25 1327 72 105 177 241 9 94 44 59 236 223 76 141 135 162 181 115 62 245 155 214 94 172 248 241 138 4 142 217 36 178 141 141 206 131 1 49 26 161 34 248 88 26 132 249 58 246 162 52 2 227
30 25 1412 123 198 148 223 188 36 226 182 104 113 109 244 105 64 124 105 112 150 15 247 147 205 125 131 203 182 228 217 86 230 193 60 177 193 32 216 80 109 35 222 5 29 76 68 4 33 31 153 149 28
31 25 1481 152 103 32 158 185 111 124 20 90 168 80 118 110 111 186 41 220 184 76 43 189 206 108 209 2 139 112 151 18 115 3 169 248 160 103 108 135 225 50 53 54 19 14 164 204 157 235 138 232 129
32 25 1664 178 39 99 137 247 100 127 210 144 74 105 164 173 116 119 133 1 93 182 155 146 200 168 161 6 74 245 157 126 172 195 224 160 44 74 37 3 175 180 179 131 94 203 247 212 85 54 16 51 68
33 25 1828 170 211 175 96 208 169 104 84 192 49 57 101 194 232 239 196 9 169 226 139 114 179 135 177 13 233 82 131 235 132 50 7 224 102 152 244 205 235 185 105 143 137 48 227 228 96 146 71 123 111
34 25 1722 249 110 139 114 92 220 96 179 203 145 185 146 118 138 47 213 133 249 49 128 135 96 104 112 191 88 109 114 62 71 214 171 209 77 115 30 172 43 232 168 227 128 35 216 174 99 57 159 97 105
35 25 1464 36 84 53 139 47 95 78 156 208 139 172 60 139 100 26 168 124 68 150 41 146 27 178 111 52 26 19 210 123 226 245 206 28 235 2 224 164 9 182 155 87 205 214 77 54 91 244 29 158 143
36 25 1474 70 53 21 247 15 73 124 33 32 246 8 129 201 137 215 55 111 129 63 144 33 1 98 98 77 3 188 173 197 65 203 101 199 115 10 174 249 143 170 109 123 222 245 88 128 207 68 191 100 202
37 25 1743 43 49 151 222 52 190 246 185 136 60 137 236 99 187 100 108 110 98 103 131 206 225 53 164 230 111 231 22 63 34 167 111 184 240 14 123 235 50 146 186 95 245 224 46 204 84 56 214 201 31
38 25 1499 168 105 194 148 68 27 21 130 60 187 240 96 28 106 70 12 155 180 10 193 24 4 166 172 207 249 167 13 65 219 145 232 74 190 231 141 2 122 230 40 213 75 144 181 75 175 190 17 51 45
39 25 1336 182 222 2 33 138 116 97 106 112 180 31 51 161 23 221 14 144 200 155 107 24 74 26 19 5 100 194 46 218 244 91 2 67 194 136 204 232 59 22 13 192 174 25 214 38 210 93 193 66 218
40 25 1847 16 193 89 122 145 134 20 214 229 110 215 45 155 100 248 65 183 158 188 196 99 213 220 165 107 110 124 51 154 41 121 21 233 209 143 229 92 14 193 172 123 157 216 129 109 213 41 222 232 88
41 25 1665 173 194 58 87 152 19 210 55 172 102 175 192 186 235 165 178 199 107 99 173 115 64 51 223 128 95 116 201 76 203 123 122 112 209 125 130 20 179 121 205 95 57 189 30 73 218 229 31 168 3
42 25 1792 145 83 54 220 210 250 85 13 178 139 135 49 1 94 173 232 113 204 86 158 229 244 199 8 66 18 88 96 186 91 92 18 246 61 80 245 247 92 172 136 226 72 238 171 97 219 136 50 103 73
43 25 1466 207 183 66 7 43 233 25 232 180 62 72 21 79 169 184 10 164 180 203 187 167 31 111 154 201 207 225 86 6 77 10 64 112 75 71 154 57 197 135 236 8 59 109 188 227 42 198 242 73 150
44 25 1521 31 240 32 141 245 233 97 219 170 102 46 180 17 157 106 87 162 163 135 46 142 206 210 80 183 1 129 26 74 130 56 165 196 159 246 42 128 17 25 196 12 33 154 200 194 168 85 91 167 78
45 25 1590 47 229 9 229 229 137 4 154 119 162 170 30 107 79 127 149 58 143 245 82 191 6 114 94 206 159 11 142 249 29 219 45 7 80 125 88 216 231 93 186 142 13 67 100 91 193 248 148 86 95
46 25 1532 81 128 100 194 73 157 204 185 150 202 65 119 99 72 50 223 11 15 55 103 201 48 217 17 148 159 62 247 158 249 91 238 126 43 33 50 199 236 234 99 188 48 69 138 221 118 212 231 17 186
47 25 1444 36 166 4 155 63 163 216 162 70 214 2 160 191 44 192 240 95 30 223 193 69 122 113 206 93 230 167 73 65 35 110 101 201 114 107 115 128 72 26 197 137 28 208 179 173 150 20 17 179 94
48 25 1377 61 247 215 173 54 57 4 220 232 69 5 193 21 57 56 127 171 35 50 197 38 76 189 68 248 190 87 15 220 180 75 68 246 100 121 53 103 193 136 23 49 78 43 105 236 21 25 20 70 73
49 25 1351 103 209 148 144 26 248 185 214 12 155 245 188 222 241 37 195 145 242 137 30 14 185 209 57 39 194 179 165 66 249 90 20 59 237 163 85 234 98 150 97 2 145 75 135 25 19 131 16 7 12
50 25 1700 132 191 220 40 81 16 218 246 68 187 100 127 173 115 63 9 212 212 207 65 208 195 241 194 72 10 74 189 118 85 70 59 55 109 139 172 77 236 104 246 172 203 122 197 169 36 57 130 248 115
51 25 1226 46 57 60 37 1 131 148 74 69 15 11 241 175 167 99 64 88 27 151 191 23 175 245 246 121 164 32 177 145 131 41 191 187 202 79 187 184 78 113 105 194 123 95 119 39 45 34 126 72 184
52 25 1562 66 196 108 162 191 80 75 74 220 204 149 12 243 202 90 179 136 19 41 240 212 15 84 80 53 230 113 30 51 149 197 98 109 141 188 183 214 45 4 20 45 15 12 247 206 190 234 224 83 75
53 25 1395 38 97 10 117 2 239 82 31 142 82 228 239 189 86 129 126 120 195 23 124 214 67 138 77 165 196 16 148 21 200 222 58 149 231 27 150 220 108 32 111 41 111 201 229 48 182 207 168 126 229
54 25 1559 41 191 45 30 17 210 225 134 107 98 186 181 155 84 161 181 85 232 140 116 194 180 79 145 159 126 178 217 43 155 195 185 95 239 215 213 50 41 96 9 138 31 189 43 216 201 75 50 35 215
55 25 1742 18 228 144 96 224 154 221 151 120 116 55 166 50 1 155 14 213 204 157 161 212 44 43 2 188 111 203 13 160 237 79 29 66 74 226 40 80 197 42 51 164 199 217 213 199 121 14 176 235 26
56 25 1242 240 130 170 241 68 30 45 182 42 133 10 70 199 185 46 238 14 94 131 65 7 79 31 71 130 3 149 245 30 133 20 121 13 41 214 182 71 8 215 112 243 224 33 191 180 30 24 23 160 190
57 25 1624 131 239 72 202 220 176 100 214 205 85 85 178 199 125 141 130 195 250 94 158 242 169 191 182 30 120 63 53 245 223 227 63 165 178 32 90 130 97 147 66 181 74 14 55 66 245 65 88 9 159
58 25 1698 108 199 192 137 171 5 42 17 227 135 243 141 152 23 24 93 120 91 217 50 164 82 104 81 76 205 248 15 214 156 224 14 97 110 36 203 3 52 31 240 147 171 169 46 85 70 165 176 138 66
59 25 1933 191 219 170 22 146 226 121 160 41 26 133 157 224 94 192 29 199 96 59 188 242 82 180 12 127 116 183 144 143 70 209 84 140 230 207 137 206 179 46 246 204 30 4 29 225 48 57 173 218 212
60 25 1343 236 49 243 247 27 211 179 170 103 100 129 38 91 108 96 227 165 24 124 13 79 5 16 210 81 63 118 106 57 85 67 42 235 162 140 12 122 170 33 76 121 161 114 63 61 141 35 85 14 149
61 25 1450 15 120 165 224 201 79 92 158 136 28 224 29 13 237 169 126 210 190 158 36 61 171 1 123 143 61 14 177 247 129 76 12 101 92 87 153 170 30 60 55 58 135 84 172 122 104 149 81 145 56
62 25 1699 116 205 78 218 180 220 29 45 249 25 25 176 138 125 17 77 27 38 106 188 93 15 73 28 186 194 233 186 126 127 242 242 184 171 209 113 141 89 157 139 216 33 166 205 158 182 31 36 219 137
63 25 1831 224 163 3 46 190 41 91 24 226 216 151 69 207 84 240 18 48 130 208 56 120 173 88 35 128 245 68 10 133 36 248 106 51 1 92 41 93 116 118 58 187 117 201 176 236 248 157 193 155 26
64 25 1451 218 242 162 197 89 229 206 221 116 56 76 166 56 78 8 198 22 225 65 79 92 103 195 42 28 180 141 184 123 45 61 192 138 222 226 52 48 168 225 185 157 52 44 104 175 18 21 4 211 123
65 25 1346 198 104 3 230 244 38 204 140 99 145 130 172 32 105 76 78 153 95 78 229 29 234 133 175 190 57 192 210 60 153 184 110 6 38 89 102 42 93 26 186 74 49 69 179 124 248 183 218 75 161
66 25 1668 99 161 43 23 100 202 214 161 11 218 196 120 76 234 208 29 59 101 223 186 138 47 234 206 77 108 204 111 177 130 123 25 40 18 47 139 219 113 151 229 182 97 7 80 158 137 240 9 110 27
67 25 1533 146 156 10 204 232 219 9 92 248 138 214 22 30 231 171 20 51 33 119 230 73 50 137 209 141 247 68 167 143 75 28 198 158 99 206 101 96 195 167 219 76 249 139 96 50 171 118 79 237 88
68 25 1245 58 59 137 46 17 27 43 187 45 37 11 174 86 169 22 41 121 219 87 37 188 15 36 76 212 85 99 79 163 85 18 72 245 154 219 113 32 113 49 178 1 162 101 86 182 123 228 52 91 65
69 25 1991 89 130 181 124 206 142 208 156 220 222 92 89 145 86 242 113 198 125 226 247 52 226 158 4 62 191 228 141 171 57 80 50 237 203 107 128 12 12 199 85 103 37 229 188 130 92 238 4 169 86
70 25 1576 157 246 95 13 159 35 240 50 26 160 106 106 210 93 160 66 220 24 180 21 108 32 57 87 72 187 30 161 42 50 246 51 45 90 165 56 124 154 105 149 64 62 125 154 118 42 226 141 73 246
71 25 1711 100 207 154 38 28 192 67 188 86 218 35 238 115 124 152 170 247 55 24 247 220 85 103 196 91 72 238 168 64 162 163 163 118 168 201 145 110 119 184 195 87 70 182 53 193 83 222 41 239 245
72 25 1388 38 209 181 242 154 123 63 243 40 126 155 202 140 22 222 90 19 81 61 54 127 249 124 160 51 168 94 22 209 82 118 246 142 150 237 46 23 151 62 128 146 116 17 168 87 209 121 193 145 119
73 25 1688 168 54 169 86 147 42 44 80 11 141 222 160 229 17 182 129 8 96 108 154 211 226 173 47 36 62 65 156 4 61 126 172 216 146 109 112 187 152 191 197 144 14 209 122 132 140 140 87 145 47
74 25 1878 184 67 195 72 128 9 227 233 171 205 6 136 100 114 99 139 117 40 187 10 53 145 131 37 137 232 176 223 190 70 20 226 238 214 149 115 75 125 199 245 181 205 233 31 170 81 169 37 222 105
75 25 1690 148 127 29 163 238 112 88 210 154 9 81 231 246 147 129 110 221 105 160 67 36 114 49 66 34 232 234 172 203 190 69 79 189 199 241 28 61 180 214 188 68 194 183 214 72 144 28 54 205 63
76 25 1577 167 105 128 52 86 213 75 39 153 144 219 193 92 210 221 152 139 60 217 77 229 12 111 193 185 5 80 213 160 34 25 178 5 230 76 69 54 114 73 49 83 118 141 144 190 144 32 249 213 210
77 25 1935 227 224 173 21 159 177 203 121 86 236 247 13 226 103 94 52 172 250 165 96 48 99 213 40 242 152 184 126 2 248 187 81 221 109 231 137 155 203 74 141 200 87 116 154 32 19 177 31 36 23
78 25 1778 181 134 87 220 228 91 5 205 92 2 243 24 223 102 227 203 90 131 156 164 123 207 102 91 110 133 109 139 16 246 161 196 130 247 165 209 189 170 15 133 171 7 245 210 234 198 50 115 205 65
79 25 1561 89 161 166 179 122 150 140 10 17 135 22 212 116 121 229 176 59 250 190 191 49 199 8 182 66 159 148 122 223 237 134 138 107 140 117 156 245 240 220 110 110 198 138 169 179 211 70 227 159 188
80 25 1379 235 193 105 143 90 226 116 76 109 105 195 216 96 202 184 2 48 173 73 158 33 20 147 53 170 75 115 239 52 126 29 138 68 133 30 157 247 85 69 204 34 49 82 69 50 130 242 122 139 126
81 25 1364 243 137 30 14 211 144 3 12 19 31 1 188 163 31 95 123 129 179 192 82 59 225 131 242 44 32 223 137 6 111 114 100 247 143 60 138 116 173 157 248 174 196 12 56 40 135 184 70 76 118
82 25 1733 230 152 248 222 47 29 194 35 136 157 148 236 5 40 99 166 178 66 89 186 165 114 131 176 169 23 162 204 92 89 71 72 93 68 145 139 199 190 26 186 198 173 171 55 65 121 220 242 186 160
83 25 1455 29 100 23 11 128 191 33 141 247 125 230 67 48 72 237 192 62 37 233 87 222 181 112 245 235 176 115 204 19 153 114 47 104 238 57 231 31 90 122 27 66 203 195 113 24 33 156 187 69 240
84 25 1534 24 143 170 237 239 154 162 103 210 180 107 175 78 211 14 134 43 44 75 16 172 242 218 117 206 93 149 111 30 70 101 155 212 122 141 200 128 154 154 189 83 11 113 160 73 228 145 115 22 72
85 25 1703 131 193 63 200 59 19 145 60 231 174 129 183 180 90 157 172 141 34 75 146 222 9 156 186 20 228 163 16 195 36 87 177 229 2 126 139 122 20 198 204 45 76 239 76 17 145 247 9 30 173
86 25 1651 155 103 181 162 140 200 242 154 216 38 190 154 214 20 89 158 128 211 208 82 107 135 172 183 152 66 31 12 197 204 18 151 236 32 40 186 23 193 3 60 234 156 125 3 163 65 13 40 25 220
87 25 1446 223 234 104 144 18 107 61 48 119 7 103 238 157 89 19 48 126 143 93 128 54 76 33 178 181 195 243 193 235 119 14 207 102 117 203 221 224 13 194 122 28 163 52 178 38 194 20 165 248 197
88 25 1210 50 27 127 244 19 171 80 240 184 139 91 153 164 228 205 34 23 76 6 55 206 169 106 133 58 152 4 223 1 200 22 27 179 117 148 201 49 137 237 39 79 139 231 242 116 185 25 138 11 133
89 25 1692 192 216 153 150 200 210 51 203 34 153 4 55 179 34 24 178 235 174 64 73 212 245 211 192 236 76 126 113 65 238 97 108 203 249 7 4 208 159 58 242 163 164 148 194 197 23 121 33 196 37
90 25 1587 105 157 31 65 98 118 242 76 82 158 63 178 16 118 176 124 121 134 135 31 227 47 194 226 240 140 249 213 25 194 129 203 29 46 50 248 139 227 80 149 40 7 164 9 183 139 231 168 125 11
91 25 1612 144 172 204 221 13 196 219 225 220 15 223 200 217 103 97 118 101 88 95 180 236 236 186 1 244 118 139 76 137 14 87 132 37 142 103 49 71 24 56 187 98 108 153 201 21 153 41 217 82 26
92 25 1491 202 17 26 47 237 17 122 123 132 60 5 168 209 216 38 29 91 196 216 41 53 220 241 108 92 143 149 58 76 26 111 194 154 157 180 170 131 155 51 42 11 70 243 219 35 133 99 228 78 64
93 25 1507 18 232 136 110 89 227 104 89 35 31 115 145 224 120 154 154 39 136 160 191 177 170 10 22 138 146 236 225 231 152 94 212 37 55 152 115 241 1 40 207 146 14 76 151 19 216 178 156 166 97
94 25 1303 17 187 86 14 90 71 91 172 74 184 235 212 137 77 100 127 77 140 83 74 153 10 76 171 225 213 98 232 129 46 248 167 131 113 7 53 55 30 127 91 15 88 181 3 16 30 93 21 63 18
95 25 1582 25 72 94 195 148 158 144 129 138 41 228 55 171 90 163 224 145 44 202 87 58 39 17 60 157 148 40 101 169 204 118 193 127 63 240 24 221 133 152 210 26 129 116 196 71 130 21 67 174 222
96 25 1479 153 231 113 169 143 19 66 182 119 234 238 88 29 114 151 18 138 223 2 141 182 27 20 150 75 192 95 8 202 169 160 35 31 180 177 151 97 210 121 183 197 208 211 163 108 228 50 80 81 190
97 25 1453 114 108 61 115 34 2 143 128 9 197 148 20 231 30 51 9 180 148 70 152 80 119 110 40 31 217 119 182 149 199 223 114 158 34 228 191 137 222 171 248 168 170 17 250 200 68 8 231 67 180
98 25 1414 133 146 48 242 37 78 60 7 111 60 57 83 25 215 218 104 7 105 76 29 102 95 199 118 95 148 204 230 103 133 214 100 180 57 136 109 219 244 71 28 51 154 155 117 121 8 123 225 83 152
99 25 1630 178 178 100 148 124 99 184 77 180 139 62 144 238 93 200 226 202 20 219 124 48 19 27 54 135 250 61 110 76 246 113 4 25 64 151 148 14 186 193 176 137 188 164 230 240 241 33 9 156 56
100 25 1496 80 35 211 66 34 22 27 211 17 139 214 143 202 216 40 215 4 115 10 179 104 197 194 83 186 184 217 195 245 122 102 176 156 63 93 41 84 222 2 202 110 67 94 164 135 235 230 138 201 239
101 25 1658 66 54 186 10 238 223 45 204 167 141 76 121 83 183 11 124 118 232 227 69 193 43 14 106 29 248 188 166 198 176 84 2 213 195 239 38 204 130 120 74 47 202 108 159 177 225 140 5 145 83
102 25 1315 48 158 40 76 155 227 94 205 5 177 58 69 121 148 106 211 192 60 61 235 91 115 93 249 143 169 241 148 64 175 47 73 214 224 80 43 67 34 95 193 217 67 90 73 28 134 234 71 46 218
103 25 1574 161 160 162 160 155 183 2 52 246 176 200 170 139 25 249 33 194 32 181 38 76 148 105 166 220 234 49 203 54 94 22 67 106 36 78 112 218 79 15 65 4 214 86 244 238 85 129 181 59 71
104 25 1795 44 206 27 61 10 211 229 165 156 103 231 113 240 160 224 59 238 238 123 93 53 208 87 143 144 215 175 112 125 245 155 81 67 107 234 27 188 1 182 142 45 131 243 18 189 230 108 163 73 12
105 25 1795 222 11 154 218 77 79 79 201 175 85 133 150 151 92 29 29 210 22 216 106 4 208 226 44 187 83 206 111 196 29 223 100 246 49 30 176 204 10 132 103 12 223 88 142 103 220 102 226 185 59
106 25 1520 229 244 34 22 33 218 79 143 164 210 116 115 205 16 144 233 15 199 94 249 154 106 73 241 99 176 62 200 151 99 111 232 92 144 3 124 214 184 119 127 143 86 241 199 101 134 181 116 184 25
107 25 1734 216 87 232 38 77 80 213 139 132 216 237 242 197 180 135 51 54 200 234 172 76 228 7 168 177 209 153 107 74 87 131 141 173 214 179 102 44 243 92 27 208 78 18 6 4 159 162 204 244 185
108 25 1522 131 222 43 49 148 2 53 4 75 139 237 68 164 52 246 15 95 238 106 223 48 35 240 155 143 96 63 55 49 57 91 31 28 134 181 27 135 234 30 61 224 118 128 137 170 123 3 116 213 210
109 25 1551 89 10 96 180 16 239 25 79 145 175 237 235 58 116 118 238 142 2 221 23 165 47 243 42 183 162 17 38 129 229 99 217 90 195 249 105 35 23 31 50 123 15 107 90 235 94 83 88 167 106
110 25 1750 2 213 200 146 247 213 162 136 91 140 235 160 229 31 158 185 65 32 220 95 81 194 211 39 34 47 116 237 151 73 90 215 22 235 63 234 146 51 177 35 137 86 115 167 243 152 83 24 223 29
111 25 1818 207 166 239 245 51 138 81 167 124 83 91 65 47 215 50 212 195 12 226 82 148 61 48 166 155 199 248 31 171 26 237 189 116 83 105 164 7 80 246 98 145 145 62 194 208 213 240 71 189 71
112 25 1594 70 101 221 235 6 21 84 138 192 211 226 232 76 160 220 181 175 227 112 171 176 6 167 89 199 226 51 189 46 239 111 115 183 201 49 204 136 186 145 96 13 228 171 172 197 203 97 25 65 119
113 25 1742 52 70 137 140 121 112 191 161 157 31 123 123 222 56 175 122 9 60 57 5 155 171 232 177 93 30 189 157 46 57 208 217 193 98 156 140 99 164 22 222 138 96 129 62 217 137 223 126 141 127
114 25 1675 46 224 155 138 3 136 178 159 33 86 117 250 130 66 40 35 57 139 198 78 212 85 173 90 248 242 226 220 218 198 14 191 103 4 193 90 181 204 123 17 172 224 89 13 145 151 82 74 214 167
115 25 1432 99 53 16 90 130 236 58 199 35 173 139 239 176 184 79 209 137 201 77 160 26 74 248 38 208 142 41 40 215 4 63 159 73 4 140 160 163 89 195 86 183 11 12 11 219 250 45 159 88 221
116 25 1431 8 228 178 149 18 217 216 123 126 130 31 199 236 23 108 148 213 154 233 41 189 244 155 51 64 6 114 211 17 53 181 24 30 210 25 149 177 240 22 52 221 154 102 206 28 62 104 240 67 86
117 25 1757 133 5 181 139 56 97 144 21 57 12 73 89 36 205 48 60 205 76 151 226 230 223 232 81 31 9 244 134 101 61 71 233 65 104 223 120 200 116 242 108 128 65 196 15 121 95 176 75 171 178
118 25 1627 153 150 150 236 82 180 96 178 165 196 238 236 30 154 191 2 126 140 220 117 247 97 33 44 213 5 138 138 80 58 65 84 59 66 69 243 246 16 170 12 212 9 99 93 14 39 95 241 64 210
119 25 1574 128 12 242 171 224 247 161 213 178 218 27 113 129 194 33 121 41 48 142 53 111 2 151 204 15 42 150 108 71 213 67 199 76 58 221 151 156 131 113 185 201 241 47 79 184 181 51 225 229 44
120 25 1688 27 191 147 29 144 13 70 43 120 243 107 186 43 34 96 13 184 1 148 38 196 240 186 126 174 117 28 250 197 71 128 137 217 156 133 229 78 27 201 70 134 136 112 19 231 226 55 84 221 202
121 25 1547 223 166 192 158 41 217 126 68 216 174 240 93 61 58 100 45 139 177 71 89 98 56 224 61 75 57 129 242 109 182 66 25 123 75 167 89 201 235 156 124 76 248 36 134 200 80 22 228 3 110
122 25 1710 76 58 185 238 234 93 228 112 186 87 44 1 213 18 129 209 128 215 114 103 41 112 139 174 61 70 47 38 72 156 215 232 192 55 35 32 179 72 220 74 73 182 91 250 163 49 127 229 229 121
123 25 1515 126 219 146 38 39 192 177 212 199 142 45 141 48 112 175 79 40 246 151 113 170 82 55 21 96 206 147 75 118 228 47 95 196 193 132 86 134 58 150 83 51 46 223 98 157 249 29 196 179 160
124 25 1378 118 112 67 138 60 22 137 236 241 114 32 85 161 224 68 99 210 227 100 42 28 145 116 227 154 216 107 201 163 137 213 30 101 29 20 160 50 156 145 40 121 28 226 133 2 145 83 211 34 104
125 25 1585 31 219 227 184 36 185 134 198 72 96 80 172 124 99 183 25 106 179 166 78 206 243 210 59 137 145 121 8 178 224 109 208 44 187 141 181 122 127 129 193 222 60 216 198 10 148 74 217 92 44
126 25 1487 133 84 105 44 221 249 164 80 177 240 40 134 135 227 25 66 98 3 46 142 76 105 107 23 216 106 199 182 33 40 77 17 123 181 60 195 180 76 126 106 65 166 91 51 142 217 116 91 219 161
127 25 1609 232 45 117 190 169 184 45 117 115 179 8 191 195 131 122 107 177 153 34 155 110 200 172 200 165 167 116 5 135 128 88 179 97 27 200 30 71 66 247 101 74 39 147 56 160 3 84 164 138 90
128 25 1178 23 87 11 223 87 27 241 54 133 125 181 220 156 129 246 105 159 168 22 155 18 197 45 165 2 205 19 188 220 9 27 243 95 140 67 33 57 86 151 33 119 222 40 247 218 246 7 237 13 107
129 25 1580 66 58 123 170 114 243 107 83 1 235 177 96 226 243 128 244 151 214 246 36 184 217 75 180 36 71 187 23 190 51 129 107 108 1 26 221 243 132 54 244 219 82 191 194 68 39 77 133 34 112
130 25 1403 66 1 39 98 36 211 136 160 150 186 38 6 44 140 134 116 235 117 169 228 85 103 20 131 29 189 207 174 55 69 239 157 209 188 73 204 170 111 93 175 154 233 58 19 217 175 40 46 111 244
131 25 1425 167 241 22 105 12 228 28 168 148 119 74 208 56 117 126 231 70 45 193 15 72 198 247 231 68 65 7 209 212 118 202 128 210 75 84 73 155 112 240 154 82 63 112 239 32 237 219 203 13 217
132 25 1429 103 210 65 185 28 231 192 88 44 59 40 23 120 114 107 193 218 34 24 151 199 135 139 230 121 108 34 4 222 1 208 182 167 143 61 250 84 148 43 244 39 66 113 5 172 157 124 241 191 147
133 25 1859 141 139 31 29 220 4 238 3 7 210 105 67 243 124 209 53 123 144 52 165 239 91 230 203 95 3 110 218 152 115 235 142 247 14 213 250 103 67 109 62 24 175 54 147 208 121 112 137 218 202
134 25 1626 117 170 148 221 131 217 66 32 183 50 25 180 165 237 31 18 54 139 181 77 87 75 149 44 195 230 7 81 197 208 49 117 207 20 247 174 187 131 106 236 155 137 151 142 168 20 47 158 200 123
135 25 1776 73 36 49 73 182 243 53 188 175 101 248 224 217 204 95 66 127 133 196 85 118 100 221 120 93 240 241 139 148 191 113 72 226 161 246 9 5 150 197 180 1 194 249 201 32 228 185 79 62 52
136 25 1286 179 134 24 21 124 14 12 21 56 124 92 134 137 189 142 243 89 190 235 28 55 234 80 189 211 14 17 124 168 47 7 43 170 130 158 181 2 214 156 195 199 42 134 90 35 222 30 58 60 116
137 25 1232 188 216 99 119 154 161 235 23 34 4 69 143 46 238 124 55 20 126 18 176 70 216 203 158 205 174 39 13 85 154 52 51 105 22 56 117 108 180 3 111 101 145 8 190 63 210 245 182 135 65
138 25 1377 55 119 9 10 145 47 124 229 52 175 131 8 48 39 125 156 218 127 118 68 123 126 8 140 40 217 237 221 203 51 72 7 21 80 16 165 228 241 246 30 165 228 37 65 13 220 234 139 87 153
139 25 1564 11 64 160 3 103 228 239 176 180 141 247 39 13 179 156 30 147 127 37 163 104 176 79 222 188 48 205 77 237 209 189 152 119 43 5 198 31 180 230 23 28 18 138 206 25 167 214 23 43 250
140 25 1366 38 248 175 116 219 113 16 25 41 104 234 229 5 204 22 9 151 154 40 130 29 170 249 166 227 126 82 190 226 42 37 223 68 5 192 32 20 216 72 123 51 153 229 4 26 90 155 31 129 136
141 25 1558 59 150 237 76 127 112 9 168 111 234 61 250 207 129 4 250 160 23 67 84 247 118 236 77 121 113 166 127 143 147 115 54 46 101 129 24 64 138 44 174 223 104 25 31 232 28 132 244 152 199
142 25 1629 77 250 66 164 38 26 94 17 20 240 131 73 138 231 54 13 44 43 56 69 15 160 148 243 223 29 236 125 227 164 226 144 52 182 204 248 198 76 237 180 160 53 239 55 95 146 225 212 55 170
143 25 1312 109 48 143 137 33 119 216 49 94 109 125 248 142 181 97 191 6 185 120 5 161 131 58 1 37 152 146 12 215 201 73 100 27 62 234 247 32 193 135 9 42 129 189 138 69 46 72 41 50 84
144 25 1570 171 209 84 208 213 82 71 177 134 205 233 232 61 216 80 189 100 22 175 108 63 53 148 200 224 193 124 14 94 207 184 53 143 243 15 224 165 43 107 120 42 191 203 204 8 32 142 107 156 169
145 25 1505 214 218 221 213 20 194 155 245 59 101 201 95 5 195 87 121 168 104 163 126 223 57 66 27 10 74 160 4 180 65 24 246 135 244 208 6 40 215 98 65 52 44 171 247 131 41 16 234 203 142
146 25 1877 58 9 207 186 121 30 95 226 62 12 249 57 146 94 116 3 235 80 2 185 246 155 228 166 151 108 206 19 193 11 160 102 37 93 248 234 68 59 245 168 217 242 12 184 244 246 97 32 111 1
147 25 1332 10 129 4 219 186 22 14 48 181 115 169 148 11 247 89 181 55 83 98 123 176 211 57 169 59 172 117 90 134 117 99 114 222 68 50 95 81 97 127 47 152 128 123 240 58 30 174 7 218 60
148 25 1854 119 128 83 235 217 69 204 168 182 27 235 83 122 167 180 100 65 46 226 69 25 99 58 184 230 84 191 233 10 43 153 239 227 239 205 45 192 122 79 71 208 161 44 226 90 143 143 238 221 211
149 25 1519 114 171 18 48 150 101 90 132 135 99 26 139 87 3 127 143 149 171 117 227 241 74 138 34 152 79 28 44 168 248 4 32 123 79 169 76 51 62 118 76 200 56 180 76 198 79 98 166 157 88
150 25 1410 240 44 121 243 225 1 36 142 248 141 173 18 13 1 186 88 20 236 149 239 164 200 44 93 128 94 23 225 9 180 63 100 75 35 92 49 35 229 191 135 119 215 152 132 68 87 71 87 175 72
151 25 1272 76 88 21 221 32 148 64 157 123 73 86 37 24 12 173 116 61 208 196 103 194 65 67 95 48 134 33 220 221 207 41 148 146 164 118 30 182 186 35 106 71 231 134 96 198 46 53 144 148 98
152 25 1716 60 215 192 209 98 224 178 170 181 71 67 178 234 185 207 44 218 244 175 116 103 155 102 198 205 147 45 199 9 111 140 217 208 114 144 128 146 214 194 175 49 230 93 49 227 125 75 195 82 148
153 25 1517 175 36 44 26 235 190 225 243 50 114 209 110 79 102 237 76 168 32 103 68 114 86 160 14 62 34 89 108 113 22 5 37 57 151 41 192 36 33 94 2 241 203 182 194 110 213 174 212 31 139
154 25 1363 47 42 153 210 178 93 68 40 114 174 76 22 74 239 62 16 127 196 109 128 38 61 161 83 203 20 46 126 83 178 15 231 71 19 191 248 111 110 139 224 33 66 245 107 55 158 224 181 103 82
155 25 1669 160 242 244 172 74 196 44 119 173 126 148 39 209 219 57 1 68 167 110 207 242 244 124 88 202 178 245 175 210 199 108 221 190 203 14 250 38 234 15 234 211 223 120 223 121 36 184 179 28 178
156 25 1300 53 217 231 82 212 8 144 12 115 114 54 68 108 169 67 145 152 91 12 237 154 234 188 23 59 161 160 242 89 39 21 141 6 2 223 69 9 116 182 225 81 235 42 41 153 211 37 157 48 143
157 25 1598 158 134 183 180 192 93 33 230 56 174 87 57 248 155 167 215 141 147 173 35 187 76 97 224 84 101 21 78 9 154 10 40 197 204 231 130 237 63 185 12 149 93 111 156 75 242 1 221 164 137
158 25 1377 10 91 233 233 174 84 105 2 194 111 113 233 57 169 214 38 7 128 74 18 26 166 128 33 54 24 129 126 40 117 135 232 202 219 8 35 111 80 184 75 62 92 243 127 130 249 4 203 118 132
159 25 1571 221 97 164 98 2 40 78 128 181 195 114 162 146 83 21 32 156 131 111 191 206 24 32 50 151 13 49 6 216 18 239 38 115 153 135 116 44 65 95 224 9 209 237 6 41 8 139 48 240 101
160 25 1919 238 195 124 121 245 126 134 145 132 201 162 120 128 124 224 244 167 38 190 242 148 148 229 153 188 88 143 235 77 243 74 124 219 47 220 94 32 114 232 127 49 71 107 172 44 202 191 184 141 182
161 25 1697 81 39 12 86 226 99 228 63 28 73 238 151 41 34 120 134 65 85 63 148 211 111 218 67 134 114 176 47 11 108 229 49 221 64 126 70 144 40 97 216 247 6 61 218 241 228 52 53 125 114
162 25 1597 15 195 33 149 58 152 74 206 162 33 184 62 4 248 188 73 243 227 21 208 119 213 167 86 203 246 239 108 222 102 122 166 236 122 75 138 196 132 151 80 66 213 83 165 150 7 157 126 27 114
163 25 1490 232 247 178 250 184 232 97 172 89 68 24 211 86 9 160 248 129 144 149 209 209 111 143 225 112 150 233 89 28 96 172 25 125 171 208 106 17 232 47 85 5 109 22 115 42 181 215 171 74 215
164 25 1688 231 134 75 123 210 38 124 192 126 152 139 48 28 13 218 87 221 87 68 17 23 174 125 44 39 166 76 105 188 2 69 20 237 245 245 197 32 118 138 157 121 27 56 148 141 126 235 111 212 52
165 25 1648 127 86 226 103 129 116 121 56 72 160 159 140 180 146 236 174 92 17 41 229 25 14 107 81 161 248 58 145 108 19 49 87 206 126 189 186 93 161 241 164 71 150 155 250 45 140 238 156 167 68
166 25 1195 32 180 175 214 91 172 21 87 131 141 237 217 96 112 8 31 56 168 124 219 238 125 123 89 169 12 113 8 19 132 75 51 61 249 116 151 22 137 90 153 27 178 221 225 40 80 5 95 100 128
167 25 1545 166 189 104 38 28 22 152 242 131 22 123 206 174 184 56 40 186 78 176 127 82 54 55 154 196 234 135 142 83 114 57 123 218 197 150 91 200 244 222 221 29 247 151 84 36 189 13 63 167 94
168 25 1741 218 221 248 246 18 83 232 160 17 95 68 139 62 116 141 5 167 134 226 138 101 4 134 104 189 21 144 202 185 60 45 152 133 144 249 150 78 230 161 196 75 81 85 238 196 77 242 113 69 102
169 25 1346 14 174 87 117 113 209 112 64 143 24 210 44 156 206 145 157 33 124 68 229 50 250 165 140 195 241 131 159 52 52 65 225 198 34 189 8 2 150 20 64 46 175 19 190 184 153 63 103 233 215
170 25 1678 102 147 104 148 239 86 57 142 137 20 59 214 70 92 152 77 88 6 227 108 69 22 134 189 63 67 193 227 169 176 191 20 174 44 20 163 232 76 156 118 197 214 183 16 55 85 93 245 192 69
171 25 1525 204 112 192 87 50 106 6 242 82 174 19 125 46 193 20 65 207 1 242 112 221 188 76 153 232 89 148 226 30 68 31 141 111 220 42 216 225 136 149 250 154 23 147 198 145 211 54 118 217 94
172 25 1348 193 120 149 174 60 46 2 90 113 134 82 223 103 226 40 179 213 188 179 116 63 177 166 207 138 171 203 43 38 170 136 230 141 136 6 200 181 109 145 242 75 117 197 50 8 125 12 196 53 229
173 25 1598 110 230 144 168 219 167 120 113 204 39 101 184 31 236 41 231 167 149 223 61 140 47 30 188 96 37 63 209 84 217 40 45 48 35 212 118 201 82 231 155 222 183 88 105 168 230 85 186 128 57
174 25 1583 99 119 104 128 57 51 16 119 112 202 187 151 246 235 185 60 102 136 243 184 40 66 116 229 170 136 60 106 71 187 15 169 157 220 148 213 20 16 183 233 217 120 133 64 206 170 225 159 55 217
175 25 1584 93 196 33 60 26 54 195 85 160 16 123 174 36 29 143 36 94 14 51 128 247 119 99 231 34 54 150 9 213 56 225 55 103 109 114 230 15 161 166 174 176 38 199 63 169 193 98 12 206 148
176 25 1659 139 54 118 238 137 152 143 36 160 105 194 236 11 148 95 227 128 211 43 134 164 183 184 226 101 126 176 112 183 175 102 89 191 225 84 112 103 188 55 88 199 203 34 175 182 244 163 224 229 76
177 25 1502 156 14 51 108 241 78 71 26 3 173 114 45 215 88 238 48 192 88 106 131 36 160 17 62 91 112 76 166 193 151 174 206 53 31 49 131 102 74 133 126 187 177 90 126 16 138 176 59 225 133
178 25 1433 189 112 42 57 25 234 169 202 150 111 102 73 168 6 103 216 136 56 39 120 181 77 148 123 202 163 112 230 73 188 12 49 6 68 175 239 88 126 138 50 79 62 218 84 17 183 220 72 74 191
179 25 1500 105 150 89 227 102 103 190 183 176 127 44 39 27 49 208 201 140 46 178 27 95 108 62 191 207 97 12 28 170 203 234 171 143 62 124 245 1 56 127 100 153 250 166 205 139 63 18 157 91 208
180 25 1674 71 134 164 19 145 43 40 199 27 210 91 88 84 86 191 241 107 169 192 167 72 192 184 128 182 246 112 199 4 54 156 176 187 69 194 184 214 85 234 240 45 177 179 230 114 221 220 220 140 162
181 25 1522 136 63 205 69 190 136 166 153 187 170 59 92 95 97 13 141 30 226 225 116 67 121 42 97 202 155 68 24 226 59 37 112 121 241 32 162 228 198 65 164 219 225 108 165 71 120 55 203 197 132
182 25 1587 68 115 104 109 211 56 115 130 79 90 188 115 53 58 207 85 72 184 134 136 98 102 110 57 16 32 176 173 234 224 54 51 190 157 11 2 64 125 244 215 171 108 119 81 166 203 152 100 139 49
183 25 1564 39 100 105 157 131 132 79 115 207 234 17 248 242 28 249 56 4 232 49 70 5 9 189 85 174 243 88 125 181 78 25 219 177 231 227 159 214 55 125 170 140 244 167 132 21 18 187 126 87 196
184 25 1686 105 95 134 41 121 228 128 97 158 205 122 229 233 102 205 244 66 112 118 87 1 111 106 234 225 22 109 75 156 180 55 141 220 27 200 124 26 154 245 106 239 198 60 232 115 23 201 54 24 164
185 25 1550 159 7 146 133 29 106 59 239 113 238 43 3 208 70 223 157 45 248 162 141 205 2 88 14 85 55 37 36 108 162 199 118 20 196 102 150 154 160 138 16 148 33 121 207 204 93 215 248 90 126
186 25 1433 138 146 128 77 159 212 131 47 99 90 60 149 59 80 95 160 81 100 172 219 115 171 103 235 127 56 77 193 155 18 68 144 163 47 220 174 111 203 72 209 144 132 108 203 63 54 214 143 5 237
187 25 1370 213 119 157 65 206 135 222 134 77 126 4 247 19 166 43 91 191 5 13 66 38 246 173 240 160 78 56 52 82 42 117 52 51 181 7 37 5 243 114 130 246 212 1 13 106 91 204 111 235 68
188 25 1594 176 124 165 200 114 74 129 21 125 210 62 241 113 214 24 222 1 28 214 216 9 209 177 111 221 32 53 26 244 139 195 169 13 109 220 228 182 98 248 159 159 161 22 125 126 95 5 58 192 116
189 25 1335 118 118 226 190 1 131 216 245 19 12 15 133 223 87 110 6 36 107 164 195 18 17 68 244 244 162 220 101 71 161 188 130 43 127 130 173 194 226 44 58 93 176 30 179 35 214 51 10 113 169
190 25 1663 77 106 162 90 177 12 160 189 79 199 68 224 178 50 146 223 25 41 30 219 217 59 249 104 196 213 199 246 74 62 164 3 19 177 92 196 41 104 236 221 154 54 194 81 103 90 54 127 232 185
191 25 1734 198 50 244 196 153 41 10 204 36 84 15 51 86 135 227 29 182 17 234 168 238 138 221 33 70 73 224 123 51 206 160 248 5 5 46 10 45 55 213 80 138 79 130 75 208 206 145 77 189 62
192 25 1559 166 178 134 198 248 58 172 222 108 127 131 208 233 135 3 242 31 159 56 110 47 134 91 223 199 49 178 93 227 219 6 142 241 89 245 48 10 69 7 238 51 66 221 38 68 64 120 30 125 105
193 25 1932 120 199 155 20 127 99 246 197 104 137 194 196 78 41 243 87 211 250 177 11 167 249 150 87 62 218 63 33 247 39 240 218 237 144 90 215 85 161 198 74 207 144 151 247 238 89 59 89 15 171
194 25 1248 6 13 71 92 177 38 209 136 44 198 205 132 194 44 97 186 231 109 133 54 65 128 56 163 116 144 73 204 11 244 23 64 50 51 203 55 10 190 200 59 144 82 104 40 30 39 20 138 24 175
195 25 1650 55 151 230 69 16 123 142 220 133 135 178 8 198 228 160 150 134 21 89 84 182 84 17 35 123 46 74 244 183 97 168 237 247 147 56 13 122 49 232 106 11 215 130 90 125 131 224 145 71 159
196 25 1636 76 154 175 213 129 220 36 122 4 234 142 93 230 38 94 11 48 177 117 230 188 183 211 129 159 91 204 156 13 112 231 166 138 193 146 209 80 120 213 63 11 55 145 150 156 238 161 203 165 129
197 25 1783 34 204 61 244 184 72 186 138 227 198 101 59 215 239 104 111 197 183 230 11 98 92 167 242 241 72 229 151 126 245 131 159 50 44 4 234 115 189 121 91 238 221 149 203 2 165 110 37 246 120
198 25 1252 134 87 139 125 77 210 205 80 188 200 62 96 101 105 100 84 71 140 56 161 230 129 162 34 41 15 198 150 51 45 122 184 131 10 58 59 13 240 8 64 52 104 164 8 55 100 79 46 7 91
199 25 1426 25 135 104 58 176 119 107 75 169 151 48 205 133 57 114 44 128 228 33 135 143 186 90 57 194 144 8 124 190 14 66 66 1 170 124 176 140 82 102 160 233 150 217 58 80 10 185 57 43 70
200 25 2126 200 80 159 108 125 155 217 248 196 230 166 11 230 187 236 7 178 68 211 87 152 110 53 118 167 132 128 204 40 22 239 101 135 198 226 39 164 75 234 246 240 97 225 28 82 84 205 1 44 42
201 25 1580 152 5 196 20 23 179 147 226 218 20 100 59 120 235 108 95 125 22 22 211 17 113 57 93 141 240 176 95 241 71 238 244 75 35 13 98 213 11 175 33 30 127 193 2 111 50 198 87 71 219
202 25 1390 47 189 82 205 134 222 195 59 168 37 232 8 30 56 42 145 5 107 155 180 139 37 56 81 38 18 130 235 104 53 3 93 137 207 226 210 127 141 118 134 171 25 28 65 71 61 124 209 218 204
203 25 1478 246 235 185 83 190 89 138 44 182 126 103 157 85 105 43 63 12 49 18 37 76 184 168 61 106 80 184 65 47 137 162 133 173 244 72 12 233 218 193 210 70 201 146 26 96 209 21 107 7 140
204 25 1762 245 184 73 14 244 179 93 177 95 139 165 6 123 189 102 47 200 186 14 244 146 83 195 41 108 40 101 231 248 209 222 95 142 45 237 75 53 15 169 43 31 174 166 220 127 212 63 77 163 208
205 25 1634 159 209 100 118 201 200 97 159 172 191 153 68 151 139 244 203 6 14 36 39 12 107 166 75 26 228 40 185 161 100 136 131 199 86 182 45 205 88 249 22 90 239 117 144 130 240 132 169 104 238
206 25 1603 84 178 115 163 181 6 199 91 105 84 73 53 170 5 200 16 209 139 14 83 228 104 121 98 110 81 99 65 34 243 35 196 173 142 246 115 79 188 3 248 192 202 2 192 230 84 169 84 135 141
207 25 1343 33 65 103 113 15 167 134 150 11 20 197 183 162 192 150 10 20 87 12 18 130 66 234 233 109 214 67 130 149 53 181 117 224 145 131 141 28 132 151 48 78 186 61 19 85 172 38 23 183 157
208 25 1487 4 100 141 236 209 206 154 190 104 206 34 174 183 30 156 175 57 37 177 206 114 214 118 132 150 39 170 172 74 178 27 173 68 13 233 125 18 172 228 224 113 249 17 142 155 43 51 191 219 108
209 25 1621 55 35 226 38 184 14 59 208 87 237 234 112 156 98 94 31 116 118 8 191 202 121 189 218 114 195 10 164 136 80 22 42 247 181 150 112 240 209 199 226 44 60 233 142 5 13 109 224 123 151
210 25 1379 175 243 191 142 208 136 3 122 123 83 245 16 48 93 196 49 204 185 7 152 12 51 63 245 44 68 109 4 41 231 6 216 75 196 209 33 183 212 55 146 172 193 92 118 94 45 154 100 49 166
211 25 1519 2 111 12 147 178 120 150 71 203 155 138 27 198 161 237 159 166 144 54 165 65 99 6 182 44 153 86 143 201 103 247 61 216 143 91 187 43 13 139 49 18 1 199 178 238 108 94 233 13 110
212 25 1436 47 213 116 229 6 120 166 1 70 120 247 232 187 139 72 123 181 84 12 82 85 29 184 136 58 23 243 151 5 107 11 52 172 228 132 177 97 149 29 18 120 25 249 56 164 71 178 196 41 129
213 25 1593 193 69 63 78 127 85 172 129 192 130 241 243 51 218 226 80 166 124 108 35 243 133 34 150 148 206 77 93 118 74 5 38 136 184 16 72 207 145 13 87 135 107 137 205 82 216 222 57 74 7
214 25 1516 151 206 142 50 205 97 127 47 159 96 222 16 133 107 51 149 31 8 43 43 94 29 150 230 85 83 48 57 140 121 165 142 178 56 192 132 152 170 30 162 15 2 177 147 210 80 45 240 87 189
215 25 1683 33 180 70 34 11 154 218 58 62 209 30 226 101 207 133 42 88 136 211 220 48 77 221 76 223 32 155 120 22 241 160 156 229 189 235 8 192 46 217 222 124 169 178 108 118 244 189 41 98 11
216 25 1378 218 172 42 123 41 63 215 201 89 31 8 121 15 16 164 163 84 135 138 2 165 245 63 32 238 186 72 28 135 82 98 56 123 220 199 38 36 149 5 124 31 115 96 46 130 10 208 65 144 95
217 25 1821 66 160 191 230 43 179 165 114 58 49 195 155 206 170 124 154 207 12 154 211 135 185 177 231 82 56 92 141 222 87 87 37 247 27 118 39 205 32 153 13 182 199 167 240 143 143 74 154 149 137
218 25 1708 140 185 63 222 16 221 8 192 150 94 81 146 222 198 184 177 82 188 41 115 137 59 104 4 53 99 180 206 247 66 198 181 230 169 48 52 232 55 244 233 176 128 221 225 163 249 158 203 39 23
219 25 1345 89 200 126 194 2 76 123 208 72 40 7 104 122 175 151 173 8 57 18 240 158 193 219 129 20 234 127 177 186 18 51 126 217 29 69 218 104 44 27 176 185 33 131 56 60 134 229 169 190 246
220 25 1541 159 200 41 229 78 60 64 56 88 249 73 139 226 39 167 147 109 122 42 135 149 226 20 30 134 181 163 214 99 204 209 109 153 101 82 12 151 138 202 2 210 90 79 101 108 225 81 16 195 230
221 25 1608 94 66 9 227 246 23 190 95 78 250 203 231 142 164 214 145 51 165 248 113 106 76 213 65 153 23 146 168 217 125 11 135 235 89 130 7 28 76 84 130 29 166 82 22 80 45 166 232 62 15
222 25 1755 94 167 91 56 232 243 180 229 12 249 103 125 133 87 213 114 195 93 190 130 222 70 148 53 79 97 109 60 158 123 154 177 65 61 10 57 93 238 171 91 192 45 223 130 188 74 201 127 55 172
223 25 1908 196 202 224 139 30 173 247 90 182 221 95 108 36 7 117 194 99 206 114 41 147 10 115 26 119 53 201 69 179 6 241 227 207 214 89 238 213 30 170 183 124 27 218 232 246 162 81 53 127 223
224 25 1337 52 137 88 77 5 140 130 175 170 237 165 146 45 231 112 133 70 74 162 239 7 137 118 76 119 113 89 51 17 216 23 68 204 110 247 60 101 126 234 21 1 18 156 83 141 152 55 52 163 189
225 25 1818 8 239 159 222 77 209 238 144 231 56 97 193 52 156 43 29 242 165 183 249 74 164 139 225 218 43 217 233 83 224 221 241 47 149 199 35 31 192 241 223 95 249 118 225 240 134 216 231 168 214
226 25 1919 156 81 205 130 151 247 199 235 79 24 171 71 119 207 99 149 192 224 94 190 193 170 179 76 135 11 244 200 166 176 6 147 178 104 95 162 182 119 218 102 189 25 72 247 123 73 246 64 148 191
227 25 1611 3 90 110 33 17 96 43 112 147 208 140 153 105 169 6 51 183 40 169 150 243 209 26 167 205 149 239 200 64 136 77 249 201 93 196 96 57 93 155 196 245 9 114 102 162 46 80 48 236 141
228 25 1785 73 152 95 73 242 45 137 127 36 157 55 137 209 249 82 54 174 209 20 69 216 224 230 113 162 160 201 52 85 204 146 157 195 42 145 173 180 153 227 66 112 78 147 165 132 173 225 234 44 44
229 25 1702 51 17 125 163 233 36 73 35 189 9 239 187 165 35 80 162 60 9 64 138 74 175 215 73 192 97 245 166 182 38 61 232 157 186 144 139 68 25 114 76 115 50 93 150 129 106 138 21 198 63
230 25 1482 196 163 135 239 111 231 6 144 19 67 125 27 104 120 17 28 40 41 141 217 156 42 59 157 23 16 217 12 37 164 74 84 178 209 72 38 41 77 181 59 245 157 187 200 129 203 228 168 244 220
231 25 1353 134 1 12 45 9 136 60 225 147 198 240 220 31 168 30 204 57 71 133 90 231 229 98 168 179 226 120 156 143 215 125 27 67 238 173 75 123 232 49 121 32 141 91 62 160 222 118 68 144 250
232 25 1849 9 125 228 107 144 8 184 115 163 77 182 140 205 248 229 127 73 204 210 223 74 241 215 16 155 124 238 124 192 131 225 52 107 202 10 102 62 194 217 224 122 148 76 145 194 54 69 249 115 42
233 25 1319 72 208 6 190 112 232 29 87 25 11 61 76 118 114 86 219 175 131 37 149 2 36 215 179 33 10 232 101 8 198 244 182 155 102 121 118 83 149 204 107 159 14 34 128 128 221 199 52 101 87
234 25 1438 52 102 123 17 30 155 26 113 107 136 61 101 67 67 202 39 185 136 187 138 94 197 4 229 177 131 200 227 34 50 63 86 37 102 135 191 229 248 150 114 160 250 180 226 53 218 188 6 133 55
235 25 1678 153 111 83 135 60 59 168 212 223 3 215 10 206 99 52 185 198 201 48 107 80 83 149 94 143 155 95 127 61 99 238 143 233 149 53 151 110 25 5 176 136 211 127 188 247 74 240 44 33 144
236 25 1623 225 217 99 124 60 94 130 7 220 190 105 207 184 88 208 236 90 67 112 94 95 248 156 221 37 152 146 128 48 178 21 22 144 120 145 56 213 24 62 182 65 166 241 100 198 187 194 116 49 140
237 25 1429 210 148 45 180 36 197 76 163 244 105 184 117 101 53 12 156 117 137 69 150 54 86 140 153 191 189 90 236 55 240 125 14 137 170 46 172 218 223 186 63 77 119 179 177 23 190 241 179 2 141
238 25 1605 232 88 30 236 130 219 75 115 23 64 240 138 52 11 183 75 228 155 11 40 84 231 218 10 106 10 46 96 188 47 236 21 118 6 115 188 82 62 98 71 199 150 81 132 76 160 138 86 221 67
239 25 1562 18 83 24 27 128 119 66 26 207 86 114 74 194 228 11 126 161 72 223 231 122 224 163 105 50 72 243 237 65 155 140 147 178 18 126 47 84 4 3 21 117 178 196 188 191 107 111 16 189 232
240 25 1657 91 102 87 140 25 181 229 249 245 133 240 244 61 7 221 209 192 224 63 65 90 240 130 36 29 173 244 241 40 182 222 130 33 160 122 160 100 158 187 84 249 32 246 107 2 204 49 78 118 215
241 25 1919 167 107 196 54 237 220 149 227 9 81 51 241 215 210 112 124 152 63 133 190 248 131 221 244 238 74 49 138 151 167 204 170 125 149 75 112 119 224 190 229 54 240 219 18 52 182 244 55 228 244
242 25 1756 242 109 66 87 198 139 135 187 142 51 163 176 237 139 110 62 78 191 115 68 159 235 221 91 80 25 186 57 120 29 17 185 175 250 2 66 152 95 228 179 87 67 67 48 128 247 238 243 166 147
243 25 1674 79 136 89 158 12 24 214 131 53 231 65 19 46 239 120 150 157 22 244 134 52 182 200 119 230 78 217 217 172 132 215 102 119 53 9 130 179 74 10 231 156 176 249 202 16 221 203 172 242 48
244 25 1490 158 43 230 209 13 61 138 81 129 59 212 94 12 80 248 122 61 176 196 70 8 101 245 109 154 11 79 208 34 172 6 191 66 87 150 181 147 37 11 127 198 223 72 209 70 81 215 97 128 136
245 25 1670 207 228 233 65 234 95 245 191 128 166 196 69 83 134 70 13 132 106 24 9 155 98 80 114 1 1 46 67 200 173 203 156 2 37 72 235 131 66 176 110 121 30 165 5 99 178 136 57 201 246
246 25 1438 211 150 76 176 150 178 221 69 127 245 123 32 247 159 205 83 141 122 8 250 204 231 30 221 87 230 74 36 52 70 99 201 24 202 174 97 20 51 193 142 184 41 50 139 124 42 10 131 42 66
247 25 1363 111 71 138 197 50 137 21 188 40 192 36 240 188 161 191 111 7 63 13 52 204 49 92 106 39 215 147 150 96 188 215 58 110 204 5 12 192 127 199 231 170 86 72 107 246 13 69 105 75 184
248 25 1683 156 130 232 247 87 20 212 234 21 159 23 236 216 235 41 72 246 233 50 46 213 219 131 137 177 228 149 98 82 75 31 89 56 114 86 143 235 149 126 5 57 250 92 124 234 133 196 229 217 97
249 25 1556 126 31 66 6 167 94 234 167 191 167 93 73 6 149 186 193 41 22 91 18 129 249 17 220 224 1 204 21 81 22 118 207 53 183 64 71 128 149 238 69 80 141 71 228 179 115 120 200 205 137
250 25 1416 180 55 6 150 28 108 205 49 188 227 166 246 131 200 60 201 77 208 247 125 120 138 47 199 168 161 69 117 115 57 21 62 48 49 104 199 61 182 114 56 62 165 217 115 93 27 154 90 151 23
251 25 1427 227 198 222 144 108 142 112 223 198 10 95 112 159 143 132 13 91 44 46 56 100 108 72 168 165 194 4 95 82 42 73 77 149 214 40 223 13 50 68 226 60 62 210 174 5 3 220 60 204 77
252 25 1753 234 122 150 148 65 228 3 159 227 84 200 151 160 201 114 199 25 229 100 92 204 160 6 163 83 10 166 52 171 119 230 154 240 231 153 55 209 155 37 238 117 188 249 67 198 91 131 149 35 187
253 25 1414 58 40 99 243 151 116 146 71 87 228 77 76 60 229 232 120 134 149 9 223 15 48 222 81 200 21 23 183 169 57 119 79 198 69 173 98 185 170 21 21 147 97 59 75 32 30 180 38 33 194
254 25 1267 85 4 126 137 148 69 44 57 39 224 4 107 146 102 143 66 224 15 64 70 65 224 246 96 56 127 41 190 172 228 45 47 114 170 46 34 102 72 208 30 36 161 25 203 134 141 17 203 205 240
255 25 1542 198 152 95 105 28 136 44 51 113 190 97 78 109 143 111 174 96 34 212 53 165 247 213 41 52 96 182 68 150 238 159 200 140 4 156 19 241 200 70 205 18 32 100 12 142 23 108 27 86 12
256 25 1482 191 184 225 232 235 172 15 154 174 2 63 123 141 168 28 12 158 79 81 112 70 200 143 169 212 136 43 171 14 230 182 56 163 8 37 250 32 153 153 205 155 67 77 147 234 206 35 90 104 104
257 25 1819 142 98 124 103 233 18 125 98 247 56 154 159 166 42 158 49 195 163 3 201 229 181 97 213 136 107 205 170 196 161 87 8 100 41 93 117 165 190 113 73 90 135 133 138 181 45 242 131 24 172
258 25 1650 227 88 57 83 42 79 131 202 55 69 62 155 212 154 123 228 195 236 152 38 211 241 24 93 230 204 138 221 186 13 142 162 100 51 97 243 129 79 47 183 249 108 189 210 113 62 40 57 149 191
259 25 1562 196 109 34 219 201 13 24 190 86 209 54 227 223 153 129 171 146 7 249 44 42 99 151 230 59 13 143 200 171 41 140 117 1 173 187 54 38 63 243 123 123 47 99 197 51 228 117 48 217 91
260 25 1748 229 66 93 61 226 207 203 27 128 96 166 96 96 89 32 149 228 196 142 100 69 40 50 15 192 27 234 240 215 52 80 45 219 173 105 46 129 58 72 108 5 238 100 178 87 249 155 32 242 106
261 25 1767 202 133 155 69 74 34 52 63 248 205 245 42 174 167 249 71 147 158 143 5 162 232 59 11 11 145 9 17 177 102 122 128 234 26 196 160 99 222 158 54 216 52 79 234 50 149 233 207 41 237
262 25 1472 118 124 147 230 134 42 91 150 70 192 123 197 28 149 245 187 59 195 10 217 248 226 18 178 61 169 77 43 125 219 131 94 93 28 73 78 69 163 80 138 207 202 186 234 202 180 170 11 179 79
263 25 1905 224 6 198 152 67 116 80 211 240 48 92 185 242 119 7 70 39 22 149 176 228 202 213 211 154 245 232 164 221 12 94 194 120 41 197 38 156 26 248 247 74 89 181 65 59 39 236 199 60 134
264 25 1811 226 139 86 189 99 91 183 182 106 153 194 199 198 165 239 247 202 246 22 199 242 197 140 24 114 50 164 99 249 224 85 224 214 22 14 63 112 196 96 69 200 141 17 250 55 5 246 6 119 57
265 25 1763 93 66 48 218 31 97 131 231 197 206 167 171 170 188 36 84 151 232 179 219 33 70 235 32 226 91 129 84 192 248 140 136 165 39 103 47 135 234 27 82 189 194 104 108 233 139 191 134 222 222
266 25 1858 204 107 143 41 240 118 233 119 201 27 218 192 162 234 230 15 30 217 100 56 150 140 101 105 248 84 243 40 69 67 11 22 173 153 62 162 123 147 132 175 99 219 84 82 198 200 213 16 49 19
267 25 1521 165 189 221 19 38 54 114 179 122 32 190 246 204 194 159 217 168 55 99 93 227 49 61 61 233 110 112 195 126 13 65 142 201 36 13 90 89 126 18 63 157 59 58 212 3 216 178 22 21 128
268 25 1747 114 247 177 26 159 11 136 123 205 113 135 122 106 187 157 118 26 97 95 43 1 204 68 64 58 34 242 79 156 221 193 4 249 218 163 9 35 214 169 21 85 25 207 93 244 232 189 89 126 200
269 25 1722 191 79 17 5 136 50 98 67 205 68 9 209 67 78 223 177 135 109 140 53 129 76 179 187 168 173 209 11 145 158 201 76 174 57 63 76 154 129 30 74 239 90 242 67 164 168 22 58 105 2
270 25 1652 235 34 188 5 206 207 213 68 204 222 18 29 145 75 193 220 80 72 102 153 60 43 144 228 207 62 30 80 221 135 184 57 20 223 61 77 32 125 96 13 115 93 87 57 62 19 230 15 171 142
271 25 1839 58 167 221 116 80 1 47 50 237 230 208 6 203 19 184 86 245 77 70 91 89 36 183 28 194 96 46 174 213 68 167 122 234 137 165 239 135 214 77 115 24 184 169 42 117 4 138 193 175 80
272 25 1654 134 210 114 13 153 210 160 178 24 227 94 145 63 83 233 227 173 219 43 250 83 66 183 103 209 50 208 198 132 28 79 91 141 91 96 202 102 23 225 181 219 221 95 51 55 71 75 24 215 74
273 25 1492 208 132 109 61 192 10 120 140 103 2 167 34 194 159 226 39 111 78 164 187 8 132 10 102 34 64 24 108 189 91 147 74 142 59 16 151 178 7 105 31 25 138 225 183 114 115 145 43 28 82
274 25 1436 152 11 91 105 44 6 230 4 195 172 37 91 246 30 1 113 180 178 221 34 209 245 24 35 29 137 174 31 131 107 182 141 49 138 54 117 142 100 39 178 42 136 59 42 248 238 72 218 21 132
275 25 1548 64 44 166 92 32 166 117 164 46 75 95 39 123 84 177 29 201 68 230 91 97 22 226 155 63 223 142 236 42 14 105 160 48 43 50 165 207 197 91 153 235 66 237 161 94 39 80 175 129 176
276 25 1774 196 104 80 111 178 73 96 219 87 213 73 98 120 140 145 136 198 194 227 101 42 189 191 237 20 161 207 48 209 60 127 171 237 200 16 57 138 80 231 235 176 100 226 172 88 174 115 64 126 145
277 25 1789 207 166 85 45 244 206 205 200 105 15 111 232 185 199 33 201 5 22 132 235 108 57 186 83 229 23 195 188 233 89 246 250 25 40 243 83 97 44 187 111 154 20 46 204 98 208 175 229 44 32
278 25 1418 138 230 217 218 104 74 162 144 159 103 139 158 127 31 3 209 46 248 89 52 17 236 5 23 83 213 197 164 108 81 153 87 47 120 43 120 133 186 130 235 176 140 214 58 142 24 184 39 21 125
279 25 1818 90 140 110 95 162 193 159 210 208 16 40 110 205 188 81 99 160 65 136 39 152 61 178 115 221 171 240 154 210 113 28 49 2 240 245 15 182 153 76 241 21 218 202 77 155 134 175 64 198 60
280 25 1662 205 201 222 132 65 192 53 55 198 114 19 77 162 122 66 157 136 99 161 63 89 33 30 142 109 185 25 33 100 75 194 54 166 38 192 209 98 156 55 116 233 216 237 48 224 224 249 237 36 87
281 25 1513 19 168 81 128 204 207 12 53 31 206 209 158 223 246 201 181 39 48 87 93 15 171 160 103 70 236 76 68 222 213 7 240 130 87 219 83 145 231 238 28 186 196 185 158 43 237 88 183 136 26
282 25 1581 127 150 48 138 104 118 123 179 185 196 243 43 38 225 231 6 57 126 236 146 153 23 193 87 32 87 175 222 19 60 247 145 61 45 33 164 14 7 92 50 203 186 93 240 160 73 97 69 198 185
283 25 1481 214 100 207 9 38 91 95 212 62 114 123 160 110 183 56 142 96 69 149 39 119 203 225 63 44 236 135 140 54 185 74 120 136 133 128 174 223 222 237 136 187 110 45 47 144 101 40 240 21 40
284 25 1351 28 241 242 104 155 137 90 40 27 245 76 202 114 211 84 93 236 158 167 75 43 103 36 88 1 179 40 41 20 162 80 150 5 174 3 159 60 194 198 188 189 125 140 154 188 75 247 173 233 15
285 25 1728 247 127 117 134 214 220 63 105 10 82 119 191 231 123 216 86 31 128 131 81 167 69 205 56 75 142 233 173 67 187 15 193 155 149 9 124 215 235 246 83 28 79 243 164 236 222 44 168 139 215
286 25 1315 122 46 141 116 28 63 32 94 101 46 139 107 46 147 231 108 111 67 104 46 94 182 87 197 58 92 4 48 158 228 48 93 223 212 226 67 62 123 57 21 169 55 1 128 165 67 210 161 14 62
287 25 1433 99 62 148 8 6 152 56 163 129 149 63 73 121 24 48 39 188 170 197 208 88 1 60 68 166 228 150 227 240 164 140 88 77 38 198 82 41 3 97 21 3 159 93 225 182 140 116 221 161 62
288 25 1846 178 101 63 89 168 80 67 67 158 56 82 48 246 11 187 193 92 227 47 188 247 49 198 191 125 130 182 240 202 92 52 130 44 216 218 211 147 136 130 54 192 211 203 187 221 139 129 165 115 175
289 25 1256 204 213 75 152 5 199 133 186 41 84 130 194 65 173 159 33 134 157 20 13 210 211 15 249 148 153 229 62 120 5 117 184 79 18 189 130 2 124 170 86 3 113 176 123 34 161 29 156 25 90
290 25 1617 116 99 104 115 98 109 195 11 228 200 128 161 28 247 99 9 249 75 30 186 77 244 187 104 73 14 246 228 38 188 239 143 161 86 1 106 199 80 55 76 241 184 174 191 45 24 15 74 209 194
291 25 1435 68 248 47 35 172 163 31 1 52 218 195 40 110 208 228 213 63 28 42 219 103 134 152 26 75 196 191 122 236 189 209 135 223 232 105 232 200 72 29 240 34 236 69 98 48 96 139 118 50 23
292 25 1873 19 177 199 67 78 241 188 40 227 126 100 213 200 82 111 55 63 60 228 91 151 113 76 71 210 225 166 99 92 67 121 213 244 171 131 173 161 68 212 239 45 62 201 244 245 61 150 57 128 250
293 25 1336 123 240 177 194 52 152 211 150 95 28 122 159 42 39 147 54 208 211 43 2 22 95 98 16 8 99 174 128 78 173 102 170 100 45 221 103 6 120 49 135 93 60 7 236 153 39 158 113 183 11
294 25 1292 236 28 210 103 35 59 129 14 136 51 115 55 2 160 127 206 17 246 5 151 190 64 9 175 13 13 214 170 126 146 33 213 25 242 168 59 152 148 174 38 198 39 194 52 50 173 7 168 20 11
295 25 1378 68 210 176 76 134 41 88 199 62 65 95 94 130 221 86 149 30 237 46 203 126 95 93 172 146 244 94 5 161 113 117 80 174 43 7 58 185 197 6 246 113 202 90 242 173 27 242 54 115 37
296 25 1626 108 241 234 53 14 231 46 107 235 59 71 102 138 245 144 247 154 180 193 159 175 55 213 14 149 237 40 140 155 29 249 247 12 51 10 242 199 218 227 109 140 78 98 236 73 94 139 2 36 150
297 25 1607 176 91 112 42 239 98 183 128 189 8 89 37 19 140 148 11 190 217 48 107 18 145 92 192 231 193 126 232 220 216 93 113 56 42 36 132 86 43 123 164 211 122 26 150 114 49 195 131 194 138
298 25 1676 174 34 220 116 159 201 187 227 145 152 134 38 49 21 169 236 64 241 210 79 201 82 104 203 170 217 1 216 199 46 205 122 79 175 89 90 227 127 168 122 28 51 11 178 72 180 164 237 123 65
299 25 1661 222 204 20 174 225 236 27 42 36 72 247 9 151 23 97 92 249 75 111 222 103 161 233 132 84 162 45 172 183 168 88 6 223 107 32 50 194 58 91 229 129 189 237 131 211 185 74 210 10 184
