0 25 593 74 23 17 175 56 37 79 62 67 26 5 126 73 185 48 174 49 71 53 106 12 142 32 234 68 159 77 48 35 145 51 241 37 97 45 134 65 228 42 240 72 69 54 86 26 247 28 201 21 40
1 25 535 2 213 3 159 79 58 70 233 30 180 31 47 36 65 72 160 63 225 1 46 44 74 12 131 52 137 49 122 8 65 42 202 40 133 33 124 53 4 64 231 69 41 25 236 71 135 73 114 48 202
2 25 424 12 29 31 81 44 214 39 247 3 153 52 46 65 177 51 215 58 61 48 39 37 166 41 179 18 87 43 11 5 194 24 125 34 196 20 207 10 56 23 229 26 79 67 67 76 234 9 223 13 178
3 25 496 70 123 16 138 41 200 68 55 14 14 22 239 69 203 8 186 3 205 57 35 42 215 51 150 10 25 78 185 27 55 74 21 1 81 52 61 17 74 9 195 54 69 35 48 77 1 72 88 26 123
4 25 454 59 177 9 68 71 147 3 35 17 236 39 49 37 188 15 80 18 52 24 29 35 32 5 45 48 246 73 100 47 91 20 85 34 96 54 44 66 65 23 2 49 74 40 102 10 247 69 184 43 58
5 25 578 61 120 57 195 72 3 16 21 77 89 49 145 18 82 41 163 75 157 40 183 51 59 67 100 25 187 53 127 66 246 70 169 37 42 22 187 80 66 6 193 71 192 17 42 7 217 60 113 19 97
6 25 526 12 83 25 118 8 172 30 91 33 58 42 206 55 243 63 60 77 81 52 227 69 120 50 47 59 212 29 160 56 204 14 123 11 8 53 12 78 107 10 81 16 175 24 77 79 40 68 149 40 153
7 25 520 69 100 42 184 23 148 56 106 75 128 57 104 64 38 46 45 33 210 1 30 22 196 58 163 76 72 52 153 36 220 29 153 65 88 11 160 14 188 37 24 2 170 28 43 62 249 67 48 16 79
8 25 432 64 193 52 107 47 154 34 158 36 75 41 62 2 223 53 6 72 200 45 115 6 57 5 180 8 83 77 179 57 141 28 247 51 182 13 69 9 57 1 250 3 174 43 214 71 238 4 157 42 195
9 25 564 56 154 73 223 14 169 33 9 76 211 69 229 23 89 57 101 29 18 31 191 64 21 79 153 47 76 61 212 1 123 74 117 21 148 17 88 37 67 43 86 25 4 13 174 77 145 78 215 30 189
10 25 436 3 64 26 49 31 56 22 72 10 148 30 172 25 118 45 114 78 10 19 12 65 216 58 83 1 205 17 22 51 86 8 162 61 8 71 140 79 58 7 40 12 223 57 173 43 229 37 227 16 74
11 25 508 71 156 21 59 30 227 9 217 47 9 74 127 3 245 24 183 16 164 72 95 34 6 42 178 40 215 68 46 58 53 60 137 4 247 57 150 55 58 26 123 70 140 36 114 6 71 27 211 67 98
12 25 523 78 226 28 204 63 245 64 72 9 215 40 83 3 109 12 60 36 229 22 245 68 40 70 95 51 17 55 137 67 154 17 129 43 22 77 217 26 178 2 106 50 96 34 93 45 231 21 228 66 237
13 25 535 78 53 62 26 31 55 9 97 75 192 71 9 77 54 69 118 38 214 56 203 30 56 4 158 72 64 58 51 24 72 44 49 52 210 51 96 61 121 12 57 1 27 20 30 14 171 33 229 28 129
14 25 540 16 39 76 76 24 138 58 237 52 206 75 82 32 14 73 73 9 195 36 111 11 56 44 73 62 147 77 192 30 224 51 147 4 108 27 98 71 233 37 80 12 58 33 154 23 201 68 70 79 227
15 25 491 67 73 10 53 40 132 34 145 44 171 19 13 45 110 35 90 70 43 9 161 42 113 5 36 66 14 25 78 54 183 26 87 63 240 8 106 64 152 51 36 43 29 75 106 14 37 15 91 58 31
16 25 588 26 153 51 83 23 168 48 137 58 105 12 23 76 2 38 166 57 188 72 111 73 139 14 71 34 30 43 162 77 108 8 119 40 217 53 107 6 20 60 113 68 25 67 47 42 93 55 75 75 167
17 25 492 33 220 39 78 52 250 61 13 38 140 40 108 9 138 27 155 1 153 14 76 42 51 24 189 62 236 73 19 12 191 63 111 29 161 22 130 13 77 46 226 76 68 48 40 70 52 75 194 16 248
18 25 460 34 59 35 8 59 226 42 189 28 172 70 60 6 226 19 224 74 160 21 221 7 102 20 9 77 207 44 134 16 37 25 141 3 218 5 234 64 7 33 74 61 222 58 116 51 168 36 88 32 187
19 25 556 38 140 5 1 56 51 29 170 71 136 34 158 70 228 6 203 66 73 60 205 18 131 23 114 10 53 65 188 72 45 53 102 52 233 51 25 37 184 58 13 57 110 19 169 67 110 46 46 50 110
20 25 485 45 23 19 109 20 49 70 176 71 163 67 65 16 239 29 82 72 122 57 71 11 237 56 168 65 39 9 54 44 165 54 163 15 164 78 45 8 136 51 34 4 49 27 147 62 58 3 92 18 169
21 25 475 65 156 4 202 62 53 1 6 70 94 52 203 58 86 38 47 22 146 72 31 25 92 47 53 35 54 6 159 23 154 73 171 16 122 9 173 11 250 68 187 26 168 41 222 14 70 49 124 63 27
22 25 488 68 36 1 58 5 66 10 228 64 10 32 24 30 127 14 48 43 39 28 114 38 130 57 72 34 6 37 4 61 101 42 119 67 202 8 43 49 123 40 69 66 180 79 227 74 39 4 239 26 26
23 25 515 65 88 9 33 26 164 45 157 35 233 15 246 53 187 52 171 19 4 39 35 29 168 48 167 47 114 2 102 73 167 62 225 51 169 10 25 67 34 60 71 64 110 43 244 8 146 75 54 34 2
24 25 547 72 182 78 155 58 140 18 162 56 236 63 133 38 194 34 125 40 8 16 191 68 159 30 30 2 69 67 88 45 190 60 16 9 22 73 180 69 224 57 249 14 192 50 61 22 25 13 190 42 219
25 25 441 17 73 26 24 27 37 55 62 12 154 65 174 23 63 29 170 61 247 75 188 6 34 71 189 3 128 77 199 11 29 4 7 5 82 13 238 28 172 78 13 72 217 63 25 33 162 8 205 20 208
26 25 519 57 228 63 113 18 135 21 243 67 154 76 54 79 143 37 18 25 163 54 189 29 49 5 41 53 226 48 107 17 148 35 6 50 80 73 184 22 105 41 9 4 44 26 223 51 135 32 181 55 62
27 25 432 55 155 24 72 14 172 68 241 44 142 27 36 28 141 1 206 41 1 39 26 31 34 8 26 62 249 36 162 42 2 17 123 48 148 33 188 6 226 2 104 63 109 64 105 15 112 60 15 37 147
28 25 468 5 125 61 203 42 228 37 86 50 193 17 193 32 216 60 109 75 222 45 29 56 68 34 33 1 153 19 28 12 103 72 158 71 124 40 90 58 80 8 110 11 220 24 76 43 189 16 220 48 209
29 25 454 72 139 62 151 38 115 33 169 48 160 53 108 55 225 30 53 4 19 64 164 44 157 75 138 32 129 8 39 39 137 47 100 7 210 40 144 25 164 3 116 49 133 1 93 22 155 16 200 41 6
30 25 523 74 146 25 157 56 172 55 224 70 44 44 37 33 175 40 179 11 94 23 247 52 85 37 54 36 3 31 68 20 211 35 96 58 169 54 84 42 49 47 101 34 232 59 196 29 169 6 139 75 177
31 25 536 43 233 72 131 35 132 60 7 44 224 52 152 24 205 55 185 5 143 47 48 58 96 75 146 61 123 1 249 9 114 42 220 66 179 53 145 16 118 38 47 33 92 49 49 48 135 56 104 31 88
32 25 557 19 114 72 71 4 171 59 77 45 30 73 232 68 227 78 35 16 174 29 57 77 105 76 84 23 139 67 95 48 156 39 78 52 60 10 26 28 124 21 146 7 178 71 52 46 19 20 123 66 245
33 25 484 6 28 55 2 44 164 29 182 45 87 15 214 7 54 11 244 9 158 43 70 63 21 47 15 73 124 23 32 8 129 65 55 39 63 54 33 51 98 57 3 18 173 52 197 5 203 71 188 79 115
34 25 507 30 174 49 143 9 123 42 245 68 128 17 68 11 100 12 43 51 222 52 190 16 185 76 60 7 236 37 100 38 110 28 103 61 206 65 103 43 164 50 111 33 34 57 111 74 240 44 123 45 50
35 25 551 40 146 56 95 25 224 36 204 74 246 76 214 51 31 28 105 64 148 8 27 41 130 20 187 46 28 10 12 45 180 53 24 34 166 62 207 9 167 43 65 79 145 42 74 70 231 18 2 73 75
36 25 581 78 68 44 181 65 175 37 51 52 222 32 33 48 116 27 106 20 31 21 161 43 221 74 144 60 155 77 24 54 26 9 5 76 218 61 2 47 194 36 204 62 59 33 192 24 25 14 144 68 210
37 25 520 73 193 46 218 66 193 79 122 45 134 10 214 70 215 65 100 58 65 23 158 8 196 39 213 50 165 77 110 54 51 34 41 11 21 63 209 33 229 12 14 43 172 17 216 59 213 3 41 2 232
38 25 527 8 173 24 58 77 152 79 210 25 172 52 175 2 186 75 186 45 178 59 107 73 115 4 51 33 128 66 201 43 122 39 125 40 179 31 121 55 95 49 30 38 229 68 3 5 83 44 220 20 85
39 25 521 43 178 79 135 1 94 32 113 64 135 46 158 74 199 48 66 28 88 16 186 52 18 76 61 30 245 47 92 2 238 71 97 29 136 60 103 23 207 73 66 7 43 33 25 51 79 44 10 14 180
40 25 529 43 187 7 31 51 154 61 207 65 86 26 77 60 64 52 75 1 154 27 197 15 236 68 59 29 188 17 42 78 242 33 150 31 240 62 141 75 233 47 219 72 46 57 106 35 46 10 142 36 210
41 25 435 53 1 29 26 14 130 16 165 2 196 79 246 62 128 27 245 15 196 22 33 44 200 74 168 25 91 37 78 47 229 19 229 57 4 4 119 52 170 30 107 39 127 49 58 3 245 41 6 31 142
42 25 511 39 29 69 45 77 80 55 88 26 231 23 186 62 13 67 100 21 193 48 148 46 95 1 128 30 194 73 157 64 185 20 202 25 119 59 72 10 223 41 15 75 103 8 217 27 148 49 62 7 158
43 25 528 19 91 68 126 73 33 69 236 54 99 28 48 49 138 51 118 22 231 44 17 26 36 56 4 15 63 23 216 10 214 32 160 61 44 52 240 45 30 33 193 62 113 30 167 43 65 20 101 71 114
44 25 466 27 115 48 72 26 197 67 28 38 179 33 150 10 17 19 94 1 247 55 173 64 57 34 220 2 69 45 193 71 57 46 127 30 197 22 38 59 68 58 190 7 15 70 180 28 246 60 121 13 103
45 25 529 73 136 23 49 18 43 55 236 61 25 60 70 13 103 9 148 44 26 48 185 22 155 75 188 32 241 7 195 45 242 67 30 74 185 59 57 29 194 19 165 6 249 70 20 69 237 33 85 47 2
46 25 390 65 137 35 135 29 131 36 7 22 132 21 220 20 81 26 218 31 68 47 100 7 173 5 63 19 212 17 65 38 195 41 194 12 10 34 189 68 85 60 59 55 109 9 172 37 236 14 246 32 203
47 25 500 12 197 69 36 27 130 18 115 46 57 70 37 61 131 28 74 79 15 21 241 55 167 9 64 58 27 1 191 3 175 41 164 42 177 35 131 17 202 39 187 34 78 43 105 64 123 75 119 54 126
48 25 423 32 184 56 196 38 162 31 80 25 74 48 220 34 149 12 243 62 90 79 136 19 41 2 15 74 80 63 230 13 30 11 149 7 98 8 109 5 4 20 45 35 12 47 206 14 224 45 38 67 10
49 25 451 47 2 49 82 1 142 62 228 39 189 76 129 26 120 35 23 64 214 18 77 45 196 46 148 11 200 22 58 29 231 17 150 60 108 71 41 21 201 48 182 7 168 16 229 40 17 44 107 8 186
50 25 525 31 155 34 161 41 85 52 140 76 194 60 79 55 159 16 178 47 43 35 195 45 95 69 215 53 50 1 96 29 138 21 189 33 216 51 75 20 35 48 228 24 96 54 154 30 116 75 166 50 1
51 25 461 5 14 53 204 7 161 52 44 73 2 78 111 33 13 50 237 19 29 6 74 16 40 10 197 71 164 79 217 11 79 4 176 65 26 70 130 51 68 30 45 2 42 20 70 45 46 58 14 14 131
52 25 477 45 7 59 31 21 130 13 149 30 133 20 121 51 214 72 71 8 215 32 243 44 33 31 10 40 24 43 160 10 131 79 72 56 100 4 205 55 178 9 125 61 130 25 250 24 158 52 169 71 182
53 25 439 10 120 73 53 15 223 64 227 43 165 8 32 50 130 37 147 66 181 14 14 35 66 25 250 45 88 19 159 18 199 2 137 61 5 27 227 65 243 1 152 34 93 32 120 51 217 42 104 41 76
54 25 507 45 248 65 214 6 224 24 97 60 36 33 3 62 31 30 147 71 243 59 46 5 70 56 138 76 191 19 170 32 146 26 121 20 41 53 157 64 94 52 29 29 96 39 188 2 82 50 12 37 116
55 25 532 53 144 13 70 29 84 10 207 67 206 39 46 76 204 44 29 25 48 47 173 33 218 62 236 19 243 77 27 21 179 40 103 30 129 68 91 78 96 65 24 4 13 59 5 56 210 23 118 26 57
56 25 373 45 67 72 235 22 140 42 170 13 76 1 161 14 63 31 61 11 35 15 14 59 15 10 165 34 201 9 92 8 136 38 224 39 13 67 169 26 210 30 158 6 61 71 1 43 143 21 14 19 76
57 25 514 12 101 32 87 43 170 70 60 55 58 15 84 2 104 9 81 5 56 66 205 68 218 30 220 35 249 75 25 56 138 65 17 67 27 78 106 28 93 18 186 44 233 26 126 77 242 42 184 11 209
58 25 437 13 141 69 157 29 216 3 166 5 158 42 31 46 219 47 224 43 3 36 190 51 91 4 226 6 151 19 207 64 240 28 48 48 56 60 173 15 128 8 10 41 1 73 92 11 93 56 118 57 117
59 25 525 71 176 6 248 37 193 75 26 68 242 62 197 69 229 16 221 66 56 26 56 78 8 58 22 5 65 79 92 23 195 2 28 30 141 64 123 45 61 22 138 12 138 32 195 38 168 50 225 17 52
60 25 493 24 104 75 18 41 4 71 123 18 104 43 230 74 38 34 140 9 145 40 172 2 105 36 78 3 95 78 229 79 234 53 175 47 192 73 184 10 6 8 89 42 76 63 26 16 74 29 69 19 124
61 25 500 28 183 68 75 1 99 71 43 73 100 52 214 61 11 18 196 20 76 34 208 59 59 21 223 76 138 47 234 36 77 8 204 27 130 53 25 30 18 37 139 29 113 39 182 17 99 50 158 46 156
62 25 582 70 204 2 219 49 92 8 138 74 22 51 171 31 33 71 30 54 119 23 50 37 209 11 247 68 167 13 75 78 198 38 99 46 101 66 195 69 76 39 139 26 50 48 79 57 88 58 59 77 46
63 25 479 47 27 13 187 15 37 71 174 6 169 22 41 39 87 27 188 65 36 56 212 55 99 9 163 35 18 42 245 74 219 63 32 3 49 78 1 72 101 16 182 18 52 21 65 69 130 41 124 2 208
64 25 523 66 220 12 92 39 145 36 242 43 198 15 226 67 52 56 158 4 62 61 228 41 242 71 57 10 50 57 203 77 128 42 12 19 85 33 37 9 188 40 92 38 4 49 86 17 246 65 13 79 35
65 25 482 70 50 66 160 56 106 50 93 10 66 4 180 61 108 12 57 17 72 77 30 21 42 20 246 51 45 60 165 26 124 44 105 9 64 72 106 25 154 78 42 1 73 46 100 34 38 28 192 27 188
66 25 536 16 218 75 238 25 124 72 170 77 55 34 247 10 85 73 196 1 72 8 168 54 162 63 163 68 168 21 145 30 119 14 195 40 182 53 193 22 41 39 245 78 209 31 242 43 243 65 202 60 22
67 25 456 62 90 19 81 31 54 7 249 24 160 68 94 52 209 58 246 40 237 16 23 41 140 22 128 56 116 67 168 17 209 78 19 1 193 65 119 4 169 27 42 21 141 60 229 37 182 28 96 11 226
68 25 499 63 47 46 62 5 156 24 61 56 172 16 109 2 187 22 191 47 144 14 209 12 132 60 250 30 87 39 145 77 184 55 72 58 9 33 171 76 136 20 114 79 117 13 145 31 37 67 232 53 190
69 25 418 60 20 36 238 24 149 35 75 15 199 65 181 23 31 61 169 47 222 18 127 40 29 58 112 30 154 29 81 1 246 7 129 41 105 10 67 79 66 4 232 14 172 19 79 69 199 21 28 31 180
70 25 563 28 214 18 68 44 183 64 72 14 36 78 54 65 63 47 105 58 52 26 213 35 39 53 144 79 193 72 210 71 152 9 60 17 77 59 12 1 193 25 5 50 213 70 34 55 178 49 5 39 54
71 25 587 74 73 29 83 68 141 44 190 52 249 43 210 37 224 63 21 79 177 33 121 66 236 27 13 12 172 50 165 76 48 72 152 2 248 57 81 11 109 53 231 67 155 13 74 71 200 56 154 19 177
72 25 498 51 36 63 181 4 87 50 228 21 5 55 92 2 243 44 223 22 227 53 90 66 164 43 207 52 91 10 133 69 139 56 246 11 196 7 165 59 189 70 15 33 171 47 156 35 210 8 50 65 205
73 25 507 55 89 1 166 29 122 30 140 70 17 45 22 12 116 71 229 6 59 10 190 32 49 67 8 72 66 19 148 2 223 34 138 47 107 48 117 36 245 40 110 68 138 39 49 60 227 78 235 43 105
74 25 503 33 90 56 116 36 109 75 195 26 202 4 2 78 173 13 158 73 20 67 53 60 75 5 239 12 126 69 138 18 133 10 157 19 247 55 69 14 29 39 82 49 50 40 242 32 139 76 243 47 30
75 25 535 74 211 14 3 62 19 21 1 38 163 1 95 33 129 79 192 32 59 25 131 42 223 77 6 51 114 40 247 34 60 78 116 67 248 24 196 52 56 5 184 30 76 58 230 72 248 17 29 45 136
76 25 488 77 148 26 5 20 99 16 178 76 89 36 165 24 131 79 23 72 204 39 71 12 93 48 145 9 190 68 173 51 55 35 121 52 186 40 23 1 128 21 33 10 67 78 72 22 37 3 87 62 181
77 25 522 32 245 55 176 45 204 69 153 54 47 44 238 27 231 1 90 42 27 56 203 25 113 74 33 16 187 9 240 64 143 40 237 39 154 3 210 20 107 78 211 4 134 73 44 66 172 52 218 57 206
78 25 493 13 149 71 30 70 101 75 212 32 141 50 128 24 154 49 83 11 113 40 73 28 145 5 22 12 131 63 63 10 59 39 145 20 231 34 129 53 180 37 172 21 34 56 222 69 156 26 20 78 163
79 25 442 26 195 36 87 57 229 52 126 9 122 40 198 54 45 59 76 7 145 33 155 21 162 10 200 2 154 68 190 14 214 20 155 29 158 58 211 8 82 77 135 42 183 56 31 12 197 24 18 71 236
80 25 422 2 40 76 23 13 3 70 234 66 125 33 163 45 13 60 25 20 223 14 104 4 18 47 61 68 119 17 103 8 157 39 19 38 126 43 93 64 76 23 178 1 195 5 119 42 117 3 221 44 13
81 25 499 59 194 62 223 13 28 43 52 58 38 64 20 65 248 27 50 47 127 71 80 40 184 19 91 3 91 24 228 34 23 46 6 15 206 49 106 28 152 54 223 51 200 52 27 67 148 1 49 7 39
82 25 520 19 139 61 242 6 185 75 138 11 133 22 216 33 150 70 210 43 34 63 4 79 34 14 178 5 174 44 73 12 245 51 192 56 76 36 113 15 238 67 108 73 249 77 4 78 159 8 242 23 164
83 25 435 48 194 37 23 31 33 16 37 35 157 41 65 18 118 12 76 2 158 3 178 46 118 6 124 4 135 1 227 57 194 56 240 70 249 13 25 39 129 63 29 78 139 59 40 67 164 19 183 49 231
84 25 496 28 125 11 144 12 204 73 196 79 225 35 223 17 103 37 118 71 88 5 180 16 236 56 1 14 118 39 76 27 14 67 132 62 103 29 87 34 56 57 98 78 153 21 204 41 153 77 82 6 202
85 25 449 7 26 37 237 67 122 33 132 30 5 48 202 39 216 58 29 61 196 6 41 53 220 38 92 23 149 18 76 66 111 44 154 77 180 41 155 11 42 1 70 5 133 19 228 24 18 22 136 70 89
86 25 462 27 104 39 35 1 115 5 224 70 154 14 39 26 160 31 177 40 22 38 146 74 236 45 231 32 94 37 55 42 115 11 40 57 146 34 76 79 216 58 178 16 166 77 17 7 86 41 91 24 184
87 25 462 25 212 31 137 27 100 67 77 10 83 4 153 40 76 41 225 13 98 72 129 66 248 51 113 43 55 20 127 1 15 78 181 63 16 50 129 11 63 48 25 2 94 45 148 34 129 68 41 15 171
88 25 433 60 163 64 145 44 202 57 58 79 17 70 157 8 40 51 169 18 193 17 63 20 24 21 133 42 210 56 129 6 196 30 21 27 174 12 153 1 113 9 143 49 66 19 234 28 88 41 18 38 223
89 25 491 32 141 52 27 70 150 35 192 39 95 18 202 9 160 65 31 60 177 51 97 50 121 13 197 8 211 73 108 48 50 31 190 64 108 1 115 24 2 63 128 47 148 30 51 69 180 19 110 11 217
90 25 514 49 182 39 199 3 114 68 34 78 191 27 222 31 248 58 170 47 250 40 68 28 231 7 180 43 146 22 37 37 111 70 57 23 25 55 218 24 7 5 76 79 102 45 199 38 95 48 37 64 230
91 25 540 33 133 64 100 20 57 56 109 69 244 21 28 31 154 5 117 28 123 25 83 52 178 60 148 59 184 47 180 49 62 68 93 76 202 40 219 24 48 67 54 1 110 16 246 75 64 58 14 36 76
92 25 476 53 176 7 188 24 230 40 241 13 9 41 156 16 80 55 211 6 34 22 27 61 17 19 214 63 202 35 4 15 10 39 104 27 194 66 184 65 245 62 102 36 63 43 41 74 222 57 94 14 135
93 25 536 35 230 28 201 39 66 54 186 68 223 15 204 67 141 76 121 63 183 71 124 48 232 77 69 3 43 24 106 29 248 56 198 6 84 32 213 25 239 58 239 33 204 30 120 14 47 42 108 79 177
94 25 437 35 140 5 145 53 48 38 40 6 155 67 94 25 5 7 58 79 121 58 106 21 192 20 192 65 91 15 93 9 143 39 241 28 64 37 73 34 224 10 43 77 95 73 217 27 90 3 28 44 234
95 25 542 1 46 38 161 30 162 20 155 33 2 32 246 76 200 29 25 9 33 4 32 61 38 66 148 75 166 10 234 79 203 74 94 52 67 46 78 78 79 15 65 64 214 44 238 68 59 54 206 27 61
96 25 485 57 10 71 229 45 156 43 231 63 240 40 224 69 238 28 123 13 208 7 143 34 215 75 112 11 123 67 107 24 27 58 1 12 142 21 45 8 189 68 163 3 12 41 154 78 77 19 201 15 85
97 25 540 63 150 31 92 43 29 59 133 50 22 36 106 24 208 54 187 23 206 41 196 69 223 66 49 20 176 34 10 62 103 48 142 73 220 22 226 65 59 29 244 4 22 58 79 64 210 16 115 26 144
98 25 505 53 15 19 94 39 154 66 73 71 99 46 62 10 151 69 111 32 92 14 3 74 214 44 119 7 143 56 241 59 101 54 181 26 184 35 216 47 232 68 77 40 213 9 132 36 237 12 197 25 51
99 25 501 74 200 14 172 6 228 57 168 67 209 63 107 34 87 51 141 53 214 69 102 2 27 8 78 58 6 77 4 29 162 55 131 49 148 72 53 4 75 7 68 12 246 35 95 18 106 23 48 65 240
100 25 403 35 143 66 63 19 57 41 31 58 134 77 135 24 30 71 224 38 128 37 170 13 3 26 213 10 89 40 96 39 25 9 145 17 235 28 116 8 238 22 2 11 23 45 47 43 42 12 17 18 129
101 25 583 39 99 37 90 5 249 55 35 53 35 51 50 63 15 67 90 75 94 13 88 17 106 12 213 60 146 23 162 66 91 70 235 19 31 68 185 72 220 45 81 54 211 49 34 57 235 26 237 71 73
102 25 550 20 215 22 235 13 234 26 51 7 35 27 86 65 167 73 152 53 24 33 29 47 166 79 245 51 138 21 167 64 83 71 65 45 50 52 50 55 12 46 82 28 61 38 166 75 199 58 31 31 26
103 25 561 57 189 56 83 39 105 44 7 30 246 58 145 45 62 14 208 13 240 1 189 41 70 61 221 65 6 74 138 12 211 26 232 70 181 75 227 22 171 66 6 77 89 19 226 51 189 76 239 31 115
104 25 454 42 183 71 49 74 136 66 145 43 228 11 172 57 203 37 25 25 119 2 70 17 140 1 112 7 31 53 123 32 56 35 122 59 60 15 155 77 93 10 232 9 157 56 57 28 217 13 98 69 156
105 25 451 30 99 14 22 32 138 36 129 12 217 27 223 41 127 46 224 75 138 3 136 58 159 33 86 57 250 50 66 10 35 69 198 28 212 15 173 20 248 2 226 70 117 38 198 34 191 63 4 40 181
106 25 389 14 123 67 172 68 89 23 33 25 151 2 74 17 99 33 16 20 130 16 58 19 35 73 139 49 176 34 79 9 137 1 77 46 74 58 142 31 40 15 4 28 63 29 73 4 140 43 89 55 86
107 25 441 29 183 31 12 39 250 63 45 79 88 18 228 8 149 78 217 76 123 46 130 21 199 16 23 38 148 43 154 13 41 19 244 5 51 34 6 64 211 47 53 1 24 10 210 45 149 27 240 32 52
108 25 533 51 154 42 206 18 62 44 240 27 86 3 5 39 56 37 144 61 57 52 73 36 205 78 60 55 76 71 226 73 232 41 31 59 244 54 101 15 104 63 120 20 116 72 108 8 65 16 15 31 95
109 25 519 26 75 21 178 43 150 40 236 12 180 46 178 55 196 38 236 60 154 51 2 16 140 30 117 47 97 53 44 63 5 58 138 78 65 34 59 69 243 66 170 22 212 9 93 24 39 75 241 2 171
110 25 526 74 247 21 213 28 218 7 113 19 194 33 121 51 48 62 53 71 2 1 204 25 42 50 108 11 213 77 199 36 58 61 156 13 185 41 241 57 79 54 181 59 44 17 191 49 144 63 70 73 120
111 25 522 23 107 26 43 4 96 33 184 41 144 28 38 16 240 46 126 7 28 60 197 71 128 17 217 76 133 59 78 30 134 66 112 69 231 5 84 51 202 62 158 11 217 74 240 78 100 35 139 57 71
112 25 484 49 98 36 224 1 75 27 139 29 242 79 182 66 25 73 75 9 201 55 156 24 76 58 36 54 200 20 22 68 3 30 76 15 238 34 93 38 112 37 44 21 213 18 76 59 128 5 114 63 41
113 25 509 72 139 34 61 20 47 38 72 76 215 52 192 25 215 35 32 19 72 50 74 43 182 61 250 53 49 27 229 9 121 6 38 29 192 67 212 79 142 41 48 62 175 39 40 16 151 10 82 55 21
114 25 527 66 206 7 75 18 228 47 95 56 193 42 86 24 58 10 83 61 46 63 98 9 29 46 96 69 160 2 67 78 60 12 137 4 32 25 161 64 68 79 210 77 100 62 28 76 227 36 107 21 163
115 25 541 47 213 60 101 59 20 20 50 46 145 50 121 28 226 43 2 75 83 51 121 64 104 41 219 25 134 8 72 16 80 72 124 29 183 15 106 58 206 73 210 49 137 45 121 34 109 68 44 7 141
116 25 443 41 122 7 129 23 222 20 216 48 10 8 74 57 178 62 44 54 105 24 221 49 164 50 177 60 40 64 135 17 25 16 98 73 46 22 76 35 107 13 216 26 199 42 33 40 77 31 60 5 180
117 25 523 66 126 76 65 16 91 51 142 77 116 31 219 1 232 35 117 70 169 4 45 57 115 9 8 71 195 61 122 17 177 53 34 55 110 30 172 10 250 5 167 75 128 38 179 37 27 60 30 41 66
118 25 471 37 101 4 39 57 56 73 84 58 90 3 87 11 223 7 27 51 54 33 125 41 220 26 129 16 105 69 168 72 155 8 197 35 165 42 205 9 188 70 9 47 243 25 140 63 18 6 151 79 222
119 25 533 60 247 78 246 47 237 8 13 77 66 58 123 44 243 37 83 71 235 57 96 76 243 4 151 6 184 65 180 1 187 43 190 39 107 51 26 21 243 72 54 14 219 62 191 54 177 9 77 13 34
120 25 592 2 66 61 39 58 36 51 136 60 150 36 38 66 44 20 134 75 117 39 228 55 103 79 189 69 207 74 55 29 239 37 209 48 44 49 73 34 170 71 93 4 233 17 175 56 111 64 167 31 22
121 25 454 55 12 8 28 28 148 39 74 18 56 37 126 41 70 75 193 25 72 47 231 38 65 17 209 22 118 32 128 50 75 54 73 5 112 24 82 63 112 49 32 27 219 73 32 23 217 43 210 15 185
122 25 399 78 231 32 88 34 59 30 23 20 114 7 193 28 34 54 151 39 135 10 121 48 34 14 222 51 208 62 167 23 61 8 43 24 39 16 113 15 172 67 124 1 191 17 141 49 31 29 220 43 7
123 25 393 50 105 77 243 14 209 73 123 24 52 25 239 21 230 35 3 60 218 13 152 15 235 22 247 64 213 20 103 57 109 12 24 5 54 67 235 18 121 30 112 37 218 8 221 31 217 6 32 3 50
124 25 565 25 180 55 237 51 18 64 139 61 77 15 87 69 44 35 230 57 81 77 208 19 117 37 20 47 174 17 131 76 236 75 137 31 142 78 20 8 200 53 73 66 49 43 182 13 53 18 175 41 248
125 25 606 54 217 4 95 56 127 33 196 25 118 20 221 70 93 21 139 8 191 73 72 66 161 59 5 77 180 61 194 55 217 79 201 12 228 69 62 62 179 24 12 74 92 49 142 43 89 44 89 75 28
126 25 481 5 234 40 189 21 14 37 124 28 47 77 43 10 130 38 181 62 214 36 195 39 42 24 90 75 222 60 116 8 216 29 119 64 161 45 23 49 143 6 238 54 55 20 126 56 70 46 69 33 158
127 25 525 65 174 49 13 55 154 62 51 12 56 17 108 10 3 31 101 45 8 20 18 63 210 5 182 15 65 79 9 70 145 27 124 25 131 78 48 29 125 76 218 7 118 48 123 46 8 60 217 57 221
128 25 539 73 51 52 7 21 80 66 165 8 241 16 30 5 228 67 65 33 220 24 139 77 153 41 64 10 3 53 228 69 176 60 141 57 39 63 179 26 30 46 147 43 104 6 79 38 48 75 77 49 189
129 25 514 12 119 33 5 78 31 70 230 63 28 18 138 36 25 27 214 23 250 28 248 25 116 59 113 5 41 54 234 79 5 64 22 49 151 4 40 19 170 39 166 7 126 42 190 50 226 77 223 68 5
130 25 478 2 32 30 216 12 123 11 153 19 4 26 90 55 31 9 136 79 150 67 76 52 9 58 111 54 61 50 207 44 250 10 23 27 118 16 77 71 113 77 143 57 115 4 46 49 24 14 138 64 174
131 25 512 13 104 35 31 12 28 22 244 9 77 6 164 77 38 66 94 57 20 20 131 73 138 11 54 24 43 76 69 45 160 44 148 43 223 59 236 15 227 74 226 67 52 52 204 38 198 26 237 60 148
132 25 539 16 160 43 239 45 95 56 225 72 55 29 48 73 137 33 119 26 49 4 109 78 142 1 97 31 6 75 120 11 131 38 1 27 152 46 12 55 201 63 73 70 27 42 234 77 27 32 193 35 9
133 25 495 62 129 29 138 69 46 42 41 4 171 74 208 53 82 71 177 44 205 30 233 12 61 6 80 9 100 72 175 18 63 33 148 20 224 3 124 34 207 64 53 43 243 75 224 45 43 77 120 2 191
134 25 472 13 204 18 32 32 107 76 169 24 218 11 213 20 194 55 245 19 101 1 95 15 195 57 121 28 104 56 223 47 66 67 10 54 160 60 65 64 246 65 244 8 6 10 215 52 44 21 247 71 41
135 25 509 26 234 73 142 18 9 37 186 61 30 25 226 22 12 49 57 74 116 13 235 30 2 15 246 35 228 56 151 36 19 60 102 51 116 17 93 58 234 48 59 7 242 42 184 24 246 71 1 70 129
136 25 473 74 219 66 22 4 48 31 115 49 148 34 11 7 89 5 83 78 123 56 211 17 169 19 172 37 90 77 99 24 222 8 50 25 81 27 117 12 128 43 240 68 30 42 99 10 119 58 83 75 217
137 25 451 39 204 38 182 77 235 23 122 7 180 60 65 36 226 29 25 59 58 44 230 4 191 3 182 20 43 57 239 65 45 52 122 1 208 51 44 56 90 33 143 68 221 21 114 11 18 8 150 41 90
138 25 523 22 135 39 26 67 3 3 149 71 117 37 241 74 138 44 152 28 44 58 248 14 32 38 123 29 169 76 168 31 62 16 200 56 180 19 98 66 157 68 240 13 225 11 36 62 248 51 173 53 1
139 25 515 36 88 30 236 79 239 34 200 74 93 28 94 13 225 69 180 65 35 12 49 5 229 51 135 19 215 22 132 68 87 71 87 75 72 41 221 64 157 53 86 57 24 3 116 11 208 16 103 35 67
140 25 477 55 48 4 33 21 207 8 146 14 118 10 61 52 186 45 106 33 71 11 134 56 198 16 53 74 148 48 60 22 209 68 170 61 71 27 178 54 185 57 44 18 244 51 175 36 103 35 102 78 205
141 25 485 57 102 38 45 59 9 1 140 37 208 4 144 68 146 64 194 15 49 60 234 43 49 27 125 5 195 67 82 8 175 36 44 76 235 20 225 73 50 54 209 9 102 7 76 52 103 46 160 44 62
142 25 524 14 89 38 113 72 5 17 57 61 62 51 192 66 33 4 2 71 203 32 194 40 213 64 212 21 139 27 42 43 210 68 93 8 40 34 174 36 22 79 62 16 127 56 109 78 61 23 203 30 46
143 25 520 36 83 8 15 21 71 29 191 48 111 30 139 24 33 6 245 17 55 64 181 23 82 60 242 74 172 46 44 33 126 68 39 79 219 47 1 37 110 67 242 34 124 78 202 28 245 65 210 19 108
144 25 482 11 190 43 245 64 250 28 234 73 15 3 202 10 223 31 36 24 179 58 178 7 231 52 212 4 12 45 114 44 68 59 67 5 152 71 12 37 154 68 23 19 161 40 242 49 21 56 2 63 69
145 25 425 9 116 32 225 31 235 12 41 53 211 77 157 33 48 63 158 34 183 60 192 52 183 23 230 16 174 27 57 48 155 37 215 41 147 5 187 36 97 4 84 28 9 74 10 10 237 3 185 42 149
146 25 442 53 111 66 111 25 242 1 221 4 137 30 91 3 233 34 105 32 194 51 113 13 57 79 214 8 7 78 74 48 26 36 128 43 128 64 24 29 126 20 117 35 232 52 219 5 74 61 80 14 75
147 25 482 2 92 23 127 20 249 74 203 28 132 71 97 14 98 30 78 8 181 15 114 42 146 13 21 22 156 51 111 21 206 44 32 50 151 3 49 66 216 58 239 45 153 46 44 75 95 64 9 79 237
148 25 426 26 41 48 139 18 240 41 238 45 124 21 245 76 134 62 201 22 120 8 128 4 224 64 167 78 190 2 148 59 153 28 88 13 235 27 243 34 124 9 47 70 94 17 232 7 49 1 107 72 191
149 25 427 34 141 42 81 29 12 6 226 18 63 8 73 38 151 31 34 20 134 25 85 3 148 11 111 67 134 54 120 66 47 21 108 49 221 56 70 4 40 26 28 17 6 61 218 41 228 72 53 55 114
150 25 517 15 195 53 149 78 152 74 206 2 33 64 62 4 248 58 73 37 21 54 119 67 86 13 246 59 108 62 102 22 166 16 122 35 138 56 132 31 80 6 213 63 165 10 7 27 126 77 114 52 247
151 25 445 28 250 64 232 77 172 79 68 54 211 16 9 34 160 18 129 24 149 69 209 1 143 35 112 13 89 36 172 25 125 31 208 6 17 2 47 5 5 9 22 75 42 21 215 51 74 45 231 73 210
152 25 536 38 124 22 126 52 139 28 13 68 87 61 87 17 23 74 125 54 39 66 76 65 188 29 20 77 245 35 197 62 118 57 121 37 56 8 141 75 111 32 52 7 86 56 103 39 116 1 56 12 160
153 25 477 69 140 30 146 16 174 72 17 41 229 5 14 7 81 61 248 68 145 8 19 47 206 76 189 26 93 34 71 25 250 15 140 45 238 36 167 10 175 74 91 32 21 77 131 31 237 37 96 12 8
154 25 496 11 56 78 124 19 238 65 123 59 169 2 113 68 19 12 75 61 61 9 116 72 137 40 153 17 178 51 225 20 80 45 95 50 128 56 189 64 38 58 22 52 242 1 22 43 206 4 184 36 40
155 25 504 26 78 76 127 42 54 25 154 78 196 64 135 32 83 74 57 63 218 57 150 71 200 24 222 51 218 19 247 1 84 16 189 33 63 27 94 38 221 36 18 53 232 30 17 55 68 11 5 7 134
156 25 496 46 138 51 4 64 104 69 21 14 202 25 60 15 152 43 144 49 150 8 230 21 196 5 81 68 196 57 242 42 69 52 14 54 87 47 113 12 64 73 24 30 44 66 145 37 33 4 68 40 250
157 25 491 35 140 5 241 21 159 52 52 2 65 65 198 14 189 68 145 42 150 60 64 66 175 9 190 33 63 23 233 72 147 28 239 27 142 77 20 19 214 32 152 67 88 47 108 44 189 57 193 17 169
158 25 572 6 191 70 174 64 20 13 232 76 156 78 197 34 183 65 85 73 245 52 69 44 112 22 87 60 106 16 242 12 174 49 125 36 193 30 65 57 1 32 112 61 188 26 153 42 89 68 226 58 31
159 25 522 71 111 20 42 26 225 46 149 14 23 67 198 65 211 34 145 54 118 27 94 3 120 39 174 10 46 62 90 74 82 33 103 79 213 78 179 56 63 17 166 8 171 63 43 28 170 30 141 41 145
160 25 462 32 75 57 197 50 8 75 12 16 53 19 110 10 144 48 219 7 120 13 204 39 101 64 31 66 41 21 167 79 223 1 140 17 30 58 96 27 63 29 84 77 40 25 48 35 212 38 201 22 231
161 25 486 75 222 23 88 45 168 50 85 16 128 77 99 29 104 58 57 31 16 59 112 62 187 11 246 30 102 6 243 4 40 46 116 9 170 66 60 26 71 57 15 49 157 20 148 43 20 53 233 27 120
162 25 569 23 64 56 170 45 159 25 217 13 196 70 26 54 195 33 174 69 143 66 94 74 51 68 247 9 99 61 34 63 56 35 55 79 114 30 15 71 166 4 176 38 199 53 169 42 206 29 54 28 238
163 25 556 77 152 33 36 40 105 4 236 41 148 25 227 48 211 47 43 64 164 43 184 16 101 56 176 62 183 42 89 53 191 45 194 54 112 63 188 75 88 29 203 5 182 44 163 59 76 26 14 61 108
164 25 584 41 78 11 26 43 173 74 45 25 88 38 48 61 192 18 106 46 160 27 62 31 112 36 166 33 151 24 206 13 31 59 131 32 74 73 126 77 177 60 126 76 138 79 225 53 189 72 42 67 25
165 25 463 54 169 12 150 41 102 43 168 56 103 36 136 46 39 30 181 67 148 13 202 63 112 50 73 48 112 22 49 8 175 19 88 26 138 40 79 32 218 44 17 53 220 31 105 57 102 33 190 3 176
166 25 490 77 44 19 27 69 208 1 140 26 178 65 108 29 62 41 207 7 12 38 170 73 234 31 143 42 124 75 1 66 170 67 100 58 153 30 166 5 139 13 234 18 157 11 208 4 164 45 43 70 199
167 25 482 47 210 31 88 4 86 21 107 49 192 27 72 12 184 58 182 26 112 54 54 46 176 37 69 24 184 34 85 65 177 39 230 14 221 40 220 70 162 56 63 69 190 16 166 43 187 20 59 62 95
168 25 574 17 13 31 30 36 225 56 67 11 42 57 202 25 68 54 226 19 37 62 121 2 162 58 198 75 164 55 108 71 120 73 197 48 115 44 109 26 115 20 79 40 188 53 58 67 85 76 98 72 110
169 25 494 77 16 72 176 23 234 34 54 31 190 67 11 22 64 75 234 74 215 18 119 1 166 13 152 29 49 9 100 65 157 21 132 79 115 7 234 38 242 28 249 36 4 52 49 40 5 35 174 43 88
170 25 466 65 181 48 25 69 177 21 227 49 214 75 125 24 167 72 21 27 126 19 87 16 105 5 134 71 121 8 128 7 158 25 122 9 233 32 205 54 66 58 87 31 111 46 234 3 225 59 75 39 156
171 25 473 20 55 71 220 17 118 24 26 44 245 26 239 18 60 22 115 13 201 4 24 64 159 66 133 49 106 59 239 53 238 33 3 8 70 73 157 25 248 11 205 28 14 75 55 77 36 58 162 9 118
172 25 593 40 196 22 150 54 160 78 16 63 121 37 204 13 215 8 90 36 138 56 128 77 159 52 131 67 99 60 60 69 59 50 95 10 81 20 172 39 115 71 103 65 127 73 155 18 68 44 163 64 111
173 25 497 43 72 69 144 12 108 13 54 4 143 75 237 39 157 15 206 45 222 37 126 54 247 46 43 31 191 73 13 66 38 26 173 40 160 18 56 42 82 72 117 2 51 51 7 7 5 44 130 71 13
174 25 483 16 91 44 111 45 68 46 124 35 200 34 74 9 21 65 210 52 241 53 214 24 222 21 28 74 216 59 209 27 111 41 32 36 244 49 195 19 13 79 220 28 182 18 248 39 159 11 1 42 125
175 25 455 66 95 45 5 48 192 56 118 38 226 50 1 61 216 5 19 2 15 23 223 17 110 6 36 57 164 55 18 7 68 44 244 22 220 21 71 51 216 78 130 3 127 70 173 4 226 33 176 49 36
176 25 460 75 214 44 51 40 113 29 77 26 162 60 177 72 160 19 79 58 224 28 50 36 223 25 41 20 219 17 59 9 104 43 199 34 62 54 3 39 177 52 196 1 104 51 154 4 194 11 103 74 127
177 25 498 42 185 68 50 54 196 13 41 70 204 66 84 25 51 16 135 47 29 22 17 48 238 38 221 73 70 53 224 31 206 18 5 75 46 20 45 35 213 58 79 10 75 8 206 7 189 56 178 44 198
178 25 447 38 58 52 222 78 127 51 208 23 135 13 242 31 159 56 110 57 134 11 223 19 49 28 93 29 6 32 248 1 89 55 48 50 69 77 238 71 66 41 38 8 64 18 227 10 30 15 105 30 199
179 25 482 25 20 27 99 56 197 74 137 24 196 38 41 73 87 51 250 57 11 17 249 60 87 2 218 63 33 29 240 78 237 30 215 5 161 8 74 67 144 1 247 58 89 19 89 15 171 16 13 71 92
180 25 439 17 38 6 209 36 44 28 205 12 194 14 97 51 109 43 54 45 128 46 163 4 73 74 209 33 64 10 51 3 55 60 190 39 144 44 40 79 20 38 24 35 55 21 230 26 123 62 220 53 135
181 25 541 48 8 38 228 70 150 24 21 29 84 72 84 67 35 53 46 34 244 3 97 28 237 47 147 36 13 62 49 22 106 23 11 55 130 30 125 51 224 45 71 64 175 69 220 56 122 14 234 42 93
182 25 505 68 250 24 11 38 177 67 230 18 183 71 129 69 91 4 156 23 112 21 166 78 193 26 209 50 120 3 11 25 145 20 156 58 161 55 129 14 204 31 244 54 72 76 138 37 198 41 59 39 104
183 25 451 1 197 53 230 21 98 72 167 42 241 19 151 76 245 9 50 4 4 54 115 39 121 11 238 71 149 63 61 22 165 60 37 6 120 34 87 29 125 7 210 45 80 18 200 26 101 70 84 51 140
184 25 472 56 161 20 129 32 34 11 15 48 150 31 45 22 184 1 10 58 59 71 13 60 8 44 52 34 164 18 55 10 79 66 7 5 135 64 58 26 119 37 75 19 151 68 205 73 57 28 228 43 135
185 25 409 13 186 20 57 34 144 38 124 60 14 6 66 21 170 54 176 10 82 12 160 3 150 14 217 68 80 15 57 53 70 40 80 69 108 5 155 57 248 26 230 16 11 50 187 46 7 78 68 11 87
186 25 590 42 110 23 118 77 132 78 204 10 22 45 239 21 135 68 226 79 164 35 234 26 240 17 225 38 82 74 205 4 42 62 5 66 20 73 179 47 226 58 20 59 120 65 108 15 22 32 211 67 113
187 25 499 7 93 71 240 6 95 41 71 68 244 5 35 23 98 53 11 65 33 20 127 73 2 1 50 47 71 19 47 49 82 75 134 42 195 18 37 12 8 60 56 35 5 55 180 29 37 46 81 78 130
188 25 566 5 104 73 56 33 93 27 207 6 210 57 127 31 118 74 171 35 28 45 30 34 71 61 124 29 218 46 235 75 83 50 89 58 44 12 126 13 157 55 105 43 246 69 18 47 76 78 61 76 80
189 25 462 54 65 67 137 22 133 33 244 42 12 28 193 20 70 31 146 76 96 69 21 57 140 65 184 53 14 24 179 23 177 25 139 35 6 19 102 27 200 6 14 4 146 13 195 51 108 10 101 71 248
190 25 522 79 222 45 142 55 108 37 75 33 15 73 31 44 166 70 127 52 169 23 77 63 208 69 209 50 118 10 201 39 172 1 153 58 151 9 244 43 6 14 97 76 39 12 107 26 75 48 151 15 161
191 25 549 10 136 71 199 56 182 55 97 75 88 19 22 50 239 67 144 4 130 30 132 9 104 48 84 8 115 33 181 36 199 41 105 14 73 63 170 70 16 49 139 54 83 78 104 39 121 68 181 51 99
192 25 437 15 170 64 243 45 196 53 142 46 115 29 79 28 3 48 192 32 115 2 192 40 84 9 84 1 33 35 103 13 15 37 134 11 20 47 183 42 192 60 10 70 87 38 130 16 234 73 109 20 149
193 25 543 43 20 1 117 74 145 61 141 58 132 41 48 56 61 69 85 2 38 73 183 47 4 71 236 59 206 54 190 44 206 49 34 40 156 25 57 67 177 36 114 24 118 32 150 10 172 34 178 17 173
194 25 496 78 13 43 125 72 228 14 233 73 249 67 142 65 43 1 191 59 108 15 35 36 38 44 14 39 208 37 237 22 156 38 94 31 116 8 8 32 121 9 218 4 195 60 164 76 80 42 114 27 181
195 25 499 20 112 30 209 19 226 14 60 23 142 55 13 39 224 33 151 45 243 31 142 8 136 73 122 3 83 35 16 38 93 66 49 74 185 57 152 42 51 65 44 58 109 64 41 21 6 36 75 49 33
196 25 558 43 212 76 55 56 250 72 193 42 118 54 45 24 100 79 166 52 111 2 147 58 120 60 71 65 138 67 203 68 161 47 159 46 144 4 165 35 99 36 182 23 86 3 201 53 247 21 216 31 187
197 25 540 63 13 69 49 2 18 51 199 58 238 18 94 13 13 50 47 53 116 59 6 60 166 61 70 67 232 7 139 33 181 64 12 65 29 4 136 38 23 23 151 27 11 32 172 68 132 57 97 39 29
198 25 543 78 120 55 249 46 164 51 178 66 41 79 193 3 78 37 85 62 129 72 130 31 243 71 218 16 80 54 108 45 243 43 34 10 148 7 93 33 118 34 5 8 136 74 16 42 207 47 135 22 216
199 25 428 12 57 24 7 71 206 22 50 55 97 7 47 69 96 42 16 23 107 1 149 8 43 54 29 30 230 5 83 78 57 21 165 52 178 46 192 2 170 20 162 25 2 77 147 10 80 65 240 37 189
200 25 551 23 180 40 34 51 154 38 58 12 209 20 226 71 207 33 42 68 136 8 77 21 76 73 32 65 120 62 241 36 22 79 189 75 8 32 46 47 222 74 169 28 108 48 244 39 41 58 11 2 42
201 25 535 23 41 53 215 51 218 9 31 78 121 75 16 24 163 58 2 55 245 73 32 56 72 48 135 22 98 66 123 60 199 18 36 79 5 14 31 6 46 30 208 35 66 21 230 3 179 65 114 49 195
202 25 499 55 206 34 154 17 12 44 211 5 185 47 231 52 56 72 141 37 247 67 118 79 205 62 153 23 182 77 240 78 143 13 74 54 149 7 140 35 63 6 221 43 8 22 150 64 81 2 198 4 177
203 25 478 22 188 61 115 47 59 34 4 23 99 10 206 7 66 38 181 20 169 78 52 52 55 44 233 30 176 18 221 45 163 69 158 53 39 19 200 6 194 32 76 28 72 70 7 42 175 31 173 77 18
204 25 499 40 158 63 219 9 20 14 127 77 186 78 51 36 217 39 69 38 104 24 27 45 33 21 56 10 134 69 169 46 159 61 229 18 60 34 56 68 249 43 139 6 39 27 147 52 42 55 149 26 20
205 25 543 60 134 1 163 4 99 14 209 49 153 61 88 72 12 71 138 42 210 79 101 38 225 39 81 66 195 44 66 59 227 36 23 30 95 73 231 43 142 5 51 78 113 16 76 33 23 46 168 27 125
206 25 535 61 135 55 89 50 7 68 76 4 130 19 166 12 22 20 45 36 232 62 15 77 91 76 232 13 180 79 12 69 103 75 133 17 213 15 93 30 130 22 70 18 53 31 79 57 109 38 123 67 65
207 25 433 31 10 27 93 18 171 61 192 35 223 60 109 74 201 47 55 12 196 44 139 53 247 42 221 28 36 17 117 9 206 34 41 20 115 6 119 29 179 26 241 37 214 45 89 8 213 50 183 54 27
208 25 523 58 232 76 162 31 53 37 223 22 137 38 77 15 140 10 175 60 237 35 146 55 231 72 133 30 74 62 239 77 137 28 76 9 113 71 17 46 23 54 110 17 60 26 234 51 112 1 18 66 83
209 25 480 70 141 52 55 42 141 3 189 78 239 69 222 17 209 68 144 51 56 67 193 6 43 19 242 25 242 23 249 74 164 59 225 18 43 47 233 33 224 61 241 29 199 35 43 1 192 5 249 8 225
210 25 459 70 134 36 231 38 214 66 81 45 130 51 247 29 235 49 24 35 171 71 205 19 207 9 149 20 192 4 94 40 193 30 179 26 135 21 244 50 166 16 6 67 178 14 95 72 182 39 218 2 189
211 25 442 25 72 37 123 23 246 54 148 31 3 20 110 73 17 76 43 12 147 18 140 43 105 29 6 51 183 70 169 30 243 69 26 27 205 39 239 44 136 9 77 1 93 36 96 33 155 16 245 19 114
212 25 486 2 162 16 243 30 48 46 141 3 152 75 73 72 45 37 127 56 157 45 137 29 249 52 54 25 174 9 250 59 216 64 230 6 162 51 52 35 204 26 157 65 42 15 173 60 153 77 66 18 147
213 25 547 65 132 3 225 34 44 4 51 47 125 23 233 16 73 55 189 9 239 57 165 60 162 50 9 44 138 35 215 33 192 76 182 18 61 62 157 66 144 69 73 58 25 64 76 75 50 53 150 19 106
214 25 546 61 138 1 198 43 196 73 135 39 111 66 144 79 67 55 27 34 120 67 28 20 41 37 156 72 59 46 217 52 37 24 74 48 209 21 77 41 59 25 157 17 200 9 203 28 168 64 220 71 12
215 25 482 25 9 46 60 55 147 68 240 30 31 78 30 44 57 11 133 70 231 29 98 39 226 66 143 15 125 7 67 48 173 45 123 52 49 61 32 1 91 12 160 32 118 58 144 60 9 8 107 4 8
216 25 508 14 115 63 77 2 140 75 248 59 127 3 204 60 223 4 241 5 16 15 124 78 124 12 131 65 52 77 202 32 62 74 217 62 148 56 145 64 69 49 115 52 208 36 190 22 29 17 25 21 61
217 25 483 26 118 24 86 49 175 31 37 12 36 15 179 63 10 2 101 8 198 25 102 61 118 33 149 4 107 79 14 74 128 28 221 72 101 67 52 73 17 10 155 46 113 47 136 71 101 17 67 29 185
218 25 507 66 187 38 94 37 4 59 177 21 200 44 50 23 86 14 37 42 135 39 248 20 114 40 250 60 226 43 218 28 6 30 133 35 153 71 83 75 60 22 223 73 215 9 52 25 198 68 107 32 80
219 25 517 23 206 39 94 53 155 75 127 71 99 8 143 43 149 1 110 55 5 46 136 11 127 58 247 64 240 54 33 5 217 9 124 20 94 47 220 70 105 37 184 28 236 10 67 62 94 68 156 77 152
220 25 487 26 128 68 178 11 22 64 120 35 56 33 24 2 182 55 166 51 100 25 198 47 194 36 49 20 210 48 45 50 36 77 76 23 244 5 184 7 101 53 12 56 117 27 69 34 86 73 191 49 90
221 25 515 66 55 20 125 44 137 46 172 48 223 36 63 77 119 69 177 73 190 24 241 9 2 31 232 8 30 40 219 25 115 23 64 30 138 62 11 63 75 55 11 4 231 18 10 76 10 56 188 27 236
222 25 410 1 236 8 6 25 188 43 82 32 98 31 199 20 81 46 160 38 86 59 221 47 18 13 24 27 128 49 66 66 207 4 74 28 11 61 72 3 231 22 224 73 105 35 155 60 147 6 47 24 4
223 25 533 13 21 27 178 76 196 48 191 67 111 29 232 1 102 47 140 75 181 19 249 63 240 74 61 31 209 2 224 23 65 70 36 79 173 24 241 10 182 12 130 73 160 62 160 50 100 78 187 14 249
224 25 541 22 246 77 2 44 49 58 118 25 167 17 196 14 237 60 149 69 81 61 241 65 210 12 124 72 63 33 190 8 131 41 244 48 74 78 151 7 204 30 125 19 75 79 224 70 229 24 240 49 18
225 25 473 72 182 44 55 54 228 34 242 79 66 7 198 69 135 27 142 1 242 23 176 2 237 29 110 32 78 51 115 68 159 15 221 31 80 25 186 37 120 49 17 35 115 16 175 50 2 38 179 58 128
226 25 453 7 238 13 166 47 79 36 89 68 12 64 214 21 53 11 65 39 46 29 120 20 157 42 244 34 52 22 200 78 217 27 172 25 102 9 53 69 74 40 231 56 176 59 202 26 221 53 172 12 48
227 25 543 8 43 70 209 3 61 28 81 79 59 52 94 72 80 62 61 16 196 68 101 35 109 4 11 49 208 34 172 56 191 77 150 11 147 67 11 47 198 13 72 24 70 61 215 17 128 76 207 58 233
228 25 463 35 234 75 245 21 128 46 196 69 83 24 70 63 132 39 155 68 80 4 1 61 46 17 200 23 203 66 2 27 72 45 131 6 176 3 121 20 165 5 99 38 136 77 201 1 150 36 150 58 221
229 25 465 59 127 25 123 72 247 49 205 53 141 32 8 20 204 51 30 41 87 70 250 34 36 42 70 19 201 17 24 2 174 57 20 1 193 24 41 50 139 14 42 36 111 28 197 61 188 26 240 48 161
230 25 479 11 111 7 63 73 52 24 49 32 106 19 215 47 150 16 188 55 58 40 204 15 12 42 127 69 231 10 86 52 107 76 13 49 105 5 184 26 130 57 87 60 212 4 21 43 236 56 235 71 72
231 25 532 16 233 36 213 9 131 47 177 28 149 18 82 65 31 39 56 4 86 33 235 69 126 45 57 30 92 64 234 73 196 79 217 37 126 51 66 66 167 14 234 77 191 27 93 76 193 41 22 21 18
232 25 551 39 249 57 220 44 1 64 21 71 22 38 207 43 183 74 71 48 149 8 69 66 80 51 228 19 115 20 200 55 137 50 55 56 150 78 108 25 49 17 166 46 131 70 60 21 77 28 247 15 120
233 25 478 58 47 59 168 51 69 7 115 77 47 11 62 18 49 74 199 41 182 6 62 15 217 25 93 27 154 70 151 3 227 62 144 28 142 32 223 8 10 12 159 23 132 61 44 76 56 60 108 52 168
234 25 529 72 165 34 227 44 95 30 82 52 73 67 149 54 40 3 13 10 68 56 60 70 174 5 3 47 234 62 150 68 65 48 3 9 227 24 200 71 160 11 114 59 25 20 92 64 160 6 163 73 10
235 25 464 16 52 51 119 70 154 50 231 3 55 59 155 25 37 8 117 78 249 47 153 28 91 1 149 17 58 30 99 13 151 36 146 41 87 58 77 26 60 42 120 44 149 69 223 55 48 52 81 10 21
236 25 508 63 183 29 57 59 79 68 69 13 98 35 170 51 21 57 97 5 32 10 60 78 33 54 85 26 137 36 148 19 44 47 39 64 4 27 146 12 143 76 224 55 64 40 65 56 4 7 41 30 172
237 25 543 38 45 37 114 70 46 64 65 42 72 69 208 16 161 35 203 4 141 47 203 30 198 55 105 48 136 14 51 3 190 43 111 74 96 62 53 15 247 53 41 72 96 50 238 19 200 56 19 71 200
238 25 503 25 241 78 32 10 12 22 23 28 27 16 12 61 184 15 232 35 172 55 154 24 2 43 123 71 168 38 12 58 79 11 112 40 143 9 212 46 43 44 230 52 56 53 8 37 250 72 153 63 205
239 25 491 45 67 77 147 44 206 78 141 40 104 32 98 4 103 43 18 25 98 7 56 14 159 46 42 18 49 33 3 41 229 31 97 53 136 57 205 60 196 55 87 28 100 61 93 5 190 13 73 73 124
240 25 470 30 135 73 138 71 45 52 131 34 172 57 88 17 83 62 79 1 202 35 69 72 155 12 154 3 228 25 236 32 38 61 24 63 230 8 221 16 13 2 162 51 97 43 129 9 47 33 249 78 189
241 25 520 50 113 32 40 67 149 1 196 69 34 79 201 43 24 10 86 34 227 23 153 31 146 77 249 64 42 29 151 73 200 41 41 11 173 27 54 8 63 3 123 57 99 47 51 78 117 48 86 39 66
242 25 565 43 61 46 207 73 27 58 96 76 96 26 89 32 149 48 196 62 100 19 40 65 192 77 234 60 215 10 45 79 173 45 46 69 58 72 108 5 238 3 100 28 87 75 32 2 106 23 155 34 34
243 25 526 12 63 78 205 55 42 74 167 39 71 47 158 13 5 32 232 79 11 11 145 49 17 77 102 58 234 26 196 10 59 19 222 14 216 72 79 54 50 59 233 57 41 17 118 20 134 21 150 60 192
244 25 510 3 197 78 149 45 187 29 195 60 217 28 226 18 178 61 169 77 43 55 219 1 94 73 28 33 78 79 163 58 207 62 186 24 202 10 170 71 125 9 79 4 6 22 67 16 80 70 48 35 242
245 25 621 29 7 20 39 72 149 36 228 12 213 41 154 75 232 44 221 62 94 54 120 61 197 58 156 76 248 17 74 19 181 79 39 46 199 60 134 56 189 69 91 23 182 73 194 78 165 57 202 26 22
246 25 451 19 242 67 140 44 114 20 164 59 249 55 224 24 22 4 63 42 196 6 69 50 141 65 5 56 6 10 119 17 93 46 48 78 31 57 131 21 197 27 171 8 36 1 232 49 219 43 70 35 32
247 25 578 46 91 49 84 12 248 60 136 25 39 43 47 24 27 62 189 34 104 78 233 9 191 74 222 42 204 77 143 61 240 68 233 39 201 27 218 72 234 10 15 67 100 66 150 40 101 38 84 33 40
248 25 564 69 67 71 22 63 153 42 162 33 147 15 173 59 219 74 82 18 200 36 49 49 165 29 221 14 114 79 122 62 190 16 204 34 159 47 168 65 99 67 49 41 61 23 110 72 195 46 13 5 142
249 25 536 41 36 43 90 69 126 8 63 67 59 38 212 63 216 28 22 31 128 64 247 7 26 29 11 66 123 65 113 22 106 57 157 17 95 73 159 54 68 44 58 74 242 19 156 11 193 24 249 58 163
250 25 404 29 205 25 214 9 21 35 25 17 93 14 232 79 89 26 200 41 79 5 136 10 98 37 205 38 9 7 78 13 177 75 109 3 129 66 179 77 168 23 168 1 145 68 201 6 174 46 154 59 30
251 25 537 14 239 70 242 17 164 38 201 22 58 45 2 55 34 78 5 76 207 53 68 34 222 68 29 75 75 13 220 40 72 43 144 8 207 62 30 50 221 15 184 57 20 33 61 47 32 35 144 26 13
252 25 430 35 93 77 57 12 19 70 15 41 142 28 167 21 116 30 1 57 50 37 230 8 6 13 19 54 86 25 77 20 91 59 36 23 28 4 96 76 174 3 68 7 122 27 89 65 239 45 214 24 184
253 25 483 69 42 17 4 38 193 15 80 74 210 14 13 23 210 60 178 34 227 54 145 3 83 67 173 79 43 70 83 26 183 43 209 50 208 28 94 52 28 9 91 1 91 46 202 13 225 51 219 31 95
254 25 461 51 55 71 75 64 215 24 208 2 109 1 192 10 120 20 103 42 167 34 194 39 226 29 111 78 164 7 8 12 10 52 34 54 24 48 189 27 74 32 59 76 151 47 105 41 25 18 225 43 114
255 25 551 5 145 73 28 72 152 41 91 75 44 66 230 54 195 22 37 1 246 60 1 53 180 58 221 4 209 55 24 49 137 31 174 61 107 32 141 69 138 27 54 77 142 19 178 12 136 39 42 48 238
256 25 480 32 218 61 132 24 44 76 92 2 166 57 164 6 75 25 39 53 84 37 29 31 68 70 91 47 22 5 63 43 142 12 14 7 105 60 32 58 43 35 207 17 91 63 235 56 237 34 39 50 175
257 25 534 79 176 56 104 20 111 68 73 36 219 27 213 33 98 76 120 50 145 8 194 47 101 18 42 39 191 7 227 61 207 69 60 37 171 70 16 77 138 5 176 6 172 14 115 64 126 75 207 26 85
258 25 594 75 244 76 205 45 15 11 232 9 33 51 5 22 132 65 108 77 186 63 229 23 108 55 188 49 246 40 25 20 243 27 44 67 111 14 20 66 204 74 98 58 175 69 44 72 138 7 218 54 74
259 25 479 22 144 49 103 69 158 17 31 13 209 67 46 58 89 62 17 56 5 23 83 37 164 38 81 33 87 43 120 53 186 20 235 26 140 44 58 72 24 4 39 11 125 40 110 55 162 19 210 28 16
260 25 448 30 110 45 188 11 99 20 65 76 39 42 61 18 115 71 171 70 154 33 28 19 2 25 15 2 153 6 241 51 218 72 77 35 134 5 64 48 60 41 222 62 65 23 55 68 114 7 162 17 136
261 25 551 29 161 3 89 13 30 32 109 25 25 63 100 65 194 74 25 66 38 22 209 62 98 46 55 26 233 67 48 64 249 37 36 49 168 21 128 42 53 56 209 78 223 51 181 59 48 17 93 35 171
262 25 565 70 103 20 236 36 68 52 213 37 240 60 87 79 83 45 231 8 28 16 196 15 158 43 237 58 183 26 26 17 150 78 138 64 118 53 179 65 196 23 43 28 225 61 6 77 126 66 146 33 193
263 25 533 57 32 27 175 2 19 50 247 15 61 25 33 44 14 62 50 33 186 63 240 70 73 37 69 68 185 54 100 7 9 38 91 65 212 32 114 10 110 43 56 6 69 59 39 69 203 55 63 76 135
264 25 496 10 54 65 74 20 136 23 128 4 223 42 237 36 187 45 47 74 101 40 240 41 40 18 241 12 104 15 137 60 27 76 202 64 93 68 167 63 36 21 179 50 41 30 150 55 174 13 159 48 188
265 25 568 49 125 30 154 68 75 17 173 33 15 27 127 37 134 74 220 43 105 70 82 69 191 51 123 76 86 31 128 57 69 25 56 35 142 3 173 67 187 5 193 45 149 19 124 53 215 75 246 78 79
266 25 521 75 243 4 236 62 44 8 139 65 122 76 141 78 63 22 94 61 46 9 107 36 147 31 108 71 67 74 46 54 182 50 87 17 87 28 92 34 48 18 228 14 48 13 223 72 226 27 62 43 57
267 25 567 61 169 45 1 38 165 67 231 10 161 44 62 39 62 18 6 72 56 63 129 49 63 53 121 74 48 69 188 7 208 78 1 20 68 6 228 50 227 30 164 68 77 48 198 22 41 73 97 31 3
268 25 483 39 93 35 182 40 116 61 161 62 178 21 63 9 168 70 67 57 158 76 82 78 246 31 187 53 92 67 47 8 247 69 198 51 125 30 182 42 92 12 130 4 216 11 147 6 130 2 211 33 187
269 25 507 71 139 69 165 15 175 34 213 5 152 65 199 13 186 41 84 10 194 79 33 24 157 50 13 51 75 35 249 58 153 39 62 30 5 37 184 59 18 29 130 32 124 6 3 33 2 76 123 54 161
270 25 478 29 156 45 90 26 99 64 115 8 109 35 11 28 200 48 161 68 247 19 9 25 30 56 77 54 187 34 116 23 14 16 228 78 195 79 143 51 86 11 106 49 80 15 76 61 184 31 45 4 15
271 25 459 64 209 14 68 28 47 25 172 3 31 31 52 38 195 50 208 13 63 2 219 53 134 12 26 45 196 42 191 22 110 16 189 79 135 32 47 75 232 19 240 34 236 39 98 76 139 48 50 59 177
272 25 488 9 67 78 241 38 40 27 126 73 200 32 111 45 63 10 228 31 151 13 76 1 210 76 99 12 67 21 213 64 171 71 173 28 212 49 45 62 201 44 245 40 57 11 128 53 240 47 194 42 152
273 25 396 1 150 55 28 22 159 43 42 19 147 24 208 21 43 72 22 65 98 46 8 59 174 28 78 13 102 30 100 5 221 23 6 40 49 10 7 33 39 58 113 6 28 20 103 15 59 9 14 76 51
274 25 490 25 55 32 160 47 206 67 246 35 151 50 64 29 175 23 13 4 170 66 146 33 213 45 242 58 59 2 148 78 198 54 52 10 173 27 168 61 68 60 176 26 134 31 88 62 65 14 130 41 86
275 25 539 39 30 67 46 23 126 45 93 22 146 44 94 71 113 57 80 14 43 77 58 15 197 36 246 73 202 10 242 27 242 18 241 64 53 34 231 16 107 61 102 58 245 54 247 20 193 69 175 65 213
276 25 505 24 149 77 40 50 40 15 29 9 247 52 51 60 242 29 218 17 109 38 98 76 73 34 139 62 36 11 112 49 98 53 128 19 8 30 148 61 190 28 107 18 145 42 192 71 193 66 232 20 216
277 25 451 13 113 76 42 28 36 22 86 3 220 43 164 51 122 56 150 79 114 39 195 21 194 38 174 54 220 27 227 15 152 14 38 29 21 49 236 71 210 9 201 64 203 20 217 11 216 5 122 65 89
278 25 533 20 227 7 168 2 28 51 11 68 72 30 164 27 170 33 65 12 204 50 174 25 236 72 36 77 9 31 23 79 75 71 222 73 161 13 132 54 162 32 183 58 88 56 223 67 32 40 194 18 91
279 25 519 79 129 59 237 1 211 55 74 70 10 24 181 64 197 33 95 22 176 52 54 29 243 78 233 10 99 34 145 38 77 46 136 75 64 9 226 49 192 40 228 27 175 60 19 37 10 3 36 44 236
280 25 477 60 48 33 166 23 230 71 87 48 156 17 142 30 46 59 56 12 37 66 46 2 56 34 73 41 29 43 136 39 60 20 34 75 209 24 21 27 119 28 104 78 116 15 61 54 116 26 49 29 63
281 25 546 62 242 22 64 72 36 41 240 68 30 64 132 39 89 24 147 38 62 17 165 65 234 1 25 58 158 2 36 57 197 20 170 30 13 61 6 66 31 33 195 26 186 35 244 69 33 53 250 70 70
282 25 533 56 146 73 206 62 142 3 156 8 189 72 229 21 241 61 178 68 133 2 203 47 89 63 207 54 38 43 209 31 51 33 28 35 141 77 182 51 180 20 141 22 243 42 10 5 114 74 116 44 248
283 25 543 29 227 37 44 12 95 67 182 78 144 25 212 16 184 19 113 76 161 17 109 3 199 10 129 54 135 74 45 79 93 75 115 31 246 69 235 72 134 8 230 32 148 43 149 30 200 60 62 70 79
284 25 438 22 163 56 35 9 204 36 68 40 26 46 236 34 46 60 217 31 18 16 199 51 195 12 162 54 133 41 17 61 58 6 16 24 56 33 201 29 232 66 156 59 201 11 141 28 232 10 113 42 170
285 25 531 20 113 73 13 27 203 30 228 46 189 75 123 63 31 74 55 41 184 38 59 79 59 29 141 39 176 34 208 51 6 59 152 52 164 36 45 16 73 11 196 3 139 62 85 32 11 53 12 19 4
286 25 523 54 17 41 80 56 23 67 55 64 8 38 88 44 135 24 72 58 69 43 184 53 57 2 66 8 125 49 238 40 34 13 182 79 88 26 159 17 145 42 129 55 99 7 50 63 197 51 179 52 60
287 25 539 75 90 68 134 73 154 33 88 47 27 27 233 36 133 59 230 57 236 6 156 66 178 30 232 32 160 37 42 34 228 29 197 52 142 78 129 58 52 77 243 61 106 8 239 1 194 18 223 17 210
288 25 435 1 69 29 237 10 35 77 50 33 121 55 24 2 126 34 242 16 247 38 228 47 75 27 118 66 242 23 245 7 200 24 17 40 175 43 81 19 171 70 41 51 226 4 101 72 146 48 108 35 165
289 25 427 25 190 14 104 37 205 66 201 11 17 15 37 48 79 12 68 34 49 39 205 64 95 40 227 36 207 16 166 72 181 22 11 65 217 20 72 31 191 3 109 58 1 10 98 9 164 46 170 62 14
290 25 496 71 100 32 238 45 89 19 147 50 69 62 244 27 92 67 155 64 107 18 22 55 180 24 132 79 139 29 238 10 103 8 101 56 125 36 114 5 112 33 106 38 91 49 115 26 212 21 73 68 90
291 25 515 62 198 39 159 55 220 4 45 71 139 1 138 15 56 11 59 70 206 9 101 74 75 26 67 37 168 22 4 51 211 25 193 79 15 43 65 46 211 57 232 56 71 78 54 49 248 27 3 23 226
292 25 478 70 112 9 5 45 189 29 177 79 214 39 116 10 47 6 58 13 57 43 115 65 50 75 93 3 216 12 160 60 137 17 71 25 75 24 5 66 10 61 241 11 92 47 246 51 139 41 104 55 207
293 25 516 66 87 78 176 5 204 46 174 38 173 8 172 68 119 37 90 21 147 67 245 71 237 35 91 31 88 32 198 16 87 56 113 62 210 26 110 43 85 2 109 1 213 65 20 33 84 52 22 74 110
294 25 515 20 170 41 232 27 182 39 5 40 64 7 132 25 35 1 110 79 124 53 227 14 165 44 73 50 247 16 63 56 59 52 207 68 122 28 86 35 117 75 32 48 157 63 100 13 223 72 26 65 55
295 25 539 70 26 13 175 38 180 9 238 32 233 25 147 39 143 69 13 27 147 35 91 31 152 75 221 36 70 77 52 41 82 66 45 51 235 60 74 72 114 59 41 22 141 7 19 33 217 21 204 71 205
296 25 515 27 117 67 83 48 247 37 224 24 37 70 124 18 134 56 31 34 206 55 226 36 201 5 164 40 198 51 202 77 68 71 211 8 127 7 163 72 116 62 246 15 207 63 18 10 2 76 107 2 12
297 25 471 10 91 68 1 41 160 62 145 66 20 35 249 29 3 75 121 72 194 2 77 71 234 54 192 25 197 39 11 28 220 30 90 70 39 11 124 17 102 5 162 23 151 32 127 18 21 8 183 51 87
298 25 381 12 230 77 161 31 228 20 180 7 230 39 89 75 45 33 205 11 204 37 121 76 83 15 63 22 85 6 152 14 63 10 75 19 75 53 185 26 43 25 212 17 167 66 159 21 122 16 56 34 20
299 25 483 47 31 31 4 72 72 17 97 35 208 11 108 76 97 20 172 4 123 77 66 53 231 10 185 63 101 40 158 46 161 7 76 1 100 50 143 59 58 36 228 54 154 37 245 39 223 70 38 12 234
