0 25 2001 174 23 157 175 196 37 249 62 107 26 125 126 283 185 168 174 169 71 53 106 232 142 202 234 268 159 117 48 315 145 141 241 67 97 317 65 34 215 128 92 40 152 219 74 86 236 147 154 8 201
1 25 2208 211 40 92 213 173 159 73 89 308 190 283 200 130 1 197 196 215 32 310 43 125 1 46 44 274 132 181 172 187 39 222 100 78 65 262 202 124 34 340 133 74 83 104 124 131 199 241 12 35 236
2 25 1914 262 230 81 135 13 114 208 202 252 29 201 81 194 214 182 169 247 173 153 72 46 235 127 21 65 228 311 78 239 97 116 101 29 148 137 243 61 245 114 125 44 196 220 207 227 90 6 149 293 229
3 25 2334 46 79 307 67 246 234 229 223 323 178 190 123 206 138 61 200 248 55 44 14 82 239 209 203 348 186 243 205 86 137 335 232 15 41 50 110 25 128 347 55 174 21 112 61 331 212 188 207 224 19
4 25 2547 45 32 21 94 319 115 348 107 51 82 338 216 273 89 127 249 268 111 247 123 285 167 286 197 299 49 157 188 205 80 8 52 264 29 245 32 88 246 178 77 163 100 217 91 350 85 4 96 309 88
5 25 2289 214 44 186 65 95 143 252 199 174 60 152 37 90 247 319 184 243 58 81 120 237 195 322 3 136 21 139 219 195 28 232 41 63 248 335 157 250 183 31 59 117 100 85 187 33 127 266 246 331 110
6 25 2122 169 85 247 42 122 187 310 66 216 193 8 81 341 192 287 42 77 217 200 113 236 199 47 22 83 75 18 248 22 98 110 91 233 58 132 206 345 243 273 60 37 81 92 227 272 229 220 100 147 219
7 25 1998 112 132 119 160 306 204 134 123 1 8 123 12 148 107 70 81 312 166 125 184 227 211 316 69 340 138 149 159 189 195 80 153 129 100 62 184 3 148 56 106 305 128 67 104 334 38 136 45 153 210
8 25 2123 331 30 222 196 348 163 335 246 174 42 103 176 20 2 139 153 105 88 311 160 44 188 128 197 274 166 82 170 218 43 152 249 167 48 46 79 234 193 202 107 37 154 134 158 56 75 312 162 73 73
9 25 2428 56 12 150 202 285 115 236 57 235 180 258 83 346 57 329 27 41 223 178 247 311 182 33 69 339 57 281 250 118 203 124 223 14 123 327 101 138 164 207 72 345 166 304 143 73 184 119 113 9 196
10 25 2471 11 169 229 193 289 167 301 69 318 69 221 191 43 87 14 21 303 36 297 76 331 212 231 123 284 117 241 148 277 88 209 247 217 153 336 85 4 154 203 174 227 145 68 215 260 189 3 64 26 49
11 25 2479 291 56 312 72 280 148 90 172 245 118 310 5 214 178 110 199 212 13 205 216 138 83 311 205 297 22 101 86 271 51 128 228 162 101 8 161 190 179 58 7 23 217 223 23 279 37 227 46 274 161
12 25 2800 256 131 9 30 327 209 267 47 309 144 127 23 145 134 283 236 264 92 295 204 317 22 128 89 150 215 18 46 340 78 153 20 287 184 247 197 300 145 308 146 223 80 290 6 314 227 72 206 171 77
13 25 1901 11 137 98 138 126 98 204 143 145 94 222 149 265 60 133 63 309 232 60 166 29 182 318 40 260 95 161 17 15 137 177 154 134 217 79 183 122 123 327 217 46 178 32 106 10 96 314 93 205 231
14 25 1929 272 87 175 41 28 36 37 38 53 152 26 131 5 9 147 35 342 221 59 220 187 54 149 118 261 8 14 76 203 220 56 24 308 132 164 135 268 51 324 72 54 49 152 210 158 151 246 101 171 104
15 25 2487 222 57 57 171 27 20 330 92 145 232 211 151 305 71 34 171 301 73 279 224 128 129 26 39 236 76 338 48 337 162 256 245 32 232 314 213 123 109 345 236 111 51 106 244 173 112 247 247 292 120
16 25 2259 24 71 297 114 58 222 347 98 321 233 209 77 330 192 158 93 204 233 51 98 20 163 299 227 107 73 290 53 170 132 274 145 54 171 309 13 94 5 110 115 90 220 93 169 161 202 163 65 286 166
17 25 2075 14 105 328 14 33 86 37 123 40 8 6 14 2 11 336 160 123 29 265 235 295 106 154 37 26 115 241 238 131 126 203 146 333 160 163 168 248 137 258 105 292 23 256 2 8 166 77 188 282 111
18 25 2247 183 139 264 71 30 161 253 162 87 108 258 119 240 217 333 107 16 20 166 20 13 138 175 217 347 42 43 235 275 55 67 213 20 89 228 102 150 181 163 138 190 70 208 79 188 240 337 155 261 153
19 25 2304 274 76 142 51 194 189 92 236 23 19 342 191 133 111 129 161 212 130 293 77 117 82 246 226 12 136 118 48 240 30 302 66 255 194 216 248 34 59 135 8 79 226 250 12 289 78 222 150 260 216
20 25 2543 326 178 249 224 304 160 61 221 257 102 250 9 67 207 104 134 206 37 345 141 146 223 268 195 284 156 224 7 6 183 74 133 311 222 308 116 231 168 136 88 272 187 148 140 295 1 26 51 189 170
21 25 2400 141 136 244 158 180 228 66 203 286 73 186 160 5 98 331 15 13 114 284 150 303 155 288 102 345 183 152 22 33 92 191 25 277 184 32 158 63 97 310 99 319 97 160 226 46 92 240 110 305 23
22 25 2263 159 109 180 49 310 176 131 163 147 65 206 239 289 82 222 122 39 37 21 201 237 91 249 96 68 195 139 9 154 96 84 165 304 163 165 164 238 45 328 136 61 34 324 49 117 147 272 58 83 92
23 25 2021 108 169 235 156 14 202 102 53 61 6 200 94 172 203 208 86 218 47 82 146 142 31 55 92 297 53 15 54 286 159 163 154 343 171 70 246 72 174 156 229 223 151 300 125 308 187 45 156 168 192
24 25 2148 87 211 222 243 204 70 146 119 224 133 327 138 136 71 158 55 216 180 228 124 160 2 274 10 277 134 348 173 39 68 164 228 230 187 22 34 156 117 104 231 201 132 19 137 2 28 343 17 9 123
25 25 1949 40 69 274 16 80 102 149 227 124 39 44 239 266 26 275 88 159 33 256 164 215 157 295 233 245 246 13 187 162 171 259 4 189 35 119 168 138 167 147 114 57 142 152 73 67 129 62 225 111 169
26 25 2320 90 25 27 34 10 71 329 74 310 143 194 168 296 85 4 164 102 42 132 248 205 238 240 108 312 56 36 173 333 248 294 224 75 120 258 86 241 138 59 50 330 152 219 27 238 225 140 90 166 223
27 25 1904 39 22 63 180 329 224 36 217 199 220 114 192 43 190 111 52 225 103 140 183 2 219 337 73 196 24 47 37 15 62 12 154 185 174 133 63 249 170 131 247 291 95 238 36 234 101 261 203 178 195
28 25 1901 107 199 331 29 294 7 175 82 173 238 45 78 22 218 313 86 17 182 117 213 25 163 153 162 198 205 108 157 178 153 163 28 235 243 21 243 267 154 216 54 99 143 277 18 205 163 34 189 29 49
29 25 2267 115 41 253 226 38 107 227 148 215 6 50 80 283 184 272 105 327 241 159 94 94 59 236 223 76 141 85 162 181 115 12 245 105 214 172 94 72 248 241 138 254 142 267 36 178 141 291 206 331 1
30 25 1765 299 26 111 34 48 88 76 132 249 58 46 162 2 2 127 123 198 223 288 36 276 182 4 113 9 244 5 64 324 105 262 150 15 247 247 205 125 131 53 182 28 217 336 230 43 60 27 193 332 216
31 25 2154 130 109 297 35 322 5 279 76 268 4 33 31 253 149 228 152 3 152 132 158 335 111 124 20 290 168 280 118 10 111 36 41 320 184 226 43 89 206 220 108 9 2 139 112 101 18 15 3 169 248
32 25 2504 310 103 258 135 275 50 203 54 269 14 114 204 107 235 88 232 129 178 89 99 287 247 250 127 160 250 44 74 255 164 273 116 319 133 251 93 332 155 96 200 268 161 6 74 246 245 157 126 222 195
33 25 2513 174 160 144 74 187 3 225 180 279 131 244 203 297 212 335 247 104 16 253 51 18 170 11 175 346 208 69 104 234 192 199 57 51 194 282 239 96 9 269 226 239 114 179 135 327 13 183 82 281 235
34 25 1845 232 50 57 194 274 102 102 244 5 235 235 105 193 137 148 227 278 96 196 71 123 111 49 110 89 114 292 220 96 179 3 145 46 118 88 47 63 92 283 249 249 128 185 96 204 112 91 88 109 114
35 25 1822 12 71 314 171 309 77 215 30 72 43 82 168 277 128 185 216 274 99 257 159 147 105 286 84 3 139 47 95 28 156 8 139 178 172 160 139 100 26 18 124 218 150 41 146 227 178 111 52 76 19
36 25 2263 310 123 126 245 6 28 185 2 174 164 9 182 205 87 305 214 277 54 341 244 179 158 43 70 153 21 247 15 23 124 233 32 346 8 29 201 287 215 111 129 213 144 201 98 48 77 253 188 223 32
37 25 1901 47 65 103 101 138 199 65 10 274 249 293 170 259 123 72 245 78 207 318 191 200 202 49 151 222 52 40 246 185 136 160 137 86 99 87 100 258 110 248 103 81 206 125 103 153 164 230 111 31 22
38 25 2075 63 34 67 111 34 240 214 123 335 50 310 146 136 95 45 224 346 204 46 56 114 201 231 168 155 194 298 68 127 21 80 60 137 240 146 28 206 70 12 155 330 10 343 24 154 166 172 207 49 167
39 25 2430 13 65 219 145 32 74 140 231 41 68 202 122 180 40 263 75 168 68 344 181 325 175 90 17 301 45 332 222 302 33 338 116 147 106 312 180 31 51 111 23 321 14 144 200 55 107 124 74 326 19
40 25 2133 5 100 44 46 68 244 291 2 267 194 186 204 311 232 109 22 113 192 174 25 164 144 138 210 293 193 166 218 216 193 289 122 45 134 70 214 279 110 115 45 205 100 98 65 83 158 238 196 299 213
41 25 1867 220 165 7 110 24 51 154 41 121 21 283 209 193 229 192 14 43 172 73 157 116 129 259 213 243 41 22 232 338 173 144 58 37 152 169 210 205 172 202 175 142 186 185 186 65 178 199 107 99 173
42 25 2372 65 64 151 223 228 95 116 201 126 203 173 122 112 209 175 130 70 179 251 121 155 95 207 189 330 73 318 229 331 168 53 145 233 54 170 210 200 85 313 178 189 135 199 1 344 173 32 113 204 135
43 25 2214 136 158 279 244 149 8 216 18 238 96 291 92 18 246 211 80 145 247 242 172 26 72 171 97 269 136 300 103 323 207 83 66 257 43 133 25 182 180 112 72 129 169 184 10 14 180 253 187 67 31
44 25 2217 161 154 251 207 25 86 206 77 60 64 262 75 221 154 307 197 235 236 308 59 59 188 27 42 98 242 173 150 81 240 232 141 345 233 147 219 220 102 46 180 117 157 256 87 162 163 335 46 100 142
45 25 1775 6 210 180 183 201 129 26 74 230 56 65 162 346 159 46 42 78 17 295 25 62 33 54 200 194 168 185 91 167 78 47 229 259 229 129 137 104 154 19 162 170 30 7 79 327 149 108 143 245 82
46 25 2389 191 6 64 94 156 159 311 142 99 29 69 45 207 80 25 88 116 231 243 186 292 13 217 100 291 193 248 148 236 95 231 128 250 194 273 157 154 185 150 202 115 119 199 72 223 11 265 55 153 201
47 25 2282 48 217 67 148 109 62 197 158 99 91 188 126 193 33 50 199 86 234 199 188 198 69 338 221 18 212 231 234 317 186 166 4 305 63 113 216 312 70 114 2 60 191 294 192 290 95 230 223 343 69
48 25 1500 22 113 6 93 30 167 223 65 135 110 1 201 214 107 65 128 122 26 197 137 128 208 79 173 50 20 17 179 344 61 297 215 173 54 7 4 120 232 269 5 43 21 256 127 71 35 100 197 32 38
49 25 2264 26 189 168 248 290 87 265 220 330 75 118 246 50 121 153 103 143 136 123 49 28 43 205 236 171 25 270 70 173 103 9 148 344 26 248 185 314 12 105 245 38 222 241 37 245 145 292 137 180 14
50 25 2521 235 209 257 39 94 179 165 66 149 90 70 59 337 163 135 234 148 150 197 2 345 137 275 135 169 131 216 7 212 132 241 220 140 81 116 218 296 81 318 187 277 173 215 63 259 212 112 207 65 208
51 25 2140 95 241 294 72 310 74 189 118 35 70 9 55 59 139 172 77 236 104 196 172 253 122 147 169 136 57 280 248 265 46 307 60 287 1 181 148 74 69 165 11 91 175 317 99 114 88 27 151 41 23
52 25 2271 75 245 146 121 14 32 77 145 331 41 241 187 152 79 187 184 178 113 305 194 323 95 119 39 345 34 76 72 184 66 46 108 12 191 280 75 274 108 120 204 149 12 343 202 140 179 236 19 190 212
53 25 2171 15 84 30 53 63 30 51 149 97 98 108 109 241 188 133 214 195 4 220 45 215 12 247 206 40 234 274 83 275 38 310 117 202 239 232 31 192 82 128 239 189 86 329 126 170 195 223 124 164 67
54 25 2419 88 77 65 196 216 148 121 200 272 58 349 231 277 150 220 108 32 111 41 111 301 229 348 182 257 168 26 229 341 45 280 17 210 225 184 107 248 186 281 155 84 161 85 232 240 116 44 180 229 145
55 25 1813 159 126 228 217 43 155 345 185 45 239 165 213 150 41 196 9 188 31 89 43 166 201 275 50 35 215 168 228 94 96 224 154 271 151 270 116 155 166 1 155 164 213 4 157 11 212 93 2 88 111
56 25 2244 103 13 310 237 329 29 16 74 126 40 80 197 142 51 314 199 217 213 99 121 279 14 226 235 76 240 320 241 168 30 145 182 83 10 70 199 335 46 338 14 44 131 215 7 29 31 121 130 303 149
57 25 2513 345 30 233 20 321 13 191 214 282 71 158 215 12 243 24 33 141 10 230 30 224 23 210 190 81 239 122 202 320 176 250 214 205 85 185 178 49 125 341 130 245 250 44 158 342 169 291 182 180 120
58 25 2039 213 53 245 223 94 227 113 165 328 32 90 130 197 147 116 181 74 14 55 66 295 250 165 88 159 159 8 199 242 137 71 5 42 17 177 135 243 141 152 23 324 93 52 120 291 217 200 164 132 104
59 25 2061 31 76 5 248 215 214 306 224 64 97 210 36 103 3 52 31 340 147 171 243 119 46 335 70 115 176 138 66 91 219 20 22 146 226 271 160 141 26 33 157 224 94 292 29 249 96 209 188 242 82
60 25 2238 180 12 127 116 133 144 43 70 159 84 340 230 57 137 156 179 296 246 4 30 104 29 325 48 157 173 343 218 262 236 349 243 197 27 11 179 320 103 50 129 338 91 108 96 65 24 224 13 129 5
61 25 2560 266 210 281 63 268 106 257 85 217 42 235 162 290 12 272 170 283 76 271 161 114 63 321 61 191 35 85 14 349 15 20 165 324 201 179 92 58 136 128 224 13 237 119 126 60 190 258 36 261 171
62 25 2132 101 123 243 61 14 177 97 129 276 12 51 92 237 153 170 30 210 55 58 135 84 172 272 104 349 81 145 56 166 205 178 218 30 220 279 45 149 25 225 176 288 125 217 77 77 38 256 188 93 15
63 25 2168 23 28 336 194 133 186 76 127 42 242 134 171 309 113 91 89 7 139 216 33 266 205 308 182 281 36 319 137 274 163 103 46 190 41 41 24 26 216 51 69 184 240 118 48 330 208 306 120 173 88
64 25 2452 285 128 295 68 210 133 186 248 206 51 301 3 192 41 343 116 18 58 168 187 267 201 126 236 148 157 143 155 276 218 242 162 47 89 229 206 271 116 256 76 66 56 78 8 198 22 25 65 329 92
65 25 2188 253 195 192 28 80 141 284 123 45 61 142 138 22 138 76 52 245 48 268 250 75 185 157 52 194 104 175 18 21 4 211 123 48 104 103 230 344 38 304 140 199 145 282 105 226 78 303 95 128 229
66 25 1883 79 234 133 175 90 57 292 210 110 153 184 110 6 38 239 102 276 42 143 26 286 74 99 69 179 124 148 183 268 75 111 99 11 43 223 100 2 214 118 196 70 76 84 208 229 59 301 223 86 138
67 25 2031 197 234 56 77 158 204 261 177 280 123 25 40 218 47 39 219 213 151 329 182 49 7 87 240 109 110 327 146 106 10 4 232 119 9 192 248 288 214 172 30 231 171 220 51 83 171 230 214 69 230
68 25 1924 73 50 237 209 41 247 68 167 293 75 328 198 58 99 106 101 46 195 217 219 26 249 239 96 150 171 118 79 337 88 108 59 137 46 177 43 87 45 37 11 124 86 119 22 321 219 187 188 215 36
69 25 2132 126 212 235 99 29 163 168 72 95 154 119 113 282 113 199 178 51 162 201 86 332 123 178 52 91 65 139 130 231 124 256 142 108 156 170 222 342 89 145 86 92 113 198 125 47 52 176 158 254 62
70 25 1952 241 228 141 242 171 57 330 50 37 203 7 128 112 12 149 85 303 37 229 188 180 92 38 4 69 86 57 246 145 13 9 35 40 50 226 160 306 106 160 93 210 66 170 24 280 21 208 32 87 72
71 25 2273 237 30 261 42 250 246 251 45 290 165 106 124 204 105 199 64 12 106 25 154 218 42 326 141 73 246 107 154 238 28 342 67 88 86 318 35 65 124 52 170 297 55 74 247 120 85 153 196 241 72
72 25 2388 288 168 314 162 113 163 268 168 201 145 210 119 334 195 237 70 282 53 143 83 272 41 39 245 188 209 231 242 104 123 313 243 290 126 5 202 40 22 72 90 169 81 311 54 127 249 124 160 101 168
73 25 2615 344 22 309 82 168 246 342 150 287 46 123 151 90 62 128 146 266 17 337 209 138 19 321 193 195 119 54 169 236 147 242 44 230 11 141 222 60 229 317 182 279 8 46 108 104 211 176 173 297 36
74 25 2194 12 65 156 4 11 126 72 216 146 109 262 187 302 191 247 144 164 209 122 132 290 250 140 87 59 145 97 184 117 195 222 128 209 227 183 171 105 6 236 100 299 139 267 40 137 10 253 145 281 37
75 25 2039 337 232 126 223 190 70 220 226 88 214 249 115 75 125 199 245 181 205 133 31 81 169 137 222 305 148 27 250 29 163 338 112 138 210 304 9 131 231 196 147 229 110 71 105 60 67 136 114 99 66
76 25 2230 184 232 34 172 303 190 219 79 339 199 341 28 11 180 238 214 38 68 294 183 14 72 94 36 278 54 5 63 117 105 102 86 113 75 189 153 244 219 43 92 310 221 302 139 210 217 277 229 162 111
77 25 1820 43 185 55 80 63 160 84 25 278 139 205 230 26 69 54 114 173 49 183 118 41 144 340 144 182 249 13 210 227 224 23 21 309 177 303 121 86 236 297 13 176 103 194 52 72 250 65 96 148 99
78 25 2154 63 40 342 152 134 126 52 248 37 81 121 109 303 231 287 155 53 74 291 200 187 116 104 32 119 177 231 36 23 181 34 87 170 228 91 5 305 92 143 24 173 102 327 203 290 131 106 164 323 207
79 25 1947 102 91 10 133 9 139 316 246 161 196 180 247 315 209 289 170 265 133 121 7 256 245 60 234 148 50 55 65 39 161 16 179 122 150 90 10 217 135 222 212 216 121 129 176 241 22 299 199 17 8
80 25 1817 332 66 159 148 172 223 87 134 88 17 207 140 58 117 206 245 140 220 310 110 148 138 219 49 179 211 220 227 209 188 135 193 155 143 40 226 16 76 259 105 95 216 46 202 34 2 48 173 73 158
81 25 2016 33 20 97 53 320 75 115 239 52 126 29 138 118 133 280 157 159 247 85 69 154 29 334 49 132 69 100 130 342 122 339 126 193 137 30 14 161 144 153 12 269 31 1 188 13 31 345 123 179 179
82 25 2050 192 82 59 225 181 242 344 32 323 137 56 111 114 100 197 143 14 60 88 116 173 157 148 174 346 12 256 40 285 184 220 76 218 230 102 248 72 47 129 194 185 136 157 148 36 5 90 99 116 178
83 25 2131 16 89 336 165 264 131 276 169 123 162 54 92 289 71 72 93 318 145 89 199 140 26 36 198 23 171 55 65 271 220 92 186 260 29 250 23 11 128 341 33 141 247 125 230 117 48 272 237 292 62
84 25 2444 287 233 237 222 331 112 195 235 326 115 204 19 203 114 97 104 88 57 231 31 240 122 77 66 253 195 163 24 33 156 137 69 290 24 93 170 89 154 212 103 310 180 207 175 328 211 114 134 143 44
85 25 1954 125 16 222 242 218 117 56 93 249 111 330 70 251 155 112 122 41 200 78 154 204 189 133 11 63 160 323 228 345 115 322 72 81 193 13 200 59 19 95 60 181 174 129 183 30 90 7 172 241 34
86 25 2314 275 146 272 9 306 186 120 228 113 16 195 36 187 177 79 2 176 139 222 20 48 204 145 76 239 76 217 145 197 9 130 173 155 103 131 162 140 200 342 154 166 38 290 154 64 20 108 128 311 208
87 25 2223 32 107 285 172 233 152 316 31 212 197 154 18 251 236 232 40 336 23 93 3 210 234 106 125 3 163 115 13 240 25 220 223 134 104 144 18 107 61 48 119 157 103 288 157 89 19 248 126 193 93
88 25 2327 178 54 326 33 278 181 345 243 43 235 269 14 307 102 217 203 21 224 163 19 94 122 223 33 113 52 228 38 194 20 165 248 147 50 127 127 244 19 121 80 240 184 39 91 203 91 114 228 255 34
89 25 2298 223 76 206 55 6 169 56 133 108 152 54 223 251 200 172 27 279 117 348 201 299 137 187 39 329 139 231 242 16 185 75 138 161 133 292 216 203 150 200 210 201 203 34 153 254 55 334 24 78 235
90 25 2016 324 64 173 212 95 211 342 236 226 126 63 65 88 97 8 203 149 7 254 208 159 58 142 163 14 148 294 197 21 33 146 37 155 157 231 65 248 118 42 76 82 158 263 178 116 118 176 124 221 134
91 25 2313 35 31 227 47 344 226 190 140 349 213 125 194 149 129 203 29 96 50 48 139 77 80 199 40 157 164 109 183 189 231 68 125 111 144 272 204 271 13 246 219 275 220 215 223 100 217 253 97 318 101
92 25 1748 88 95 80 236 186 186 51 244 218 139 226 137 264 87 182 37 242 103 249 87 21 24 156 187 48 108 103 201 54 21 53 41 267 82 76 202 17 26 197 237 167 122 123 132 210 5 102 209 116 38
93 25 2370 229 91 196 216 291 53 170 241 108 92 293 149 308 76 126 111 44 154 57 180 220 131 5 51 292 11 120 243 319 35 83 99 128 78 264 18 332 136 110 89 277 104 139 35 231 115 95 224 304 154
94 25 2309 339 136 160 191 327 170 10 22 238 146 254 236 325 231 302 94 162 37 105 152 265 10 191 1 340 207 46 14 26 151 69 216 338 178 56 166 147 17 287 86 64 90 71 91 172 74 34 235 291 137
95 25 1824 77 100 27 77 40 83 224 153 110 76 21 225 163 98 132 129 196 248 17 131 213 7 253 55 180 127 41 15 238 181 303 16 30 129 143 21 63 18 325 72 344 195 248 158 44 129 38 41 178 55
96 25 1817 71 90 63 224 245 44 202 87 8 39 67 60 7 148 90 101 119 204 118 193 277 63 240 24 221 133 60 26 29 116 196 71 130 21 267 174 172 153 181 113 69 143 316 182 19 234 138 88 329 114
97 25 1961 201 18 238 223 302 141 282 27 270 150 75 192 129 95 208 202 19 160 285 31 80 177 301 97 60 121 83 197 58 211 63 108 278 50 130 81 190 114 108 61 15 34 202 143 28 9 247 148 70 231
98 25 2210 80 51 209 180 148 70 302 80 69 110 290 31 267 119 232 149 49 223 214 158 134 228 291 137 172 171 348 168 120 17 50 200 18 8 31 67 130 133 196 48 342 37 328 60 107 111 60 57 233 25
99 25 2304 265 218 104 7 305 76 279 102 145 199 18 95 248 37 254 230 153 133 214 100 230 57 86 109 219 244 171 28 301 154 155 117 221 8 23 225 183 152 278 178 98 124 49 184 227 180 239 62 144 238
100 25 1932 93 200 276 202 170 219 74 48 219 27 54 135 150 61 60 76 296 113 75 64 151 148 164 186 76 193 137 188 314 230 340 241 133 9 111 156 256 80 135 211 16 34 72 27 211 17 39 214 243 202
101 25 2218 216 40 165 4 15 10 179 104 97 194 183 186 334 217 245 245 322 102 226 156 63 93 191 84 72 2 302 110 117 94 264 135 285 230 38 201 289 66 54 186 160 238 273 45 154 167 126 121 66 83
102 25 2248 333 11 224 118 332 227 219 193 193 14 156 29 148 188 166 198 126 84 302 213 145 239 38 239 143 204 280 120 124 47 102 108 209 177 175 140 5 145 83 48 58 40 326 155 227 94 255 5 127 58
103 25 2319 269 121 148 106 161 192 160 192 85 91 65 93 49 143 319 241 348 64 275 47 23 214 124 80 343 67 284 47 345 193 217 67 240 73 228 134 134 71 96 218 111 160 12 160 305 183 2 52 296 176
104 25 2229 100 170 239 25 149 33 244 32 331 38 326 148 305 166 20 234 349 203 254 94 172 67 56 36 128 112 118 79 265 65 54 214 136 244 38 85 279 181 168 59 321 44 106 27 161 27 60 211 79 165
105 25 2653 206 103 281 113 190 160 224 59 338 238 323 93 303 208 287 143 194 215 225 112 275 245 155 81 73 67 307 234 77 188 201 182 42 231 345 131 143 18 339 230 158 163 262 222 61 154 18 77 279 79
106 25 2288 1 175 335 133 150 151 292 133 329 29 283 210 322 216 56 4 8 226 144 187 233 206 261 196 79 223 96 49 80 176 200 204 260 132 153 12 323 88 253 220 202 226 185 59 29 244 134 22 168 79
107 25 2168 193 164 110 116 265 205 316 144 283 15 149 94 349 154 156 73 141 99 26 62 100 151 249 111 232 92 94 3 174 214 84 119 177 143 286 241 199 101 131 116 34 25 216 87 82 38 277 80 13 139
108 25 2374 232 216 87 242 97 180 285 51 304 200 34 172 326 228 57 168 227 209 103 107 174 87 131 141 273 214 179 102 344 243 342 27 208 78 218 6 207 4 209 162 104 244 235 131 72 43 99 148 202 53
109 25 1803 304 75 139 237 18 164 52 246 215 95 188 106 223 48 85 240 105 143 196 63 55 49 7 91 331 28 184 181 177 135 234 30 211 224 168 128 37 170 73 3 66 213 60 89 260 96 180 16 39 25
110 25 2475 129 145 125 237 335 58 166 118 138 142 202 221 273 165 347 243 92 183 112 17 238 129 29 99 267 90 45 249 255 35 185 31 200 123 265 107 240 235 244 83 67 106 102 213 346 247 263 162 286 91
111 25 2083 340 235 310 229 231 158 135 65 282 220 45 81 44 211 39 34 147 235 316 237 151 73 90 215 72 235 63 234 46 51 27 35 337 86 265 167 193 152 133 24 323 29 57 166 89 245 101 138 331 167
112 25 2530 224 83 291 65 297 215 200 212 300 195 312 226 82 148 311 48 316 155 349 248 231 171 76 237 139 116 183 239 155 164 107 80 96 98 295 145 212 194 158 213 190 71 289 71 20 101 221 235 6 21
113 25 2318 234 138 342 211 126 232 76 160 170 181 75 227 212 171 156 167 139 199 101 189 46 239 211 115 242 183 201 49 254 136 86 145 346 13 328 171 122 197 103 97 225 65 169 52 120 137 290 121 262 191
114 25 1973 161 157 231 123 173 222 56 175 322 9 60 57 5 155 221 232 277 93 280 232 189 157 146 57 108 217 143 98 89 156 240 99 314 22 72 138 196 129 112 217 237 223 26 141 27 46 24 155 238 3
115 25 2370 286 178 259 33 36 117 300 130 216 40 185 57 89 198 178 212 85 173 240 248 342 226 320 117 168 198 64 191 253 4 143 90 331 204 223 17 22 224 148 89 163 33 295 151 282 74 14 167 99 53
116 25 2413 166 90 180 236 258 199 85 173 339 239 226 184 129 209 137 201 177 160 126 74 348 38 108 142 341 40 215 4 208 63 59 73 204 140 310 163 189 195 36 79 183 11 262 11 269 250 113 45 159 88
117 25 2467 221 8 328 178 249 18 17 216 123 126 30 31 49 236 23 108 298 213 204 233 341 189 244 155 301 64 56 114 211 17 103 181 324 30 210 25 199 177 290 22 252 221 304 102 156 28 262 104 140 67
118 25 2325 86 133 105 181 139 56 247 144 271 57 12 73 339 36 255 48 10 205 226 151 280 223 332 81 331 9 94 134 51 61 321 233 115 104 273 120 150 116 242 108 128 65 46 15 45 176 225 171 328 153
119 25 2224 200 150 36 82 330 96 278 165 346 238 186 30 204 191 52 126 40 220 67 247 97 33 294 213 255 138 238 80 258 65 184 59 16 69 93 246 316 170 12 212 109 99 243 14 239 95 91 30 264 210
120 25 2398 328 12 92 171 324 247 61 213 278 218 227 113 29 194 283 121 191 48 292 53 11 2 201 204 315 42 208 71 263 67 299 76 258 221 1 156 81 113 135 201 41 47 229 184 131 51 275 229 244 27
121 25 2387 191 147 129 144 13 70 93 120 143 107 36 43 184 96 263 184 151 144 348 38 346 240 286 126 274 117 328 250 247 71 278 137 117 156 333 229 228 27 20 134 186 112 19 231 326 55 234 221 2 223
122 25 2108 116 192 58 41 267 126 118 216 324 240 193 61 50 45 339 177 71 89 98 56 161 75 57 139 279 242 59 182 16 25 273 75 117 89 151 235 256 124 176 248 336 134 300 80 222 228 53 110 126 58
123 25 1815 135 238 34 93 178 112 236 87 44 1 213 18 126 129 109 128 15 114 3 41 112 139 74 61 320 47 88 72 106 215 132 192 255 215 35 32 279 72 120 74 323 182 241 250 113 49 327 229 13 229
124 25 2198 271 126 119 146 138 39 242 177 262 199 42 45 191 48 162 175 179 40 296 151 213 170 82 55 121 96 56 147 275 118 228 47 145 196 143 132 236 134 308 150 183 51 23 98 107 249 229 196 146 179
125 25 2546 210 118 212 67 138 60 322 137 86 241 264 32 335 161 224 68 99 210 177 100 242 28 145 116 27 154 266 107 51 163 187 213 230 101 329 20 300 156 295 40 271 28 276 133 52 145 33 211 321 34
126 25 2026 154 250 331 219 127 184 286 185 84 198 172 96 180 172 124 99 33 25 6 179 166 78 306 243 210 59 37 145 71 8 78 224 259 208 244 187 91 181 327 129 343 222 110 216 48 10 198 74 67 178
127 25 2059 42 44 83 84 155 44 321 249 114 80 277 240 190 134 185 227 75 66 198 3 96 142 126 105 157 23 266 106 49 182 283 40 167 123 81 60 145 180 76 106 265 166 341 51 292 217 66 91 69 161
128 25 2043 282 45 167 190 169 184 45 117 215 179 108 191 295 131 222 107 77 153 234 155 310 200 22 200 200 165 266 5 235 128 138 179 197 27 50 30 71 66 97 101 24 39 306 160 53 84 14 138 290 23
129 25 2196 37 11 273 87 227 241 304 133 125 181 220 156 179 246 55 159 118 22 5 18 297 45 215 2 105 19 238 220 309 27 243 95 290 67 33 18 207 86 51 33 319 222 147 218 146 7 237 18 13 107
130 25 1792 16 58 173 170 114 243 307 83 1 235 77 96 26 243 28 244 51 214 196 36 134 217 275 180 36 71 137 23 140 51 79 107 158 1 271 243 332 54 294 219 182 191 94 177 118 39 283 34 62 66
131 25 1825 1 39 148 36 11 136 110 150 36 38 106 44 240 134 266 235 67 169 278 85 203 20 31 29 89 169 107 174 155 69 239 157 109 188 144 169 273 204 70 111 243 175 304 233 108 19 117 175 196 111
132 25 2463 244 167 141 22 255 12 228 28 168 148 119 74 108 56 267 126 31 70 295 193 215 72 48 247 181 68 265 7 109 212 268 202 78 210 275 84 223 155 212 240 304 82 163 112 239 32 287 219 203 32
133 25 2020 13 217 153 210 215 185 128 231 292 88 344 59 40 23 220 114 7 193 70 218 284 24 151 199 85 139 130 121 308 34 54 222 201 208 182 167 143 61 300 84 148 43 94 39 166 113 105 172 207 124
134 25 1872 191 191 197 141 39 31 29 220 104 238 103 7 260 105 317 243 124 209 3 123 344 52 15 239 291 230 45 3 210 218 343 152 65 235 342 247 164 213 250 103 17 109 12 24 175 54 47 235 58 121
135 25 2451 230 112 87 218 102 117 120 148 221 131 317 66 282 183 150 25 330 165 187 31 218 54 239 181 127 165 325 149 144 195 107 81 97 208 49 117 307 20 347 174 81 106 236 155 237 151 342 168 20 47
136 25 2401 308 200 123 73 136 49 273 182 143 53 188 175 151 248 324 217 154 95 166 127 283 196 335 118 50 221 320 93 290 241 189 148 191 113 222 226 11 246 209 5 47 180 244 5 167 249 201 32 78 185
137 25 2033 29 62 102 179 84 24 271 124 14 12 6 124 142 134 187 189 342 243 239 190 324 89 235 28 205 234 330 189 161 14 17 124 168 47 107 43 320 130 8 181 202 214 56 195 299 42 34 90 185 222
138 25 2117 130 58 310 116 288 216 249 119 304 161 135 23 234 4 19 143 296 238 74 55 20 126 118 176 70 216 119 203 158 205 24 39 263 85 254 52 101 105 222 56 317 108 3 111 301 145 8 190 218 63
139 25 1839 110 245 32 135 15 250 105 119 209 10 95 47 274 229 2 175 131 8 298 39 75 156 268 127 168 68 23 126 308 140 90 217 337 221 53 51 172 7 71 80 16 165 128 241 196 30 237 65 266 13
140 25 1631 220 234 189 87 203 11 14 160 253 103 28 239 26 180 41 247 39 13 29 156 230 156 297 127 87 163 4 176 72 188 248 205 77 237 259 189 252 119 143 5 31 180 130 23 168 138 56 25 167 214
141 25 1971 273 43 100 38 198 175 216 219 113 16 325 41 154 234 79 5 104 22 59 151 54 40 130 29 70 249 16 227 76 82 290 250 26 42 337 223 218 5 142 32 270 216 122 123 151 153 279 4 140 155
142 25 2549 231 129 186 59 250 237 126 127 162 9 268 111 134 61 100 207 129 4 300 160 23 67 184 247 18 236 327 121 13 166 243 147 315 54 196 101 174 64 238 44 324 223 154 25 331 232 328 132 344 152
143 25 2209 299 77 200 66 164 77 38 26 94 17 220 240 131 73 181 54 13 44 193 56 319 15 60 94 148 243 323 29 136 125 177 164 126 144 277 52 332 204 198 198 276 237 80 148 76 160 103 239 255 95
144 25 2018 146 225 112 55 20 109 348 143 137 33 269 216 49 94 59 125 148 142 31 97 141 6 185 120 255 161 281 58 151 37 302 146 12 215 183 73 300 27 62 234 47 27 282 193 235 9 192 129 89 138
145 25 1958 19 46 172 41 100 84 321 209 34 208 13 82 121 177 84 205 33 232 61 216 280 189 75 108 303 148 124 193 324 14 44 207 134 53 43 243 315 224 165 43 257 120 342 191 153 204 158 32 242 107
146 25 2106 56 169 214 218 71 213 220 194 105 245 159 101 201 95 55 195 337 121 218 104 163 126 223 57 16 27 160 74 60 4 330 65 124 246 335 244 308 6 190 215 348 65 2 44 21 247 231 41 66 234
147 25 1985 3 142 208 9 7 186 271 30 245 226 312 12 49 57 146 94 66 3 35 80 302 185 246 155 78 166 151 108 106 19 293 11 10 102 21 116 137 93 348 234 18 59 345 168 67 242 262 184 244 246
148 25 2187 16 97 282 111 101 10 329 4 119 186 72 14 298 181 165 169 248 4 61 247 89 181 5 83 98 123 176 211 157 169 259 172 217 90 234 117 199 114 172 68 250 95 181 97 277 47 317 127 52 128
149 25 2016 23 240 258 30 24 7 52 99 318 60 69 128 333 235 217 69 54 168 32 27 185 83 72 167 280 100 115 46 126 69 75 99 108 184 130 84 291 233 132 10 343 153 239 227 89 205 145 192 322 79
150 25 2576 321 208 61 44 276 90 343 143 38 221 161 114 221 18 48 150 201 90 332 135 199 26 289 87 253 127 117 227 291 74 238 34 152 79 278 44 218 248 154 32 68 123 179 169 226 168 162 118 326 200
151 25 2033 206 180 126 198 229 98 116 157 188 240 94 121 143 225 51 36 142 248 91 173 118 13 101 186 220 236 349 239 314 200 194 93 178 94 23 225 309 180 263 100 125 35 92 49 85 229 191 135 119 215
152 25 2443 252 132 168 87 71 87 225 72 26 88 121 221 332 148 214 157 23 73 36 37 274 12 273 116 11 208 196 103 294 65 267 95 198 134 233 220 107 41 298 146 318 30 161 182 335 106 223 71 231 134
153 25 2873 146 198 346 53 244 148 248 60 265 192 9 98 324 178 270 181 171 67 328 234 185 207 194 218 44 181 125 116 203 155 252 198 205 147 302 98 245 199 259 111 290 217 308 114 344 128 164 194 275 49
154 25 2338 80 234 193 49 327 125 325 195 177 82 98 175 336 44 126 235 40 225 143 50 264 209 110 79 52 237 276 168 232 103 168 114 286 160 314 62 334 89 108 113 222 5 137 57 1 62 91 192 236 33
155 25 2749 344 2 291 203 82 194 241 110 313 174 162 31 189 47 292 153 160 178 243 68 40 114 274 76 122 74 239 62 116 127 246 109 228 38 211 161 283 203 270 46 176 83 178 15 131 71 319 191 348 111
156 25 2473 10 139 324 33 166 245 207 55 108 224 331 103 232 160 142 244 272 74 146 44 319 173 226 148 289 209 219 57 251 68 117 110 242 244 174 88 2 178 245 175 49 108 171 190 203 245 264 250 238 234
157 25 2115 273 15 134 211 73 202 270 223 171 36 34 179 278 178 3 217 181 82 112 8 194 12 265 114 304 68 258 169 267 145 52 91 212 237 4 234 338 23 59 161 110 242 139 39 271 141 56 2 173 69
158 25 2196 209 116 82 225 181 235 42 41 53 211 187 157 253 48 243 158 134 183 330 192 343 192 283 33 80 56 74 87 107 248 255 167 215 87 41 147 173 35 87 76 147 224 284 101 321 78 259 154 10 40
159 25 2071 97 204 281 130 87 63 35 12 99 93 161 156 211 75 142 1 221 164 287 10 341 233 33 174 284 105 252 194 61 113 157 169 314 38 257 128 174 18 26 166 28 33 128 54 124 129 226 40 117 135
160 25 2093 32 202 169 8 285 74 161 80 34 75 112 92 43 127 330 249 154 203 318 132 71 97 314 98 152 40 28 128 281 195 164 162 146 83 221 32 306 131 311 191 56 24 132 50 101 13 199 6 66 18
161 25 1849 189 38 115 153 135 116 194 65 95 224 109 209 237 6 241 8 89 48 290 101 138 195 74 121 245 126 334 145 32 201 212 120 128 124 44 167 38 190 292 148 198 229 3 188 88 143 85 77 93 74
162 25 1987 174 219 247 220 294 32 114 77 232 127 149 71 57 172 244 202 141 184 191 182 31 39 62 86 126 99 78 63 328 73 188 151 291 34 20 134 115 85 163 148 61 111 318 67 84 114 170 176 97 11
163 25 2427 108 229 49 221 114 126 120 144 140 97 316 28 247 6 61 218 291 228 2 53 125 114 215 195 133 149 258 152 324 206 312 33 84 62 204 248 138 73 343 227 221 208 254 119 213 167 336 203 246 239
164 25 1968 58 222 2 122 66 236 22 75 238 196 82 151 30 66 163 83 165 150 7 157 226 27 114 232 297 178 200 184 247 172 139 68 224 211 286 9 234 160 198 129 294 149 259 209 11 143 75 112 300 233
165 25 2307 139 28 146 172 275 125 71 208 156 17 32 47 35 5 309 22 215 42 181 215 124 215 131 134 225 123 260 38 174 192 276 152 239 48 228 13 218 87 271 87 68 17 173 174 325 44 339 166 5 188
166 25 2834 202 69 320 237 245 245 297 32 18 138 307 121 127 56 198 141 276 235 161 212 302 127 236 226 303 129 216 121 256 72 110 159 240 180 296 236 274 92 317 41 129 25 64 107 331 161 298 58 145 108
167 25 2139 319 49 87 206 126 189 336 93 111 241 164 71 150 155 300 45 140 25 138 156 117 68 332 180 125 214 91 172 171 87 331 141 67 96 212 8 281 56 18 124 238 125 173 89 19 12 13 8 219 132
168 25 1647 25 51 111 249 116 151 22 137 40 153 227 178 221 225 140 80 255 95 100 128 66 189 304 38 128 22 2 242 81 22 223 206 24 184 56 40 336 78 76 127 232 54 105 154 78 196 184 135 142 83
169 25 2226 164 57 223 218 247 150 241 200 94 222 71 218 229 247 101 84 36 189 163 63 217 94 168 221 298 246 283 232 310 17 345 68 239 62 16 141 155 167 134 226 288 101 4 134 154 189 21 144 252 185
170 25 2372 60 45 252 133 44 249 128 230 111 196 125 81 185 238 246 77 192 113 312 69 202 14 274 87 167 113 9 112 264 143 24 210 344 156 206 145 7 33 224 68 279 50 150 165 340 195 291 131 309 52
171 25 2217 102 112 265 225 148 34 189 8 45 2 50 20 264 46 75 19 290 184 253 63 153 233 115 102 247 104 339 86 107 142 187 20 109 214 170 92 202 77 188 6 177 108 19 22 284 189 113 67 343 227
172 25 2120 319 176 191 20 24 44 220 163 182 76 206 118 347 214 183 16 305 85 293 245 292 69 154 112 87 50 56 242 282 174 169 125 96 193 20 65 7 1 92 112 21 188 176 153 254 232 39 148 226 30
173 25 2485 268 31 91 111 70 42 216 225 136 149 300 154 223 147 298 145 161 154 245 54 318 217 294 193 270 149 74 60 346 2 90 113 84 82 273 103 76 40 79 213 238 179 316 63 27 166 307 138 171 203
174 25 2102 43 38 70 136 280 141 136 6 250 181 59 141 195 242 275 117 97 50 208 125 12 196 203 229 160 230 194 168 219 167 270 113 304 39 201 184 281 236 191 231 117 149 123 61 40 47 230 188 46 37
175 25 2109 113 209 334 217 140 45 148 35 212 118 301 82 231 155 272 183 138 105 218 230 185 186 28 57 249 119 4 128 157 51 16 119 152 187 1 246 335 185 110 102 86 243 184 40 116 116 279 170 210 106
176 25 2243 221 187 215 169 257 220 48 213 220 16 133 233 17 120 233 64 106 170 175 159 255 217 243 196 333 60 126 54 195 85 10 16 23 174 336 29 186 94 264 51 78 247 219 99 181 34 304 150 109 213
177 25 2018 56 225 255 103 109 114 180 15 11 166 174 176 338 199 213 169 243 98 212 206 98 139 104 118 138 137 52 143 86 160 294 236 311 148 45 227 178 211 137 43 184 164 283 184 226 101 76 176 33 175
178 25 1842 302 89 93 191 25 194 134 112 303 188 205 88 349 203 84 175 182 244 63 224 79 76 256 14 301 108 291 78 71 26 153 173 64 45 65 88 38 48 151 192 6 131 36 160 67 62 191 112 176 166
179 25 2024 193 151 24 206 3 31 349 131 152 74 333 126 187 177 40 126 66 138 226 59 275 133 189 112 42 57 225 234 19 202 211 102 23 168 256 103 266 136 56 39 220 181 27 148 223 202 313 112 130 73
180 25 2009 338 112 312 49 6 68 125 239 188 126 38 50 229 62 118 84 117 183 220 72 224 191 5 150 139 227 2 103 290 183 26 127 94 39 177 49 308 201 146 178 327 95 108 89 112 191 107 97 262 28
181 25 1462 170 203 84 171 93 62 24 245 51 56 20 127 50 208 153 250 116 205 239 63 134 18 57 91 8 71 284 164 69 145 193 40 149 27 260 91 38 84 236 191 41 107 19 192 17 72 192 184 228 182
182 25 2389 346 112 249 4 54 156 326 187 19 194 334 214 235 234 290 45 327 179 230 114 171 220 70 140 162 136 163 205 40 136 166 153 87 170 59 92 345 97 191 30 176 225 266 67 21 42 197 202 255 68
183 25 1789 124 226 9 37 212 121 241 32 12 228 198 65 164 219 75 108 165 71 120 55 253 197 232 68 54 109 11 56 115 130 229 90 188 115 8 207 285 72 84 134 36 98 302 110 7 16 182 176 273 234
184 25 2253 24 54 251 190 207 11 152 64 225 234 144 215 321 108 169 81 266 203 302 100 188 139 49 39 50 105 57 131 332 79 315 207 284 17 298 242 128 249 56 4 232 49 70 5 109 189 135 174 143 88
185 25 2404 175 181 178 25 119 177 231 227 259 214 305 125 170 140 194 167 332 21 18 187 276 249 37 196 55 95 234 41 321 228 228 97 158 205 322 229 83 102 144 66 162 118 187 1 11 106 334 233 275 22
186 25 2028 59 75 209 156 30 55 241 220 277 118 50 124 226 154 195 106 339 198 160 232 215 23 101 54 324 164 309 7 46 133 129 106 9 239 263 238 293 3 58 70 23 157 245 248 12 141 155 2 88 14
187 25 2355 85 55 87 36 308 162 99 118 320 196 102 150 4 160 38 16 148 33 221 207 154 93 265 248 140 126 288 146 78 77 59 212 281 47 149 90 310 149 259 80 345 160 331 100 272 219 65 171 303 235
188 25 2320 227 56 177 193 305 18 218 144 213 47 220 174 61 203 172 209 144 132 258 203 54 214 193 5 287 213 69 157 315 206 185 222 134 77 176 4 147 19 266 43 241 191 105 43 313 66 138 246 23 240
189 25 2770 260 78 206 52 232 42 267 52 101 181 257 37 255 243 214 130 246 212 313 106 341 204 311 235 218 176 274 165 250 114 174 129 121 125 160 62 191 113 164 24 122 1 128 214 266 9 209 177 261 221
190 25 1804 282 53 76 244 189 195 119 13 9 220 28 182 98 248 259 159 211 1 122 125 276 95 275 5 8 192 16 118 68 226 340 1 131 216 195 19 312 15 233 223 87 110 106 36 57 164 45 18 67 68
191 25 2447 94 244 12 220 151 71 161 216 188 130 243 127 180 173 44 226 144 58 93 176 280 179 286 35 164 244 201 10 213 169 327 106 212 90 277 12 310 189 329 199 268 224 278 50 46 223 75 41 319 217
192 25 2592 209 249 104 196 113 199 246 74 262 164 53 19 327 92 296 41 304 236 271 154 254 194 331 103 340 54 227 232 185 198 300 244 241 10 136 84 165 51 186 135 179 182 17 234 68 238 338 221 33 70
193 25 2083 123 224 223 51 306 160 148 5 55 46 110 45 105 213 80 138 329 130 225 213 8 206 45 77 139 62 266 178 234 198 48 58 122 222 308 127 281 208 133 135 153 242 81 159 56 110 297 134 291 223
194 25 2343 149 49 178 93 277 219 106 142 198 241 139 245 298 10 119 7 138 51 116 221 338 68 314 68 327 120 30 125 205 120 199 155 70 127 346 197 254 137 144 196 128 41 143 87 111 250 311 167 49 150
195 25 2638 187 62 168 63 183 247 39 240 318 237 344 90 65 243 185 161 198 74 307 144 301 247 338 89 59 89 115 171 106 13 271 92 327 38 256 209 86 44 348 205 332 194 44 97 286 231 209 133 204 65
196 25 2487 328 56 113 116 94 73 304 11 144 209 173 64 301 203 255 10 190 200 259 144 332 104 240 30 139 20 38 24 275 55 51 230 269 16 323 142 320 133 35 178 308 198 28 160 50 134 321 89 84 182
197 25 2199 84 17 235 123 46 74 44 183 97 168 87 247 197 56 163 122 49 232 106 183 311 215 180 90 275 131 224 145 71 159 276 154 325 213 279 220 336 122 254 234 92 93 30 38 300 94 61 48 277 117
198 25 2368 80 188 183 211 179 159 91 204 306 13 312 231 116 138 193 146 259 80 320 213 213 11 305 145 150 156 38 161 53 165 284 204 11 244 334 72 236 138 27 198 301 59 115 239 54 111 297 183 280 11
199 25 1925 48 92 17 242 291 72 129 151 276 245 131 159 50 44 4 234 15 189 221 91 238 221 99 203 11 2 115 110 337 246 20 134 189 125 277 210 55 80 338 200 162 96 151 105 200 84 271 140 206 161
200 25 2119 280 129 212 34 341 15 198 150 151 45 272 184 181 10 308 59 171 13 290 8 114 52 4 164 8 55 250 79 46 7 41 25 85 104 58 176 219 107 175 169 251 48 5 133 7 114 294 128 278 33
201 25 2595 335 143 136 90 107 194 144 8 224 190 64 66 316 1 120 124 26 140 232 102 310 233 250 114 167 58 230 10 235 57 343 70 280 159 258 125 305 217 98 196 261 230 237 236 57 178 318 211 137 152
202 25 2192 110 53 68 167 132 128 204 40 322 125 89 101 35 198 126 39 14 75 284 246 340 97 325 28 82 84 205 1 44 42 102 5 46 20 273 179 347 226 120 100 309 120 258 95 175 22 261 17 113 57
203 25 2259 143 141 140 176 345 241 171 238 244 75 335 13 48 213 211 175 183 30 127 193 152 111 200 198 137 71 69 47 289 82 105 134 322 195 209 168 37 232 58 30 306 42 145 5 157 155 130 139 256 81
204 25 1885 288 18 130 235 4 53 256 3 143 137 307 226 210 3 37 127 191 118 34 171 325 28 265 30 71 61 174 209 118 204 296 235 35 83 140 89 38 44 32 126 253 157 135 105 93 63 96 12 99 18
205 25 2490 87 76 84 168 161 106 230 184 315 47 62 133 273 244 272 12 33 218 193 210 120 201 46 26 296 209 271 107 57 140 295 184 173 14 344 179 343 177 245 139 215 6 289 102 347 200 136 14 94 146
206 25 2241 333 195 291 108 90 101 231 248 259 222 45 142 295 108 237 75 303 15 119 43 31 174 16 220 177 212 69 63 27 163 208 159 109 100 318 100 1 200 297 159 122 191 153 68 301 139 244 203 206 14
207 25 1960 147 36 39 12 7 166 325 26 178 151 40 185 161 100 136 131 299 86 82 45 197 205 38 249 222 90 189 117 194 244 80 240 119 104 88 84 278 115 313 181 156 199 241 105 284 73 53 170 55 200
208 25 2048 266 209 289 14 83 228 254 199 271 98 231 110 181 99 15 170 134 243 35 196 23 142 46 115 249 79 38 3 48 192 202 115 302 192 180 84 19 84 185 141 183 65 153 113 215 167 234 150 261 20
209 25 2007 47 183 62 192 150 10 70 87 118 130 66 234 183 109 214 67 330 149 203 20 281 117 24 145 131 141 328 132 101 48 128 186 261 19 335 172 288 23 83 157 204 100 241 236 109 206 54 190 4 206
210 25 2826 309 34 324 183 180 156 325 57 337 177 6 114 214 118 332 150 89 170 322 74 278 27 273 68 13 233 225 18 72 228 124 233 313 249 317 142 155 43 101 191 319 108 255 35 326 38 334 14 109 208
211 25 1760 37 237 84 112 6 98 294 31 116 118 108 191 152 121 289 218 14 195 210 164 36 80 22 42 314 247 281 150 212 240 9 199 76 44 10 233 142 5 113 109 74 123 251 175 93 191 342 208 236 3
212 25 2660 22 123 333 245 316 48 343 196 349 204 285 7 102 12 251 63 45 44 18 109 54 41 331 6 225 196 109 33 133 212 306 55 246 250 322 193 142 118 144 45 304 100 249 166 202 111 312 147 178 120
213 25 2210 250 71 53 155 188 27 253 198 211 237 209 166 194 54 315 65 249 6 32 44 336 143 151 103 347 61 16 143 291 187 93 13 139 49 152 18 78 238 108 94 333 13 10 47 63 116 179 6 170 166
214 25 1899 51 70 20 247 82 187 239 72 273 181 184 12 32 85 279 184 36 58 123 243 105 107 61 52 172 228 232 177 147 149 268 120 325 249 6 164 21 178 346 6 141 129 143 69 163 78 227 85 122 129
215 25 2072 192 130 291 243 51 218 126 80 216 124 208 35 293 133 284 150 198 206 27 93 263 118 174 5 38 136 34 16 72 207 145 13 187 135 157 137 155 82 166 222 207 74 107 151 206 142 50 205 297 127
216 25 1885 47 159 46 222 66 133 7 51 149 31 208 43 143 94 179 150 280 85 33 48 307 140 271 165 342 178 56 192 132 152 270 30 12 15 2 177 160 80 195 240 337 189 183 180 284 11 54 218 8 62
217 25 2155 159 30 26 101 7 133 192 88 36 211 270 48 227 221 276 223 232 155 272 241 10 156 222 229 189 33 135 8 142 46 267 222 124 169 228 108 212 118 194 22 239 41 198 11 318 172 23 41 113 215
218 25 2037 201 218 239 31 8 121 65 16 164 163 184 135 88 2 245 63 232 238 36 72 328 135 98 56 73 220 299 38 136 149 5 124 231 115 46 46 280 10 108 65 244 95 316 160 241 230 143 179 64 58
219 25 2452 99 195 205 206 170 124 154 207 262 154 161 135 335 177 331 82 56 92 341 222 37 87 87 247 227 118 289 205 332 153 313 182 167 240 268 143 43 74 204 149 290 185 163 222 166 221 63 8 142 150
220 25 2169 294 81 246 222 298 184 177 82 338 41 115 137 259 104 4 53 199 180 206 247 266 198 231 230 19 48 52 232 155 244 333 250 26 128 221 225 213 249 8 203 139 23 89 200 126 194 202 76 123 208
221 25 2287 272 40 157 104 222 175 151 173 58 57 268 240 158 193 69 129 220 234 227 177 86 18 326 217 79 69 218 104 144 27 126 185 233 131 6 60 184 229 290 246 109 200 291 229 278 60 214 56 188 249
222 25 1997 123 139 76 39 67 147 159 122 42 135 349 226 270 30 334 181 63 214 154 209 259 153 1 88 132 12 101 138 302 2 210 90 79 101 158 225 309 81 216 195 30 94 66 9 177 246 240 95 78 250
223 25 2156 253 231 103 142 64 214 195 51 15 248 163 106 276 213 65 153 73 146 118 217 125 11 285 235 289 130 307 28 76 84 280 29 316 82 72 80 95 166 332 62 265 94 17 91 106 232 93 180 329 12
224 25 2035 199 103 125 133 287 213 214 195 43 190 230 222 70 148 3 91 179 97 209 60 8 123 304 177 115 61 60 57 343 238 21 91 292 45 323 130 9 188 74 201 277 55 22 196 102 224 289 30 273 247
225 25 2070 90 182 71 95 258 36 207 117 194 99 156 114 191 147 160 115 126 119 303 201 219 179 106 241 27 207 264 115 289 238 263 30 70 183 24 27 168 232 96 162 231 53 223 52 187 88 77 5 140 130
226 25 2292 25 170 137 165 196 45 331 112 83 70 224 162 189 7 87 118 176 119 63 89 151 17 16 23 218 204 210 247 160 101 326 234 321 112 251 18 256 83 280 141 152 55 52 141 313 189 308 239 59 222
227 25 2050 127 209 88 144 231 56 297 193 52 156 43 29 92 165 342 183 149 74 214 139 175 218 143 217 283 83 274 221 141 47 349 199 335 43 31 192 41 223 295 249 118 225 40 134 16 231 18 214 206 81
228 25 2161 255 130 201 247 149 235 129 24 5 171 121 205 69 207 249 149 150 192 174 94 40 193 170 179 176 135 261 244 116 176 206 147 228 104 95 162 182 119 318 102 89 25 122 247 173 73 296 64 348 191
229 25 1913 303 90 10 33 67 96 93 112 297 208 90 153 155 169 206 51 83 40 19 150 243 209 126 167 55 149 189 200 14 136 190 169 77 249 301 93 346 96 7 93 205 196 95 9 214 102 212 46 230 48
230 25 2621 336 141 273 152 345 73 142 45 37 127 307 55 337 209 149 82 254 55 274 209 250 20 269 216 74 230 13 216 162 160 151 52 235 204 96 157 245 42 95 173 30 153 227 66 262 78 347 165 332 173
231 25 2187 75 234 44 44 101 17 275 163 283 36 273 35 339 9 237 165 35 80 112 60 309 64 238 74 225 215 123 192 47 245 266 182 61 232 157 186 94 139 223 68 125 114 126 115 250 93 300 129 56 61
232 25 1839 138 21 198 63 46 163 35 239 111 231 106 144 269 67 125 27 304 120 117 28 340 41 341 217 156 42 59 157 23 16 217 12 87 164 224 84 128 209 322 38 91 77 31 59 45 157 37 200 129 203
233 25 2158 128 168 44 220 34 1 312 45 59 136 160 225 97 198 140 220 331 168 30 204 307 71 333 90 281 229 248 168 329 226 120 156 143 215 25 27 117 238 223 75 273 232 99 121 232 141 141 62 110 222
234 25 2633 118 68 244 250 159 125 278 107 294 8 234 115 163 77 332 140 5 248 279 127 273 204 60 223 174 241 15 16 305 124 88 124 342 131 125 52 307 202 160 102 262 194 267 224 222 148 215 76 345 194
235 25 2056 254 69 299 115 242 72 208 6 40 112 182 29 187 25 61 61 276 118 164 86 69 175 281 37 149 2 186 215 179 33 110 232 51 8 348 244 332 155 152 121 168 83 4 107 9 14 34 128 128 221
236 25 1756 49 52 201 87 152 102 173 17 180 155 76 113 7 136 61 101 267 67 252 39 235 136 37 138 144 197 4 229 177 131 250 227 134 50 13 86 254 37 141 229 298 150 64 160 50 180 226 53 68 160
237 25 2273 138 6 150 133 255 153 61 83 85 60 259 168 212 223 153 215 60 206 349 52 335 198 301 48 257 52 180 83 56 149 44 143 305 95 77 61 299 238 243 233 249 53 251 110 25 5 26 136 177 188
238 25 2530 197 74 340 44 333 144 225 217 349 124 310 94 30 7 70 190 55 207 84 88 258 236 140 67 212 94 195 248 206 221 137 152 96 128 98 178 221 22 344 120 245 56 213 24 282 65 266 241 155 198
239 25 2217 187 194 16 49 90 210 298 45 230 36 347 76 163 244 205 184 217 101 253 12 106 117 119 150 104 86 290 153 341 189 86 55 140 125 164 137 120 46 322 218 323 186 177 119 29 177 23 190 84 241
240 25 2166 129 2 91 232 38 30 136 130 319 75 265 23 214 240 238 52 11 183 225 228 55 11 90 84 281 218 210 106 60 46 196 188 297 236 221 236 118 6 315 188 233 82 312 98 121 199 131 132 26 160
241 25 2271 138 86 299 221 117 18 183 24 277 128 219 66 26 207 136 114 74 194 278 11 176 161 272 223 231 122 224 163 5 50 22 243 237 122 115 155 340 147 178 18 47 84 204 3 271 117 228 66 246 188
242 25 2012 191 107 261 16 39 232 91 102 187 140 25 181 29 249 245 133 90 244 11 7 171 209 292 224 13 65 190 240 30 36 229 173 244 241 240 182 122 130 133 160 310 90 150 158 287 84 149 32 296 107
243 25 2134 252 204 49 78 318 215 267 107 46 54 237 220 199 227 109 81 101 241 65 210 12 124 313 133 340 248 231 221 194 238 124 49 188 151 117 204 270 125 249 75 119 224 29 54 90 219 268 52 82 244
244 25 2398 155 244 328 244 292 109 16 87 348 139 85 187 142 51 342 163 326 242 87 139 160 62 128 191 165 68 259 235 121 91 130 25 186 57 220 29 117 185 215 66 175 250 252 66 302 95 178 179 67 67
245 25 2462 48 128 147 238 193 166 297 79 286 89 8 12 274 214 231 53 115 19 146 239 320 150 57 22 244 134 152 182 300 119 180 78 317 217 322 132 315 102 219 53 9 130 129 74 110 231 306 176 199 202
246 25 2339 116 221 103 172 242 48 208 43 280 209 213 61 88 81 279 59 112 94 212 80 98 122 11 176 296 70 8 101 145 109 154 11 329 208 234 172 206 191 216 87 50 181 197 37 211 127 348 223 322 209
247 25 2036 104 70 231 215 97 128 36 207 228 233 265 234 45 245 241 128 66 196 19 83 184 70 313 132 6 24 109 155 298 80 14 1 301 46 317 200 23 203 106 2 137 72 235 131 216 176 260 83 221 30
248 25 2249 165 5 299 178 236 57 301 246 261 150 226 176 100 178 121 69 177 245 23 32 347 159 255 83 141 122 158 250 4 231 130 221 37 230 250 74 336 52 220 99 51 247 124 202 224 97 170 51 143 142
249 25 2382 134 41 39 124 292 10 131 42 116 111 121 138 347 50 137 21 138 40 92 36 340 188 111 191 211 7 263 13 102 204 349 92 256 39 15 147 300 96 188 215 258 110 104 5 262 192 127 199 331 170
250 25 1782 36 72 7 246 63 69 105 75 234 156 230 232 247 87 70 212 134 21 209 23 236 216 35 41 172 246 183 50 146 213 119 131 87 177 128 149 98 82 275 31 239 56 14 86 243 235 199 126 55 57
251 25 2360 300 92 324 234 233 196 279 217 47 126 181 66 56 167 244 234 217 191 293 73 106 149 136 193 141 22 241 18 29 249 267 220 224 1 154 21 331 22 218 207 3 183 64 71 78 149 288 69 266 80
252 25 1977 191 71 128 179 215 120 300 205 37 180 5 6 250 28 158 205 49 188 27 166 146 131 100 60 251 77 258 188 47 125 220 138 147 199 168 161 219 117 115 57 247 21 162 48 149 21 304 199 61 182
253 25 2028 264 56 312 165 217 115 143 27 4 90 251 23 77 198 22 144 58 142 162 223 98 10 245 112 309 143 182 13 41 44 196 56 250 108 72 168 172 165 194 227 54 95 200 82 142 73 327 149 64 40
254 25 2443 173 13 150 68 176 60 262 210 324 5 203 220 210 204 327 234 172 150 298 65 78 3 109 227 84 200 101 160 251 114 349 25 279 100 292 204 6 163 183 10 116 52 121 119 130 154 190 231 303 55
255 25 1765 309 155 115 37 188 117 138 249 67 153 48 91 31 149 35 187 8 40 199 243 301 116 146 71 287 228 77 76 110 229 132 120 134 149 59 223 215 48 172 81 100 21 23 183 169 57 219 79 248 69
256 25 2067 123 98 335 170 71 21 147 97 198 59 175 32 80 60 180 38 233 194 135 4 126 137 226 148 319 44 7 39 174 4 207 146 102 143 16 224 65 64 120 65 96 96 254 56 177 41 240 172 328 45
257 25 2420 147 114 320 46 134 65 102 72 339 208 130 36 61 25 253 134 141 17 153 205 40 198 202 95 255 28 136 44 201 113 347 78 9 143 174 96 334 212 265 247 213 41 302 96 132 68 200 238 250 140
258 25 2137 104 156 169 241 100 70 305 241 168 32 300 12 292 23 58 27 86 12 341 184 225 232 85 172 265 154 274 2 63 123 41 168 128 12 8 79 31 112 320 200 193 169 62 136 271 14 80 182 306 163
259 25 2200 308 37 100 32 3 153 305 155 17 77 247 234 56 158 341 35 90 104 54 142 98 124 303 233 118 125 348 247 306 154 59 166 42 158 249 195 113 3 251 229 131 97 186 107 255 170 296 161 125 87
260 25 2372 258 100 291 93 167 165 90 113 73 93 224 90 85 133 188 181 295 242 181 24 322 227 338 57 183 42 229 131 52 55 269 62 205 212 204 123 128 195 186 152 138 211 24 93 280 204 121 186 213 142
261 25 1830 262 100 51 97 243 129 329 47 83 249 208 189 60 113 340 57 249 191 246 109 84 219 151 13 24 190 286 209 304 227 23 153 229 171 46 7 49 44 42 99 130 59 13 143 100 171 91 140 17 1
262 25 2352 173 187 304 38 263 243 273 123 197 99 151 228 267 48 136 217 291 229 16 93 261 226 57 203 27 128 346 166 289 32 299 228 146 142 169 40 100 15 142 27 84 240 215 52 80 45 323 105 96 129
263 25 1676 8 72 155 238 3 100 328 87 99 155 32 242 206 202 83 155 169 74 34 52 13 248 55 245 242 174 217 249 121 147 108 143 262 232 209 11 61 145 159 17 127 102 122 128 134 26 296 160 109 99
264 25 2036 172 158 54 216 202 79 84 50 199 233 257 41 337 118 174 147 30 134 92 91 150 70 42 123 147 28 149 245 137 59 45 10 217 248 176 18 328 61 19 77 343 125 69 131 244 93 128 73 278 69
265 25 2527 263 80 238 207 302 186 84 202 80 170 311 125 329 79 24 6 198 152 17 116 330 211 140 48 292 185 92 119 107 70 89 22 249 176 278 202 313 211 254 245 32 164 121 12 344 194 270 41 297 38
266 25 2445 56 26 248 247 324 89 181 65 59 39 236 199 260 134 76 139 136 189 349 91 233 182 206 153 344 199 298 165 39 247 152 246 322 199 242 197 40 24 314 50 114 99 199 224 135 224 164 22 163 112
267 25 2381 346 96 269 200 291 17 250 55 155 246 156 250 69 57 93 66 198 218 281 97 231 231 97 206 217 171 220 188 286 84 1 232 329 219 233 70 35 32 76 91 229 84 192 248 40 136 265 39 203 47
268 25 1871 135 234 277 82 139 194 54 108 233 139 191 134 72 222 304 107 43 41 40 118 283 119 151 27 18 192 12 234 30 15 80 217 100 56 301 105 48 84 193 40 219 67 11 22 173 153 312 162 323 147
269 25 2187 282 175 323 99 69 84 32 198 263 16 99 19 215 189 21 19 338 54 64 179 72 32 190 246 104 194 159 217 168 55 49 93 177 49 161 61 333 110 312 195 276 13 315 142 1 36 163 90 189 126
270 25 1822 318 63 157 59 108 212 3 216 178 22 121 128 64 247 177 26 259 11 86 123 205 113 235 122 256 187 307 118 176 97 95 43 9 1 254 68 114 58 184 242 29 156 93 4 99 218 113 9 5 35
271 25 2123 264 169 171 85 225 207 343 244 32 189 189 126 100 191 229 17 5 136 200 98 117 205 218 9 159 67 128 223 177 135 9 140 253 129 126 179 187 168 23 168 209 11 345 158 101 76 324 57 113 76
272 25 2776 4 129 280 74 239 90 142 67 114 168 301 22 58 105 102 235 284 188 255 206 307 213 318 204 222 18 129 145 325 193 170 80 272 102 153 60 293 144 328 207 262 30 330 221 85 184 257 20 323 61
273 25 2246 277 32 75 144 185 96 113 115 293 87 157 62 19 230 165 171 192 58 267 221 316 80 51 47 100 237 330 208 106 203 319 184 186 245 77 70 141 89 286 183 78 194 346 46 124 213 68 167 222 234
274 25 1791 87 89 115 239 85 214 27 115 174 184 169 42 117 4 138 193 175 80 184 210 314 13 3 210 310 178 74 227 44 145 163 83 283 227 23 219 293 250 233 66 333 103 59 50 8 198 94 132 78 79
275 25 2371 291 141 141 96 152 102 23 225 81 219 321 95 151 55 325 24 65 74 258 132 159 61 192 10 270 140 153 2 267 34 194 159 326 39 261 78 114 187 308 132 60 102 284 64 124 108 139 91 84 147
276 25 2624 124 142 309 16 301 178 307 105 131 25 288 225 133 114 65 145 293 28 132 152 311 91 205 44 106 230 304 195 272 37 291 246 80 1 163 180 278 221 284 209 295 24 185 29 287 1 74 31 31 107
277 25 2433 82 141 349 138 37 54 217 142 150 39 178 42 336 59 292 248 88 72 68 21 232 64 44 166 42 32 116 117 314 46 75 95 289 123 284 177 329 201 268 230 91 97 172 226 305 63 223 142 286 42
278 25 2144 214 117 255 160 232 48 343 50 15 207 97 91 153 235 116 237 161 94 39 80 175 129 126 196 204 80 261 178 273 96 319 87 13 73 348 96 320 140 195 136 98 194 27 101 128 42 139 191 37 227
279 25 1898 320 161 107 48 9 60 327 171 187 200 266 57 188 80 331 235 126 100 326 172 238 174 215 64 145 207 66 85 45 244 6 205 150 105 65 111 32 185 249 33 51 5 72 132 185 108 57 186 33 229
280 25 2437 173 108 195 188 33 89 246 250 25 40 293 83 347 44 237 111 154 20 196 204 304 98 58 175 329 44 82 138 330 217 168 104 174 162 344 159 153 139 258 127 331 3 9 127 48 89 202 17 186 5
281 25 2015 223 83 113 197 14 108 131 153 287 47 170 43 220 133 36 130 135 176 90 214 208 142 274 184 139 21 175 90 240 110 45 162 243 159 160 208 266 40 60 205 138 81 199 160 165 136 189 152 111 178
282 25 2520 215 221 171 240 304 210 63 28 299 2 290 245 182 153 176 241 268 202 327 155 84 175 214 198 210 205 151 222 132 65 242 53 305 198 64 19 277 162 272 66 157 136 199 161 113 89 33 30 292 109
283 25 2384 85 25 183 100 75 194 304 25 316 38 42 209 342 98 6 55 283 216 237 48 24 224 149 237 286 87 269 168 131 128 4 207 262 53 31 206 209 158 223 246 251 181 239 48 293 15 321 160 203 70
284 25 2251 336 76 68 222 113 7 140 130 37 219 233 145 131 238 328 186 346 185 108 43 87 88 283 136 26 127 100 48 338 104 323 179 135 196 43 43 288 225 31 6 307 126 286 146 153 23 187 32 75 222
285 25 1793 19 60 47 145 261 45 33 164 64 7 142 50 153 186 193 240 60 73 169 198 135 214 200 207 259 38 141 95 262 62 14 123 10 110 333 56 242 96 69 149 289 119 3 225 63 44 136 135 290 54
286 25 2467 135 74 170 136 333 128 324 223 72 237 86 187 110 45 97 144 101 40 240 21 340 28 191 242 254 155 37 90 327 245 276 202 314 211 184 93 186 158 67 75 193 103 286 88 201 179 190 41 220 162
287 25 2139 330 150 305 174 103 159 160 194 348 188 89 125 140 154 288 75 47 173 233 15 147 127 217 134 164 220 63 105 210 82 269 191 131 123 266 86 231 128 31 167 219 205 106 75 42 233 73 167 67 187
288 25 2232 265 193 5 149 259 124 13 215 235 246 133 28 29 205 293 164 236 222 194 168 289 215 172 46 241 116 228 63 332 94 101 46 39 107 196 147 131 108 161 67 304 46 100 87 197 87 108 92 204 48
289 25 2239 208 228 44 48 193 223 212 226 17 62 23 57 21 169 305 1 228 165 317 231 210 161 314 62 99 62 248 8 306 152 206 163 279 149 63 73 321 24 139 188 270 197 58 88 101 60 168 166 128 150
290 25 2006 227 240 114 140 188 77 38 198 182 41 203 97 21 3 209 93 25 182 190 116 321 161 112 178 201 63 189 168 230 67 167 158 56 82 48 246 111 187 43 92 177 47 88 247 299 198 291 125 282 240
291 25 1753 2 92 202 130 194 216 218 211 247 136 180 54 42 211 3 187 21 139 129 165 65 175 4 213 275 152 155 199 133 186 291 84 80 194 315 173 159 33 134 157 320 13 10 211 25 15 249 148 53 229
292 25 2457 312 120 155 117 134 79 218 189 280 2 24 170 286 3 163 2 26 123 234 161 329 156 75 90 16 99 304 115 98 109 245 11 78 200 328 161 128 247 149 9 325 30 236 77 194 187 254 116 323 14
293 25 2435 96 228 288 188 145 239 143 161 286 1 106 199 180 55 276 241 84 174 341 45 24 15 324 209 194 68 348 47 285 172 113 31 251 52 68 195 40 110 58 228 313 63 228 42 119 103 334 152 226 75
294 25 2315 296 152 91 122 310 236 239 209 335 223 32 47 5 232 100 72 129 240 84 236 69 98 348 96 339 118 250 23 119 177 99 67 328 241 288 40 77 126 213 200 111 55 313 60 28 91 151 113 276 71
295 25 2392 110 225 316 99 342 67 71 213 294 171 281 173 311 68 162 239 195 62 51 244 345 61 300 57 21 128 200 123 240 177 344 52 2 211 250 95 128 122 209 123 92 39 97 54 158 211 43 2 222 95
296 25 1754 148 16 208 99 324 128 28 173 2 170 100 45 221 103 106 120 199 135 43 60 257 236 348 153 139 158 63 183 111 236 228 210 103 35 309 129 114 136 51 115 55 2 110 127 6 17 196 5 40 64
297 25 2137 109 175 213 13 114 170 326 146 83 213 125 242 118 59 252 148 124 38 198 39 94 52 150 173 307 168 320 11 18 210 26 76 334 41 38 199 12 65 345 94 180 221 236 149 130 237 246 203 176 95
298 25 2064 293 172 196 244 44 5 211 113 267 80 174 43 307 58 135 197 56 246 113 202 240 242 123 27 192 54 215 37 108 241 134 53 264 231 96 107 85 59 121 102 138 245 294 247 254 180 43 159 25 55
299 25 2708 313 14 249 237 190 140 290 155 329 249 247 12 51 10 242 199 268 227 209 140 328 98 286 73 44 139 302 36 300 176 241 112 42 239 148 183 228 239 239 8 287 19 248 11 40 217 139 48 157 18
