0 25 1728 119 98 81 73 208 35 238 87 48 23 51 25 221 98 69 27 145 99 45 32 41 65 120 9 91 74 166 89 192 80 204 60 229 84 82 86 70 22 222 17 196 24 143 66 172 12 142 18 162 89
1 25 1838 52 3 203 21 13 46 146 29 134 88 210 89 249 40 222 83 226 41 104 49 10 51 173 2 168 46 113 11 215 27 199 68 79 4 141 91 149 38 121 34 225 82 72 76 43 58 197 85 213 47
2 25 1853 194 15 19 96 132 16 60 92 133 86 93 50 116 46 242 57 96 80 179 79 206 61 152 31 82 96 140 80 230 4 226 26 168 97 121 51 14 32 193 46 70 85 248 35 232 89 243 27 118 22
3 25 1770 157 76 32 8 206 15 205 98 94 34 151 19 209 71 165 31 71 79 213 15 176 84 149 23 68 32 14 61 58 83 232 66 158 15 225 64 79 79 163 22 215 13 92 23 233 59 156 89 20 70
4 25 1528 64 3 169 39 220 52 102 32 162 84 113 27 94 79 202 9 157 30 221 80 196 33 22 69 118 82 176 23 120 45 42 33 97 12 123 18 224 50 77 60 14 3 3 93 106 61 101 88 133 83
5 25 1318 33 65 6 53 134 87 178 58 106 22 50 40 70 13 13 38 128 38 37 4 247 52 7 1 96 64 197 51 145 81 84 62 186 88 147 24 116 55 129 39 56 70 159 68 132 96 146 70 34 51
6 25 1465 68 37 59 71 133 73 135 79 175 32 111 10 145 96 48 41 69 63 47 49 1 2 168 59 222 2 156 17 223 91 169 40 78 28 162 60 250 49 140 74 30 100 34 24 147 33 66 17 95 63
7 25 1829 217 47 214 86 208 85 137 63 153 9 6 24 1 85 151 14 144 2 162 85 27 41 236 62 216 82 94 32 50 88 118 35 209 3 92 46 240 6 200 11 173 50 245 23 66 90 74 77 226 51
8 25 1297 20 61 12 85 194 6 16 43 145 61 110 31 72 63 222 67 54 80 66 53 42 89 55 89 163 22 128 39 198 4 189 19 64 52 9 71 102 6 34 64 136 5 210 71 33 89 88 37 232 26
9 25 1862 43 70 239 64 248 79 64 3 219 32 118 70 37 27 131 58 181 88 241 46 123 45 223 84 117 7 124 4 243 6 132 38 225 22 151 22 150 66 26 18 198 94 86 72 119 93 152 8 135 47
10 25 1470 81 81 71 66 197 79 240 3 22 95 134 59 69 5 161 43 4 77 20 21 26 63 109 61 237 80 6 88 37 90 219 23 159 35 19 38 176 71 61 70 154 21 190 10 231 84 113 59 204 33
11 25 1383 186 68 194 49 204 23 154 94 59 95 180 30 69 90 66 90 127 91 210 89 10 66 109 1 75 92 235 40 102 90 22 38 7 15 38 63 89 43 6 50 39 87 129 58 226 94 47 55 184 58
12 25 1772 243 95 73 4 197 50 145 83 141 48 72 12 135 81 229 74 67 16 248 68 105 36 46 62 213 91 110 17 126 17 12 72 142 67 219 93 211 53 133 8 175 96 45 5 124 18 97 93 236 96
13 25 1739 210 90 81 58 153 45 198 14 62 26 80 25 197 21 241 67 65 3 120 97 212 96 93 58 68 28 13 45 172 54 177 31 208 71 180 21 234 55 2 8 154 75 22 39 141 36 218 36 178 75
14 25 1548 137 97 204 36 59 18 32 32 123 58 212 30 131 43 2 64 200 4 124 53 180 25 68 29 117 3 96 54 182 72 141 31 78 28 189 95 210 20 18 69 83 47 149 75 201 13 24 56 136 76
15 25 1680 235 60 102 52 90 68 57 37 221 40 161 13 220 38 243 58 132 52 29 49 111 48 38 100 233 11 205 20 39 91 181 40 194 23 209 52 159 31 44 71 96 13 158 88 23 92 141 3 40 62
16 25 1808 14 39 182 51 240 66 213 96 235 51 86 68 242 32 140 52 233 100 83 78 71 30 141 30 219 65 221 11 167 13 172 30 203 6 82 93 45 88 58 47 176 27 139 57 168 40 67 74 19 89
17 25 1623 5 11 69 23 25 91 183 93 3 57 75 58 162 6 234 2 89 43 199 14 87 22 236 28 63 55 104 33 143 8 193 13 81 69 204 15 111 58 71 35 217 84 216 68 244 57 62 42 170 83
18 25 1437 130 44 70 10 6 24 213 40 219 70 84 31 2 2 86 67 114 96 39 1 212 73 93 30 42 86 186 53 105 35 111 50 7 70 155 32 182 96 50 54 129 33 207 82 120 75 98 65 214 48
19 25 1465 77 88 90 8 229 77 143 83 8 99 120 69 249 26 88 5 207 22 51 7 225 81 41 31 15 60 106 62 127 21 109 55 108 100 12 38 178 54 186 52 239 4 102 14 141 57 71 14 9 29
20 25 1398 88 89 71 71 155 30 78 16 106 100 226 60 207 27 23 44 55 26 115 90 30 4 145 81 217 37 89 39 1 97 169 38 238 89 60 92 137 8 28 86 133 40 44 62 62 39 166 38 154 57
21 25 1447 119 9 151 99 75 37 88 16 37 36 86 77 23 75 138 65 145 75 174 72 112 58 63 8 19 75 46 34 214 51 190 82 159 42 182 36 229 71 3 17 157 88 195 79 14 33 158 59 118 82
22 25 1359 70 76 244 29 44 70 77 80 183 77 121 14 138 63 48 75 41 68 9 74 16 54 105 30 151 39 96 69 72 17 66 46 189 37 22 68 139 35 137 3 232 13 195 100 241 3 75 57 8 81
23 25 1454 36 45 182 24 92 100 146 9 95 63 54 35 199 77 5 20 176 95 55 15 47 38 227 91 139 68 45 14 76 53 244 61 49 77 141 76 33 49 172 97 154 57 248 82 163 67 107 57 23 23
24 25 1692 203 11 202 95 151 21 89 64 96 43 210 8 144 86 195 84 64 78 134 87 174 89 245 21 70 57 140 78 63 12 117 74 102 11 75 74 40 69 196 1 228 39 87 22 122 52 149 57 88 25
25 25 1881 245 33 95 14 239 36 92 54 100 44 20 73 195 33 199 70 236 89 88 81 89 17 27 38 141 78 237 50 218 13 94 100 209 8 140 45 101 93 144 94 165 68 240 47 217 59 34 57 198 64
26 25 1616 247 64 233 24 53 76 153 89 75 72 168 71 112 77 13 6 129 55 151 24 219 68 163 67 134 23 152 92 72 66 39 85 98 64 238 75 128 99 140 83 19 62 244 97 24 1 28 31 201 51
27 25 1441 68 64 18 4 238 19 95 60 136 35 96 36 185 10 168 63 111 9 47 81 170 40 129 46 40 56 226 40 107 26 7 22 162 59 116 57 118 1 93 66 86 93 10 64 58 70 210 38 189 99
28 25 1385 166 84 140 22 61 29 30 37 188 1 131 49 11 96 207 81 247 100 46 84 142 95 3 59 22 18 77 12 19 93 158 66 106 39 195 94 26 97 125 26 157 72 183 87 70 34 182 4 79 36
29 25 1484 79 37 174 50 56 52 161 26 94 8 186 61 16 74 157 59 151 53 235 76 62 59 160 98 128 43 232 33 69 60 219 99 198 42 98 53 95 61 31 89 20 66 35 39 58 96 139 62 116 25
30 25 1698 40 26 73 18 120 56 150 91 215 70 39 62 213 89 16 8 99 96 98 20 113 48 107 51 157 4 91 71 85 7 95 77 232 17 246 51 174 47 243 38 217 82 151 79 20 69 236 70 166 33
31 25 1433 41 29 183 97 129 89 72 59 187 28 6 13 111 74 158 13 198 56 56 87 222 87 88 51 208 6 238 29 123 73 69 1 105 66 132 93 67 53 104 53 82 61 17 42 234 74 4 31 32 59
32 25 1384 118 53 145 7 5 4 14 43 232 36 165 1 37 19 20 63 184 72 18 39 53 78 55 44 212 81 247 94 112 8 111 14 52 17 119 8 32 63 89 68 229 91 204 47 108 23 161 94 46 31
33 25 1414 182 100 8 86 193 71 66 91 65 79 198 27 143 2 46 13 209 27 177 99 244 55 140 49 151 49 123 13 94 68 25 67 53 63 161 73 30 52 39 59 1 16 204 63 17 62 163 35 97 54
34 25 1291 183 99 2 6 11 48 75 6 222 44 108 86 204 32 68 7 121 76 8 88 30 61 46 75 140 88 239 24 186 92 59 84 245 16 146 92 40 51 16 83 58 1 139 90 120 45 112 45 4 49
35 25 1518 126 17 171 43 139 60 131 63 47 72 221 80 16 36 226 60 77 28 75 62 188 27 150 79 247 96 40 93 2 88 219 68 187 91 62 27 103 42 89 99 65 61 81 32 96 8 93 75 185 17
36 25 1652 36 24 146 35 152 44 80 41 86 33 230 6 18 49 163 95 203 6 135 53 20 96 33 54 243 42 17 29 165 4 52 60 88 54 155 20 246 42 202 26 248 4 95 48 216 91 172 26 104 43
37 25 1466 173 37 198 15 178 44 34 6 8 87 58 19 127 63 73 48 108 14 199 85 13 54 30 12 172 72 113 95 47 67 89 69 103 37 236 32 130 71 240 39 159 99 157 85 11 29 32 20 244 83
38 25 1725 155 7 38 86 218 9 57 31 5 6 149 44 26 51 130 13 234 59 85 75 247 44 223 5 162 5 78 46 61 84 133 98 154 94 106 36 198 63 143 89 86 22 153 71 132 88 246 80 231 18
39 25 1788 234 10 155 68 123 11 248 18 121 33 203 20 86 48 127 73 47 40 6 90 228 93 211 80 114 95 219 9 174 49 178 10 59 84 179 83 244 26 103 16 109 7 135 96 154 12 69 52 51 76
40 25 1681 241 30 119 4 111 84 248 80 44 23 130 21 134 90 155 13 73 50 90 25 216 48 81 100 244 36 213 64 137 65 89 28 96 7 33 7 40 32 138 33 154 17 156 38 57 62 202 31 161 91
41 25 1490 155 76 91 37 78 86 172 42 99 58 7 87 37 4 246 19 12 87 200 99 72 56 18 77 95 26 240 46 156 100 188 10 128 30 248 7 65 69 198 63 56 2 115 10 49 85 21 85 235 70
42 25 1267 6 90 39 84 136 14 73 83 119 25 220 30 54 100 27 10 16 47 57 29 124 63 232 38 122 80 125 42 66 9 163 72 150 51 7 35 164 32 67 32 138 13 59 89 189 68 105 85 76 35
43 25 1748 211 38 116 50 59 47 174 3 62 32 215 85 33 68 242 19 181 23 87 15 30 77 227 88 165 18 107 19 104 82 5 14 120 20 114 80 218 87 184 80 171 51 203 18 224 100 29 60 216 58
44 25 1716 136 45 247 53 62 55 23 67 137 28 81 8 249 44 239 17 230 25 98 52 25 63 205 44 70 80 45 50 191 61 110 79 157 8 163 53 86 51 130 16 129 11 197 41 224 94 192 98 6 98
45 25 1650 141 77 129 36 127 20 48 38 248 4 45 28 23 59 32 8 209 12 126 70 142 86 120 88 26 93 131 70 91 88 169 83 165 48 143 19 167 80 216 72 145 44 185 26 204 95 189 79 80 64
46 25 1444 34 69 42 26 1 63 68 89 233 51 5 80 20 47 100 89 228 65 10 53 209 56 139 37 59 34 175 89 150 7 152 83 125 93 160 76 7 28 216 40 230 20 121 1 116 21 93 37 195 48
47 25 1595 208 34 184 66 69 60 106 68 66 57 2 41 52 61 168 8 240 83 149 69 102 70 70 19 92 10 161 78 162 7 175 69 142 8 236 62 68 91 29 85 200 30 103 43 194 12 32 26 180 24
48 25 1377 97 21 185 9 100 47 168 75 67 59 234 5 223 53 1 38 148 83 164 50 27 58 12 10 35 72 64 3 137 62 75 72 174 70 140 98 188 100 34 92 22 36 41 25 73 88 109 87 237 96
49 25 1953 199 96 230 22 10 95 174 46 157 50 69 31 23 38 222 23 26 71 106 69 145 93 9 71 216 47 229 4 236 67 249 34 212 28 155 21 123 30 219 31 29 87 213 3 227 84 225 54 204 82
50 25 1687 72 100 75 33 70 92 231 50 195 66 216 93 1 30 22 5 102 46 186 20 228 16 209 40 218 35 123 43 38 29 124 61 128 50 245 50 191 75 51 35 42 19 179 42 148 3 48 49 233 21
51 25 1531 26 98 129 15 16 65 88 10 54 66 35 16 245 35 111 94 127 87 197 14 229 15 42 20 64 46 68 14 244 52 84 21 200 64 85 17 228 24 126 83 141 10 249 86 96 11 31 23 147 27
52 25 1728 188 75 143 31 247 58 27 16 222 70 67 57 242 68 73 76 184 52 202 61 35 92 173 33 79 18 243 12 92 91 40 79 218 83 110 64 238 31 63 59 47 72 100 17 144 27 52 95 228 13
53 25 1560 181 22 135 13 102 4 57 13 198 50 103 78 117 37 39 82 228 76 162 91 134 60 214 85 178 57 112 80 3 41 192 84 248 64 33 7 128 80 56 30 160 74 116 48 94 76 70 36 61 81
54 25 1445 51 46 159 9 7 88 11 97 181 46 161 8 44 26 140 52 103 20 209 83 131 32 50 28 38 45 153 7 82 64 87 32 211 47 217 34 3 65 164 48 175 71 193 52 13 44 105 34 202 39
55 25 1511 114 85 190 93 72 35 196 80 16 11 219 50 221 65 139 39 49 91 53 14 41 30 187 83 183 99 227 37 34 28 177 97 213 17 189 86 153 36 18 20 98 36 19 20 152 10 60 2 2 65
56 25 1639 116 42 146 4 25 78 204 51 217 37 30 93 235 94 111 25 82 63 113 49 33 62 186 3 232 87 162 91 139 64 107 4 205 52 9 81 80 12 81 96 198 13 188 84 158 49 58 89 163 72
57 25 1485 87 97 84 24 200 15 211 63 207 99 228 64 204 35 65 12 115 96 173 98 41 22 10 31 5 19 231 64 8 93 186 96 42 69 70 41 185 30 55 43 128 33 56 33 67 73 144 81 168 30
58 25 1536 111 39 191 41 245 10 171 58 217 15 195 12 206 13 83 96 249 12 1 42 91 35 149 23 201 23 18 33 43 35 63 53 73 53 169 62 115 77 30 29 21 94 87 86 126 32 84 88 134 77
59 25 1739 180 20 76 5 70 98 72 5 90 57 217 44 181 71 38 100 135 54 28 14 150 7 221 37 83 54 171 22 199 3 209 24 7 79 174 81 35 65 187 1 219 71 98 20 205 2 197 21 236 99
60 25 1426 177 6 35 61 59 7 134 50 6 89 209 31 195 39 54 75 123 69 163 73 229 84 45 76 153 2 29 2 174 16 2 52 71 86 63 32 93 98 231 100 236 41 80 33 129 34 9 51 154 74
61 25 1597 225 82 7 22 59 11 75 38 64 48 55 15 199 78 203 63 209 97 13 41 96 50 184 25 132 12 160 93 165 63 16 41 46 22 214 57 134 40 146 48 137 50 114 38 177 66 152 87 212 64
62 25 1787 130 9 116 13 186 47 226 95 239 90 10 56 233 57 229 48 113 13 188 58 162 26 208 25 215 34 193 67 223 56 132 52 165 47 164 50 96 39 46 36 131 57 42 15 64 20 12 78 51 36
63 25 1608 145 27 95 72 191 80 214 59 52 21 41 3 87 39 168 38 234 9 84 72 39 42 63 55 7 82 116 85 66 17 172 60 245 18 83 35 197 48 196 1 219 86 3 5 226 73 93 12 181 28
64 25 1616 83 21 221 97 175 28 78 42 114 95 160 35 57 4 152 89 191 100 37 36 50 5 223 55 161 100 177 55 111 59 234 45 29 55 41 5 182 71 48 97 215 8 33 23 213 34 12 53 235 48
65 25 1539 140 85 154 12 41 16 14 69 21 74 27 4 157 58 61 13 241 33 110 39 200 17 72 32 56 83 136 91 232 76 177 37 239 69 153 2 137 75 228 15 28 98 23 88 58 35 180 93 194 21
66 25 1743 242 13 41 13 96 47 248 31 239 29 6 15 68 97 233 70 98 71 75 85 225 74 7 12 84 93 94 26 238 14 117 52 179 47 102 26 28 40 135 6 74 31 190 45 181 10 240 5 246 64
67 25 1500 179 4 128 64 148 73 239 36 38 55 87 43 135 34 145 63 13 86 169 97 44 44 233 88 58 45 227 64 92 42 194 46 57 45 93 45 80 30 1 67 173 88 152 67 150 14 4 70 162 47
68 25 1503 13 89 132 100 198 78 78 64 69 19 157 16 140 66 61 32 212 40 214 65 158 86 52 61 54 1 74 7 120 36 206 82 126 39 233 76 166 62 139 34 30 47 202 71 64 62 105 26 3 68
69 25 1609 90 11 203 93 71 8 45 97 16 14 84 71 147 11 159 31 236 76 142 76 160 23 123 11 146 38 224 100 63 76 169 4 238 23 246 61 80 92 9 95 157 92 168 3 4 78 135 40 104 28
70 25 1653 215 15 151 89 77 96 227 52 147 41 127 65 247 17 37 92 229 68 134 37 164 40 180 31 195 33 111 31 24 66 59 91 209 31 108 56 9 2 100 37 168 46 55 56 189 33 23 24 121 88
71 25 1255 66 52 221 62 187 31 42 60 146 2 152 27 12 33 34 17 241 44 220 90 130 87 37 85 44 28 69 16 1 90 206 18 91 26 29 77 6 23 89 3 124 90 179 86 22 14 104 15 59 76
72 25 1689 56 40 164 43 224 8 22 45 125 72 186 30 190 78 5 20 7 62 242 95 114 18 144 3 60 57 58 24 117 35 229 57 249 73 232 8 46 76 182 18 61 64 109 39 220 78 195 32 141 95
73 25 1812 239 26 191 43 237 99 160 16 187 41 22 85 15 3 94 11 231 77 230 91 240 38 81 10 117 77 143 38 119 39 126 97 129 68 33 28 170 93 243 6 35 14 142 1 118 85 211 98 111 90
74 25 1772 241 53 129 73 14 98 152 6 235 20 196 13 66 25 132 51 202 1 245 46 8 79 161 99 179 78 242 28 198 83 70 100 162 92 15 11 143 22 95 65 217 9 182 93 41 82 94 41 126 41
75 25 1467 201 6 151 1 37 81 186 78 8 83 60 27 134 73 170 50 35 63 21 80 179 39 140 10 232 80 242 27 123 19 168 23 77 18 23 13 98 10 207 44 51 83 177 26 55 78 10 67 150 91
76 25 1793 147 39 131 6 220 62 99 48 34 20 165 8 246 33 83 8 182 92 139 36 1 73 214 26 77 42 88 95 141 80 43 31 162 49 200 24 249 48 209 20 167 15 48 99 224 80 140 74 177 75
77 25 1713 94 41 2 23 234 41 169 74 121 12 105 82 112 56 207 60 205 66 232 21 82 98 68 32 72 49 173 45 220 50 21 64 240 23 86 23 213 54 198 83 67 4 217 28 162 73 38 18 88 71
78 25 1974 238 71 218 56 202 39 56 27 136 26 76 6 191 17 30 78 241 95 233 38 177 100 194 45 227 57 168 66 174 7 236 64 230 4 69 31 94 26 157 81 1 84 89 91 118 20 240 12 153 80
79 25 1588 241 2 75 37 178 81 4 94 204 13 131 17 192 36 137 24 30 13 233 62 215 16 50 58 168 70 177 57 231 79 38 73 112 10 60 92 15 5 198 27 85 14 20 21 153 44 152 17 78 63
80 25 1669 183 43 163 40 60 32 117 19 14 47 106 89 179 18 98 38 211 64 44 58 43 78 174 62 178 57 3 44 234 66 226 79 130 18 140 63 134 58 28 32 166 66 210 85 63 47 195 27 240 3
81 25 1548 69 70 128 82 71 5 139 74 200 74 41 25 54 22 192 44 184 27 3 13 209 20 29 68 4 93 217 49 58 3 241 79 132 73 52 36 213 27 135 88 17 11 92 90 205 87 175 31 237 41
82 25 1384 159 15 211 14 208 79 64 78 188 68 19 67 199 93 118 34 55 46 120 94 212 31 35 51 87 71 25 17 162 63 10 72 128 70 37 37 100 51 214 87 168 34 103 17 28 72 102 84 17 22
83 25 1746 128 30 104 62 32 90 185 58 8 98 21 19 221 50 190 57 186 39 107 51 76 25 187 30 243 14 102 94 148 70 167 75 152 22 38 83 163 24 193 73 213 91 93 14 81 50 249 69 206 49
84 25 1883 194 32 185 24 74 99 177 70 148 98 186 22 149 58 61 84 72 85 228 44 7 92 235 50 105 17 199 3 35 6 203 31 190 88 156 13 138 34 134 85 181 70 58 32 229 70 217 50 206 94
85 25 1980 144 63 235 80 164 89 146 14 191 32 71 93 214 60 132 19 125 21 154 58 7 87 77 14 118 57 136 36 207 41 129 52 155 13 181 18 201 78 133 43 209 54 237 23 213 19 143 89 239 97
86 25 1540 197 96 85 25 161 4 32 48 239 40 117 43 245 31 175 65 133 2 47 25 60 52 213 84 65 81 227 53 172 25 51 19 61 76 31 14 59 79 204 100 19 70 142 13 2 66 177 34 167 76
87 25 1385 110 28 177 72 14 43 5 92 96 76 216 98 46 78 173 76 241 33 106 94 82 24 115 73 239 18 140 17 101 56 92 60 236 19 31 99 111 35 90 8 62 57 56 7 34 30 35 76 163 92
88 25 1751 171 46 116 87 69 56 104 8 222 54 64 65 101 34 147 1 44 34 142 2 197 98 9 6 183 40 190 10 102 83 182 100 68 18 205 71 177 77 226 92 92 92 244 25 90 46 170 23 187 23
89 25 1510 172 36 233 27 18 73 118 79 126 100 210 25 150 27 42 54 49 71 132 76 112 25 69 8 201 9 3 71 133 40 95 4 25 78 130 45 247 23 227 99 235 52 148 13 45 53 14 15 87 41
90 25 1647 79 11 60 36 214 20 140 86 202 79 30 6 206 59 237 2 86 24 37 84 210 38 83 23 84 35 199 21 76 29 34 35 16 47 204 55 182 8 234 61 115 91 170 51 242 79 38 67 117 23
91 25 1827 177 6 55 99 240 92 186 40 112 61 168 47 248 83 243 53 87 76 60 22 237 76 212 8 127 55 88 66 22 7 239 50 43 48 201 84 233 90 98 45 9 46 92 91 189 97 130 14 158 1
92 25 1605 52 84 115 61 162 19 101 27 42 57 165 41 118 60 240 19 45 24 160 94 169 69 190 12 211 30 108 90 193 68 141 97 51 7 109 12 127 59 138 21 217 53 111 35 214 53 5 58 26 16
93 25 1613 2 96 184 91 158 95 170 67 86 14 234 78 162 84 21 47 163 81 235 33 48 89 145 34 102 97 238 9 123 53 212 68 39 2 177 35 173 46 120 87 129 48 15 83 111 95 1 97 179 50
94 25 1766 85 24 133 36 170 20 147 44 224 8 164 64 112 42 34 87 222 72 68 71 172 32 3 41 44 100 193 41 178 92 75 53 113 25 195 61 18 21 218 83 236 29 225 86 215 63 59 86 230 79
95 25 1929 157 63 183 50 207 82 42 99 212 36 225 64 209 87 40 6 197 8 128 67 192 65 18 2 161 81 110 99 12 88 155 27 121 4 233 4 148 83 217 83 107 83 193 96 172 100 242 81 177 60
96 25 1258 23 94 57 92 45 19 72 5 67 36 92 24 212 14 179 46 70 26 178 36 60 84 20 3 79 44 154 73 124 83 134 98 176 42 140 70 111 13 29 48 68 4 209 31 133 6 52 60 33 40
97 25 1388 120 69 209 74 99 52 127 23 228 9 7 25 234 48 114 6 10 27 179 41 26 48 94 87 81 26 192 82 138 77 71 9 97 82 82 95 133 60 68 60 119 76 187 4 75 50 9 35 78 40
98 25 1599 225 6 137 18 42 17 146 35 201 85 161 71 243 7 152 74 54 37 133 23 98 53 148 84 57 72 186 17 158 13 58 32 70 95 52 61 13 49 196 13 183 58 86 77 215 87 100 18 84 40
99 25 1816 73 87 239 6 95 12 143 63 220 8 171 53 77 17 106 38 81 54 235 44 188 42 231 14 8 17 165 27 44 1 218 66 139 6 85 18 68 47 237 25 219 91 151 85 147 90 118 50 174 63
100 25 1443 90 68 243 5 77 61 172 4 104 72 171 21 160 79 246 94 63 92 84 37 11 24 37 97 20 27 164 22 2 26 113 71 17 48 81 40 203 34 61 23 107 72 102 17 198 14 209 81 152 21
101 25 1373 7 38 117 28 16 33 49 20 160 13 190 80 132 89 10 21 141 95 84 66 151 55 68 2 174 66 17 32 148 68 54 6 208 20 134 73 154 82 92 66 195 34 95 76 72 6 98 13 181 78
102 25 1314 3 38 145 6 111 12 123 44 12 92 147 67 99 18 150 74 174 34 15 39 128 50 35 55 72 40 4 84 91 85 213 95 122 59 51 34 221 25 29 84 166 75 100 17 194 50 40 69 183 6
103 25 1535 57 62 156 93 68 27 182 21 112 75 107 74 171 30 32 21 15 54 97 43 187 13 69 87 231 65 138 70 83 22 27 40 185 34 82 54 116 26 223 42 133 98 12 12 180 35 227 35 181 21
104 25 1445 72 95 190 10 25 54 97 96 136 70 173 77 54 8 61 57 170 76 182 92 119 16 40 30 230 71 214 6 205 47 178 28 41 67 87 16 35 63 158 54 34 9 145 94 67 64 121 51 57 89
105 25 1592 16 48 221 45 18 86 52 75 32 80 54 73 198 91 240 70 175 2 127 81 139 12 239 35 208 6 78 8 4 19 23 52 120 21 174 71 247 58 2 1 232 100 43 21 169 69 124 47 249 64
106 25 1716 158 90 248 15 247 47 45 54 51 63 26 54 101 95 126 18 23 33 21 25 164 70 217 86 240 35 110 36 136 75 146 25 175 12 221 71 156 24 123 18 226 20 98 4 196 65 128 35 50 94
107 25 1801 107 18 129 46 152 90 84 87 165 79 11 89 90 33 161 98 158 84 215 9 111 35 106 64 82 72 191 61 108 42 204 66 209 33 14 11 172 97 249 38 177 12 128 68 194 89 174 32 212 84
108 25 1516 168 19 100 99 242 90 59 99 132 13 165 90 197 80 52 18 126 1 158 54 14 85 21 59 73 38 12 48 119 73 138 43 83 36 234 72 194 35 105 58 201 97 4 30 98 72 207 100 131 10
109 25 1530 13 15 232 74 90 19 185 87 39 60 170 76 2 52 163 38 226 57 22 30 16 74 228 20 53 26 243 59 177 73 220 92 37 1 215 78 122 51 165 62 10 86 40 64 202 53 15 60 176 46
110 25 1685 176 49 174 97 153 1 39 61 129 63 232 20 49 32 236 79 155 87 43 69 246 80 58 11 119 61 13 85 21 38 181 98 186 6 94 88 158 84 100 86 183 6 146 67 191 24 121 79 168 89
111 25 1612 25 98 48 37 116 59 100 51 31 89 133 80 177 90 125 66 97 8 68 32 103 100 189 50 216 82 124 39 10 91 179 86 140 77 223 6 237 74 208 69 164 40 90 29 172 6 227 31 23 10
112 25 1310 85 74 1 84 90 32 57 30 93 100 58 29 89 36 53 96 122 28 153 42 241 94 81 74 14 38 200 94 12 62 228 85 76 43 172 5 187 71 13 65 62 48 69 57 146 60 213 87 105 4
113 25 1216 69 79 217 8 28 13 39 92 55 2 131 44 227 87 183 97 51 49 10 51 18 67 172 65 236 3 132 41 71 60 8 28 90 72 48 80 113 53 168 35 127 44 21 9 92 72 102 22 25 20
114 25 1812 145 89 247 30 144 30 171 64 190 30 194 79 101 41 8 63 195 91 232 79 118 75 50 76 69 23 183 72 196 9 241 40 200 39 219 93 68 91 56 9 20 51 137 72 37 88 237 18 167 54
115 25 1837 245 18 132 63 142 14 186 87 123 28 176 72 116 46 164 85 89 71 144 60 172 32 182 17 230 18 104 19 235 22 24 31 189 5 143 82 219 30 18 93 207 45 72 43 29 59 231 1 102 90
116 25 1445 224 83 223 90 213 42 44 33 129 67 156 59 58 61 204 39 131 33 7 23 90 3 188 63 45 68 73 27 18 24 169 94 9 41 33 73 35 28 205 63 195 60 121 52 22 24 240 2 59 48
117 25 1366 76 50 1 65 114 47 182 37 24 52 110 42 145 70 184 79 42 68 207 46 130 53 208 3 4 29 28 45 131 38 193 58 187 95 173 3 191 6 89 14 7 50 3 20 134 13 10 90 159 42
118 25 1658 92 16 94 97 196 73 41 26 161 85 236 97 129 58 101 20 113 89 135 72 91 92 76 62 184 59 124 43 48 84 36 41 249 79 187 47 204 78 224 14 62 59 43 16 163 12 229 53 98 2
119 25 1634 43 39 127 4 24 36 230 69 235 13 104 76 214 83 162 10 38 41 233 51 155 92 212 47 159 76 160 89 179 57 40 23 98 67 121 54 158 89 88 20 63 83 77 92 164 19 166 25 18 29
120 25 1524 121 26 57 32 165 85 241 56 159 88 222 37 60 75 96 49 15 68 143 29 52 71 107 94 136 26 153 50 239 31 173 66 187 56 32 23 146 88 34 83 161 22 43 88 68 43 102 85 137 30
121 25 1644 86 57 137 31 244 14 202 96 65 92 128 87 160 65 143 41 189 90 28 72 123 89 194 67 26 63 159 29 147 95 8 84 153 46 167 48 111 70 245 26 114 72 162 23 38 6 213 27 46 43
122 25 1637 50 20 133 95 36 10 207 46 238 55 192 47 141 46 195 57 193 55 128 87 230 91 160 44 13 98 1 28 26 48 22 77 19 4 54 65 228 1 104 35 142 100 175 89 246 33 131 51 210 19
123 25 1634 132 1 79 77 213 78 228 92 5 77 163 81 246 68 54 99 182 84 102 85 168 95 87 94 34 32 26 16 234 35 185 68 37 15 194 100 94 21 243 48 148 56 130 93 175 84 43 7 67 46
124 25 1380 243 36 91 79 29 24 13 6 139 48 140 25 65 27 141 59 28 34 31 72 183 80 129 13 24 54 98 19 160 66 164 2 101 4 83 81 229 47 136 70 44 77 144 61 155 85 71 84 120 53
125 25 1756 156 3 233 34 217 56 87 14 26 98 181 90 102 83 45 84 113 76 232 100 95 27 226 90 189 83 124 9 16 96 212 21 194 7 216 1 143 81 77 43 61 68 193 64 229 7 139 10 6 83
126 25 1893 86 33 73 75 65 98 135 81 245 96 103 94 141 59 209 94 154 41 222 46 89 39 147 54 167 53 93 28 160 27 165 43 101 89 159 1 176 41 123 94 239 64 204 99 92 80 194 70 244 41
127 25 1784 23 12 245 67 239 55 144 6 249 44 46 57 96 21 248 41 94 43 181 59 246 29 117 5 172 46 10 66 167 6 58 89 219 2 156 8 151 65 56 96 110 65 92 31 164 32 174 56 112 84
128 25 1487 53 42 100 57 114 47 119 31 113 26 138 53 44 41 58 53 99 60 167 4 56 27 70 47 209 33 180 34 188 43 217 41 186 66 151 12 69 31 124 94 220 76 11 36 40 59 97 9 152 35
129 25 1683 36 100 43 18 181 76 58 75 242 98 111 9 248 63 170 19 94 95 62 15 22 51 27 9 243 35 156 51 101 9 237 86 161 79 5 41 16 97 211 26 55 11 238 76 229 33 220 92 200 43
130 25 1760 95 76 152 37 213 59 239 15 67 75 227 53 156 68 158 18 185 6 30 12 62 40 1 89 68 36 60 12 235 52 210 55 242 24 63 80 188 80 204 89 208 58 97 77 64 11 74 45 222 37
131 25 1512 35 73 225 4 8 34 15 94 37 20 155 92 13 79 4 44 218 35 149 9 193 58 5 69 124 70 232 99 114 53 148 77 9 54 136 44 229 81 240 84 122 4 164 27 198 81 212 96 39 6
132 25 1564 154 43 176 29 212 57 30 78 64 27 90 25 130 26 170 100 56 100 41 89 73 94 102 50 193 35 113 89 123 20 44 18 247 74 81 54 53 58 217 19 37 8 245 16 133 14 116 57 229 88
133 25 1525 151 33 89 43 119 3 233 41 124 28 110 71 4 91 126 58 50 42 228 36 101 22 104 34 238 70 24 53 179 54 142 29 138 33 23 56 237 58 99 61 87 58 83 42 208 100 152 51 1 1
134 25 1418 192 36 240 12 211 44 42 65 187 70 54 19 244 10 108 53 10 70 142 19 152 83 69 9 34 70 9 13 58 9 215 2 197 4 157 47 6 23 83 27 127 4 72 38 163 27 47 82 18 65
135 25 1442 133 2 35 41 88 56 101 100 16 11 116 17 157 19 183 14 67 38 136 1 164 64 56 37 151 68 213 99 199 82 34 50 25 71 8 75 22 73 86 37 241 44 57 73 225 62 145 27 227 60
136 25 1573 133 13 113 2 26 11 3 57 176 35 242 28 210 14 85 34 235 9 21 23 51 15 131 73 123 7 184 19 34 62 81 68 74 43 219 1 205 71 160 31 8 1 60 17 217 46 152 1 204 25
137 25 1578 26 54 241 8 78 65 215 63 186 100 124 66 117 49 208 87 14 10 159 46 17 11 55 35 127 52 88 30 105 12 57 10 204 64 139 19 130 53 104 81 221 47 30 86 228 93 245 36 39 61
138 25 1320 148 45 95 27 97 82 56 53 146 64 115 99 27 53 17 9 106 22 89 33 44 88 161 73 123 38 218 67 125 56 229 23 200 73 149 96 201 51 19 15 100 97 67 18 7 24 42 98 59 35
139 25 1385 85 69 10 9 209 77 27 83 84 5 105 35 77 5 33 34 12 83 35 30 47 86 29 15 55 35 239 98 232 99 135 16 219 44 226 77 222 2 6 16 189 34 173 71 218 84 2 66 101 89
140 25 1284 94 16 143 78 156 93 110 4 77 77 22 20 3 99 43 54 60 49 112 25 239 45 197 12 12 33 116 15 48 17 203 41 32 98 18 37 140 79 92 18 6 65 139 60 163 31 215 24 129 76
141 25 1521 99 19 121 97 30 84 129 46 201 26 112 5 168 45 54 88 33 95 16 24 123 88 232 3 32 49 176 12 124 26 231 96 23 60 182 3 155 82 31 18 136 98 190 85 246 34 103 69 96 75
142 25 1556 59 97 13 79 107 40 240 30 166 20 178 40 230 9 42 36 92 74 104 27 122 67 18 8 63 52 162 33 199 37 193 45 47 55 225 53 245 65 234 12 184 11 51 15 121 92 1 12 16 56
143 25 1426 41 89 124 8 48 86 161 10 71 59 198 63 106 44 70 30 248 16 44 81 177 30 244 29 94 14 170 46 178 37 3 68 127 27 175 64 38 86 234 96 35 49 1 30 20 33 37 26 209 15
144 25 1711 55 52 143 51 168 14 48 95 201 53 164 79 131 92 205 94 179 40 130 77 76 80 177 55 211 83 237 37 142 3 93 43 45 45 112 58 95 58 10 97 221 91 229 15 245 72 37 3 69 62
145 25 1609 184 98 169 34 58 51 222 96 242 24 189 37 168 35 48 78 79 6 89 27 178 79 155 42 124 29 35 60 133 55 123 17 52 41 200 60 244 72 57 85 45 45 23 15 82 21 144 62 176 32
146 25 1499 189 5 213 45 97 38 75 83 199 8 187 21 24 41 214 73 52 57 246 58 43 43 205 66 59 86 136 52 47 63 35 87 117 97 134 65 184 60 149 82 17 88 55 42 28 68 217 79 76 62
147 25 1435 38 68 104 42 183 64 129 18 215 26 82 2 114 51 98 99 115 84 159 66 117 77 53 71 169 80 40 85 10 65 96 97 85 2 39 17 65 17 187 32 194 18 233 10 170 82 8 87 167 18
148 25 1518 2 86 45 4 56 65 133 98 199 44 164 46 40 98 49 78 117 16 97 53 172 31 92 64 59 28 131 78 81 66 74 34 173 88 118 22 188 11 238 34 150 85 234 80 101 99 176 55 147 17
149 25 1633 177 79 118 70 143 26 199 75 205 79 242 79 162 16 166 31 90 54 241 77 39 42 61 22 71 64 221 98 120 69 165 98 148 32 17 42 59 67 13 45 109 41 108 26 238 15 14 30 141 2
150 25 1661 72 4 175 44 169 47 92 88 216 56 38 15 139 56 106 47 223 23 209 19 183 2 27 58 12 16 75 75 48 15 178 21 120 54 66 88 201 57 166 64 215 82 152 20 87 48 194 11 159 13
151 25 1586 195 62 241 52 225 58 28 51 107 43 130 27 214 83 143 52 33 51 31 50 165 47 66 66 219 16 12 81 26 24 175 89 216 79 213 23 156 63 30 100 192 8 126 50 67 9 103 97 60 67
152 25 1926 193 93 184 60 161 1 123 92 76 46 168 64 211 96 128 86 202 42 117 1 233 74 164 11 26 82 119 28 178 80 246 72 222 79 84 83 230 6 126 7 54 43 73 66 89 50 203 92 242 69
153 25 1525 92 76 245 8 36 70 189 56 249 19 244 42 7 24 227 41 3 35 116 62 88 9 84 55 99 85 8 90 126 78 183 4 172 92 89 93 197 41 232 34 44 90 58 73 81 12 157 96 25 96
154 25 1635 206 8 150 6 243 59 247 20 39 32 23 12 173 64 105 7 12 45 209 43 31 5 82 40 227 62 203 35 210 28 80 17 187 31 192 69 1 30 200 25 41 75 190 97 33 51 142 94 45 24
155 25 1322 198 29 65 26 242 17 10 51 244 41 70 83 21 42 63 12 12 63 43 14 40 86 38 31 182 20 134 75 163 78 50 62 156 64 89 100 131 98 200 76 19 58 161 62 71 24 124 85 119 37
156 25 1709 126 54 76 7 87 47 90 14 12 69 163 73 127 27 164 26 9 61 177 34 151 48 94 63 159 66 136 84 4 72 228 59 247 36 246 94 125 11 107 95 123 81 221 99 96 9 207 25 243 7
157 25 1475 172 38 121 32 203 58 66 4 112 87 31 22 86 16 219 31 42 29 37 89 52 67 209 52 61 7 119 83 155 77 54 92 197 37 44 54 152 49 17 91 230 39 178 97 107 58 41 38 246 79
158 25 1480 189 62 89 42 124 45 4 42 229 8 68 32 101 66 119 96 170 72 195 88 214 26 176 41 172 35 100 12 95 42 164 59 181 55 134 77 111 28 6 20 45 87 221 63 7 66 34 31 12 21
159 25 1409 194 87 99 85 209 33 36 72 106 31 114 69 39 94 125 22 70 35 149 25 105 46 214 77 58 22 244 93 52 56 13 48 42 11 34 2 195 69 124 2 199 39 22 39 132 97 11 53 233 61
160 25 1456 230 89 56 45 115 65 116 59 9 70 114 22 117 7 132 100 109 79 70 34 80 19 172 2 107 55 100 69 59 32 38 21 137 84 135 4 152 95 212 71 60 85 139 67 217 90 27 95 209 60
161 25 1377 76 79 133 27 38 37 26 56 197 60 87 35 82 76 20 68 131 71 163 42 193 22 177 31 245 72 64 41 25 18 211 7 95 98 45 72 106 42 33 94 78 14 119 97 182 99 18 44 210 17
162 25 1702 221 43 205 17 214 70 159 98 247 26 5 22 8 100 244 15 143 28 9 72 242 29 168 75 80 87 220 24 99 86 94 93 192 10 158 12 68 56 58 95 14 62 17 73 213 10 88 57 239 96
163 25 1894 28 82 176 48 106 55 84 25 128 84 63 23 126 4 232 34 65 1 139 24 248 4 138 64 202 25 159 13 160 86 195 38 233 2 192 19 79 70 141 92 180 44 226 63 61 28 203 86 225 58
164 25 1605 23 38 35 77 112 100 235 27 111 72 21 98 107 22 240 75 161 28 242 54 7 36 231 71 48 61 183 87 182 58 125 67 134 38 66 20 16 26 241 88 224 47 162 65 223 13 77 53 5 80
165 25 1317 159 40 63 80 39 73 104 71 9 38 130 35 13 25 21 32 42 46 75 80 23 41 187 98 103 63 107 95 10 48 91 36 233 97 209 41 184 38 78 89 203 4 36 95 206 60 74 79 235 66
166 25 1517 15 82 119 30 183 27 76 92 175 34 33 62 168 29 222 60 114 10 87 2 42 10 149 89 115 61 214 93 95 80 60 78 200 41 62 76 116 3 52 1 137 16 218 67 37 27 180 48 166 81
167 25 1602 61 59 90 60 97 57 70 13 101 16 142 60 145 93 52 56 218 19 60 22 69 97 187 38 13 75 217 95 23 34 225 33 144 17 93 73 213 55 175 30 248 37 224 90 238 81 9 7 91 30
168 25 1846 177 39 168 67 3 93 133 47 117 68 22 51 111 90 195 53 114 9 207 38 89 4 224 64 245 14 47 54 172 87 235 48 127 53 14 29 247 48 176 63 67 49 163 78 190 7 232 3 218 41
169 25 1374 90 6 96 66 71 41 81 17 94 2 105 28 201 31 82 15 212 28 64 39 42 81 139 55 160 28 163 91 130 80 33 21 37 79 88 58 219 68 76 64 169 81 93 22 13 75 186 74 104 1
170 25 1831 212 96 231 50 202 90 177 66 133 58 96 15 229 34 145 16 193 63 86 69 128 56 51 21 77 63 247 12 139 52 215 52 97 45 52 100 187 30 116 71 90 63 85 18 46 30 235 39 194 20
171 25 1581 7 74 28 7 246 4 221 92 218 9 45 32 61 42 228 14 143 14 145 58 84 34 70 21 153 16 102 88 104 97 59 12 172 86 120 67 190 90 10 9 199 5 9 98 167 24 183 18 198 68
172 25 1846 202 67 240 6 234 93 195 39 90 4 150 11 191 71 30 82 211 39 11 43 31 21 140 48 194 82 232 61 129 99 214 47 89 70 83 31 114 71 222 69 23 83 160 43 243 3 152 85 113 97
173 25 1609 115 33 88 64 28 69 145 89 249 94 4 96 184 73 180 14 139 50 186 7 222 20 118 17 133 11 69 36 47 84 232 11 70 75 146 88 71 36 87 14 189 84 99 64 215 63 102 64 100 60
174 25 1331 238 71 178 54 103 90 124 88 186 7 72 98 127 91 22 30 195 9 18 10 99 53 209 62 17 73 15 31 222 75 20 42 2 73 146 43 96 85 3 56 227 29 48 51 128 95 162 97 6 60
175 25 1750 50 14 72 16 188 36 98 9 12 17 202 15 89 47 107 37 184 86 141 39 113 71 139 63 122 16 109 33 114 92 163 30 215 29 117 53 178 28 164 95 79 29 235 28 237 71 211 23 161 1
176 25 1488 87 83 189 1 4 56 9 38 170 24 32 32 5 98 162 24 192 3 16 36 31 96 72 58 132 45 120 6 207 21 44 40 109 44 195 17 54 83 186 28 216 19 134 13 209 15 222 61 180 59
177 25 1653 44 77 232 53 160 76 73 66 235 45 59 24 203 5 18 21 158 2 6 87 19 75 171 82 7 81 246 80 142 77 240 85 221 37 112 49 61 29 233 5 140 8 210 94 27 30 151 81 138 88
178 25 1544 99 64 210 30 120 90 27 51 183 5 40 19 209 12 106 73 212 16 151 44 71 90 203 30 135 30 161 36 60 48 75 58 136 40 132 77 68 32 110 73 73 78 181 87 35 53 248 53 44 25
179 25 1305 247 48 4 82 77 16 19 38 64 95 248 26 80 87 208 58 106 91 69 78 166 99 111 4 33 15 51 35 22 46 59 19 44 64 2 22 32 72 210 95 66 59 170 47 97 79 206 2 220 25
180 25 1375 132 87 23 94 40 57 158 42 94 32 138 54 50 33 20 53 4 1 24 65 145 41 123 66 187 19 247 94 171 66 18 4 54 40 93 49 154 34 142 35 86 5 164 40 161 14 113 75 210 3
181 25 1328 98 78 91 68 224 35 190 91 204 43 94 96 89 86 144 95 71 35 131 44 179 17 93 56 160 58 21 85 118 25 84 47 16 53 170 52 43 10 155 35 53 50 90 45 29 100 105 10 4 24
182 25 1612 116 11 46 50 130 70 185 26 87 88 245 38 182 6 45 18 108 46 243 99 141 62 209 21 212 65 80 29 121 83 104 87 96 49 88 25 119 75 153 5 14 99 95 45 55 91 112 64 238 5
183 25 1254 63 30 16 23 1 79 37 32 158 60 15 11 246 12 12 85 38 30 59 90 186 72 41 32 95 74 230 8 212 86 22 91 201 44 191 30 33 25 39 42 91 51 139 2 162 23 89 43 132 31
184 25 1495 79 5 171 12 173 67 36 2 76 47 87 48 39 89 93 30 20 77 56 58 120 96 209 8 197 22 183 37 115 16 17 93 220 37 106 92 53 41 145 29 239 83 78 28 222 70 109 93 147 14
185 25 1646 151 16 59 11 126 5 182 58 141 96 223 60 90 44 48 48 186 51 188 32 81 79 15 10 56 86 179 66 180 77 80 45 89 42 170 95 176 29 85 73 153 46 196 94 62 83 249 15 128 29
186 25 1627 179 87 184 66 65 51 195 94 229 27 138 67 120 9 11 45 237 48 220 89 245 34 84 38 45 19 183 95 83 10 24 13 48 9 230 13 110 24 58 88 152 95 7 22 103 19 168 91 137 79
187 25 1676 163 20 14 100 164 32 185 59 116 46 82 80 144 90 59 58 249 33 165 89 134 61 47 7 63 65 175 5 83 11 183 97 181 48 98 46 32 4 197 30 187 27 123 27 85 80 177 19 246 67
188 25 1190 155 6 13 11 120 78 187 24 112 98 8 60 30 5 157 25 136 39 81 35 20 69 211 42 195 47 223 74 168 70 190 22 25 5 84 46 21 21 47 20 78 56 1 34 12 27 52 7 54 71
189 25 1434 26 16 64 22 114 36 147 31 105 39 204 31 243 88 78 28 160 48 224 81 77 79 131 11 90 57 180 44 216 35 93 2 128 16 17 65 15 50 222 53 103 4 47 92 132 74 3 31 49 33
190 25 1276 208 27 13 18 68 72 49 61 139 35 227 81 138 56 98 54 72 62 53 93 166 8 199 64 101 32 37 4 62 37 88 21 63 3 131 74 38 93 162 72 121 44 11 26 91 65 148 5 69 42
191 25 1689 220 78 240 34 29 21 172 84 233 59 71 3 171 73 93 53 148 82 48 61 106 68 154 16 244 47 30 43 151 51 34 20 128 74 5 8 194 27 241 28 35 14 57 38 177 62 186 8 211 48
192 25 1440 13 78 102 81 223 50 112 65 200 62 249 71 42 74 176 49 67 54 40 47 90 5 179 98 92 55 59 29 114 69 77 79 30 59 221 29 70 38 130 84 138 50 25 11 175 29 132 16 125 71
193 25 1635 120 3 219 62 9 79 90 23 18 53 248 97 161 70 125 32 107 4 167 44 156 43 106 34 218 35 216 83 159 86 5 64 6 16 174 37 157 98 236 27 100 85 73 60 154 48 194 13 53 10
194 25 1345 208 60 153 14 144 20 200 9 4 60 146 8 23 4 75 47 240 84 94 27 110 94 161 32 55 16 231 48 130 86 108 88 195 62 3 38 54 98 86 63 46 94 138 99 20 84 38 3 29 64
195 25 1645 212 24 126 96 231 41 226 80 23 11 39 60 158 50 214 45 232 67 145 68 131 90 13 18 90 32 203 29 135 32 194 98 157 69 193 39 211 19 69 33 107 44 38 9 9 85 127 79 8 20
196 25 1803 21 75 159 5 228 87 39 11 182 36 217 50 31 8 62 51 126 95 181 84 90 19 192 49 205 34 225 85 142 82 154 15 7 14 169 84 152 57 146 33 44 62 184 76 245 26 248 89 157 82
197 25 1315 129 27 125 79 181 58 53 65 2 37 20 66 143 85 184 28 186 92 123 20 137 86 63 7 47 40 104 36 46 37 66 74 162 44 156 71 48 22 22 34 41 87 178 77 72 5 112 65 231 52
198 25 1631 215 83 216 73 80 5 128 17 3 65 184 26 178 29 32 100 226 53 72 12 196 60 189 22 134 46 86 98 74 16 99 40 201 66 62 32 21 92 23 8 183 48 235 61 31 36 188 36 207 1
199 25 1542 131 69 240 54 152 35 189 99 110 7 150 100 159 65 163 40 85 54 39 9 11 23 209 97 183 39 233 72 174 41 23 6 59 14 112 62 48 50 157 8 12 58 166 76 171 55 13 74 95 71
200 25 1445 135 67 179 83 201 70 65 25 45 56 47 53 16 10 164 78 59 65 190 67 73 1 75 88 26 45 38 18 241 61 104 58 39 87 210 60 1 34 205 8 132 7 224 91 170 53 234 42 18 58
201 25 1448 42 94 146 69 188 92 59 7 32 19 11 91 49 1 219 1 86 23 109 68 179 84 8 50 61 35 177 30 193 70 123 90 238 12 231 96 68 14 66 80 155 75 80 57 93 81 92 65 191 9
202 25 1633 45 76 169 46 61 31 130 39 10 72 234 61 247 45 93 45 64 7 210 94 213 36 175 71 28 5 162 94 95 73 40 20 241 35 232 21 117 72 182 38 181 65 51 80 59 43 26 22 201 37
203 25 1560 217 15 23 92 85 50 148 97 46 45 171 85 16 63 72 50 185 38 21 66 227 4 30 77 190 72 62 63 222 98 232 87 170 25 71 72 122 19 219 68 89 3 84 53 226 85 137 63 55 52
204 25 1875 140 60 133 66 246 74 187 7 87 61 205 70 247 26 144 69 149 17 190 67 185 30 170 20 83 47 154 69 160 60 73 51 20 5 168 65 129 57 174 67 217 80 236 15 85 54 97 74 72 81
205 25 1710 154 93 150 86 90 55 56 49 215 78 1 86 185 18 202 65 124 25 231 42 104 18 6 61 48 91 14 94 216 37 27 19 30 26 206 69 183 62 219 47 241 19 232 25 136 33 191 62 160 71
206 25 1396 53 65 90 11 25 37 103 90 133 68 77 9 39 56 186 46 224 18 209 92 14 50 160 47 226 97 132 67 110 93 189 13 7 29 175 82 17 79 171 99 48 97 57 88 102 93 34 27 212 92
207 25 1321 118 78 43 79 26 19 128 7 37 37 49 25 1 8 105 27 189 22 155 11 122 3 208 31 242 11 125 75 190 36 119 59 163 11 38 89 31 17 197 17 3 98 144 6 5 50 132 93 73 89
208 25 1606 5 95 193 62 225 84 99 11 164 86 179 72 199 91 211 39 222 77 37 40 82 34 135 39 138 35 22 82 57 10 187 51 204 50 77 40 76 77 50 39 63 78 163 13 20 23 203 91 202 39
209 25 1609 233 85 123 19 25 62 203 96 146 10 58 32 112 61 183 91 9 67 151 49 231 78 11 45 236 47 240 89 136 74 110 93 49 71 97 46 218 58 3 1 172 16 84 12 217 44 130 68 42 63
210 25 1420 97 55 157 98 242 6 188 80 143 63 156 52 7 6 74 4 1 92 61 6 192 82 73 77 45 39 70 75 8 64 137 7 220 95 154 61 50 93 92 42 158 47 164 52 119 17 52 62 180 59
211 25 1555 55 63 81 34 58 22 205 82 229 68 220 37 137 16 43 49 118 37 40 61 244 86 206 10 189 76 128 43 39 7 101 93 70 32 126 29 153 83 210 83 100 31 122 39 98 16 37 65 102 79
212 25 1734 126 48 214 83 207 5 108 34 97 46 243 47 90 14 230 68 142 82 203 17 201 85 88 41 182 3 30 99 56 58 124 53 23 6 209 77 15 95 225 60 239 22 101 4 151 68 145 85 19 99
213 25 1698 203 72 33 92 212 16 96 91 64 51 50 89 6 73 196 64 201 60 210 76 221 100 199 24 53 51 193 47 85 12 247 39 131 30 244 47 125 37 112 78 136 53 133 60 198 61 10 10 38 32
214 25 1613 59 36 5 12 186 50 160 73 11 7 145 37 143 40 85 19 76 99 246 64 153 28 123 52 178 83 63 37 170 97 245 57 103 56 193 52 118 67 162 24 177 58 69 98 99 40 223 49 35 36
215 25 1244 151 15 11 54 192 45 17 78 115 22 23 17 80 17 119 47 233 32 72 60 40 85 187 35 33 6 149 85 20 9 91 61 5 9 88 71 73 11 44 91 140 62 9 38 195 43 206 84 196 35
216 25 1611 172 30 6 84 115 11 182 1 132 42 91 42 197 99 31 69 223 93 214 64 83 76 224 22 120 68 131 75 201 76 211 72 157 18 8 21 180 89 22 61 233 64 4 81 34 1 87 77 165 2
217 25 1457 161 42 26 82 61 43 14 87 146 41 49 69 98 17 126 70 46 17 93 9 149 7 212 31 23 98 231 59 176 97 86 38 38 19 100 30 233 88 25 25 237 44 224 55 121 44 102 87 138 10
218 25 1512 37 96 124 67 68 21 150 79 146 98 41 31 38 78 51 37 59 85 177 86 160 63 181 83 219 51 178 70 88 16 232 74 213 55 43 31 75 94 161 72 143 51 154 30 28 54 169 38 89 95
219 25 1720 123 100 109 3 232 77 104 12 248 43 77 81 166 41 185 60 171 61 205 31 182 48 133 85 129 60 141 47 98 81 72 80 249 75 161 77 228 24 27 22 100 7 139 91 144 49 13 6 5 96
220 25 1553 140 4 78 26 83 40 216 79 39 96 122 60 225 20 234 88 149 13 11 27 184 13 133 23 55 78 123 19 127 14 81 94 198 15 16 93 171 13 14 80 138 36 227 36 178 89 12 12 153 94
221 25 1625 36 7 124 8 126 7 136 91 81 68 236 80 82 68 247 27 140 10 90 20 149 77 35 75 162 62 65 73 175 68 169 62 26 42 71 3 207 94 182 26 79 13 208 49 160 86 188 19 77 59
222 25 1637 217 4 243 93 17 57 109 40 83 26 210 95 102 51 215 54 23 99 33 99 230 95 208 28 206 43 67 74 169 26 92 24 18 36 41 76 245 82 9 20 5 23 71 77 244 94 175 76 242 6
223 25 1701 72 1 33 78 143 100 153 63 227 47 39 96 232 29 22 76 160 32 148 100 136 70 92 6 46 85 151 73 212 94 180 85 44 63 162 88 164 17 201 90 13 41 235 96 169 8 239 71 129 76
224 25 1766 240 72 34 38 156 84 62 67 178 91 103 23 55 17 111 18 33 13 209 47 3 96 242 73 153 65 202 94 235 82 219 27 104 64 158 90 127 26 169 67 228 41 172 44 101 41 115 52 124 19
225 25 1622 97 68 241 1 132 92 94 19 123 15 45 25 120 60 134 9 236 61 29 54 89 20 227 84 222 18 12 37 121 37 55 19 204 98 169 88 115 58 64 31 52 90 102 13 174 11 248 86 139 53
226 25 1595 224 60 30 10 232 99 223 70 219 61 76 37 117 73 57 4 164 71 61 79 153 14 118 55 226 93 217 25 29 57 127 4 8 13 50 56 37 71 74 98 248 62 214 71 19 69 236 91 31 14
227 25 1492 194 94 33 50 71 26 16 47 204 74 225 59 142 33 224 43 88 60 113 14 209 11 172 33 95 90 20 86 83 81 17 65 230 37 97 35 197 20 12 56 62 94 79 4 183 90 69 98 149 31
228 25 1455 125 72 213 19 212 82 104 83 166 84 150 82 115 38 126 11 72 31 136 79 44 31 209 99 15 99 169 13 149 49 187 20 161 55 31 44 111 16 11 46 17 95 206 70 71 30 43 3 67 72
229 25 1428 198 97 30 49 164 78 217 76 76 16 14 46 178 70 28 74 130 45 136 78 13 80 88 19 101 60 150 94 165 19 215 12 244 60 24 27 105 51 144 68 71 90 78 96 119 74 82 98 87 61
230 25 1390 35 57 62 97 158 7 61 26 21 74 45 66 36 74 241 12 131 94 157 50 79 39 170 75 60 44 106 57 182 68 144 38 81 90 97 87 202 75 9 77 219 75 112 92 217 73 124 10 31 24
231 25 1476 103 60 62 72 134 21 117 41 230 48 8 23 237 41 14 34 77 67 110 36 143 78 5 21 130 29 195 40 160 18 242 21 81 65 106 4 84 46 33 83 55 7 220 45 122 5 174 88 111 82
232 25 1581 193 24 38 13 153 67 59 92 178 76 135 100 159 2 5 62 185 50 96 67 106 4 238 51 75 94 126 64 7 36 147 1 9 35 64 63 203 72 55 32 200 91 131 58 244 87 171 80 186 68
233 25 1576 49 41 71 36 243 47 30 68 212 38 205 58 41 65 144 4 78 48 77 34 179 78 24 61 87 20 147 57 149 34 226 97 148 85 69 44 216 89 207 55 65 45 58 10 200 87 8 27 220 36
234 25 1696 6 95 199 43 214 95 99 65 29 27 13 55 74 49 25 68 164 63 174 21 158 90 215 17 150 17 53 9 145 74 46 50 218 44 242 82 191 43 248 19 119 10 175 92 209 51 11 24 216 87
235 25 1758 194 23 126 61 41 27 27 45 237 23 68 83 172 85 26 16 216 58 65 86 178 77 62 69 135 13 130 58 78 66 154 52 143 66 122 94 138 58 166 55 140 39 239 18 204 57 233 63 223 71
236 25 1458 190 99 182 9 135 96 40 95 75 57 248 76 51 13 69 72 8 58 132 73 12 73 111 3 140 17 11 75 179 33 95 71 234 28 29 68 24 70 212 100 78 61 178 78 175 48 152 82 156 35
237 25 1783 206 17 7 69 19 97 85 29 223 15 114 67 97 46 215 16 171 36 130 21 63 42 48 43 217 95 194 100 152 78 58 69 186 26 189 32 162 20 156 76 183 72 213 81 120 27 196 90 163 77
238 25 1549 160 27 219 9 119 37 56 64 36 7 93 93 127 29 170 66 212 31 135 18 107 69 191 19 151 10 97 96 202 11 125 61 40 43 22 58 129 77 174 66 118 11 12 46 130 27 210 11 63 79
239 25 1627 169 83 221 87 233 81 185 30 84 98 54 44 187 96 67 96 126 45 119 92 130 87 102 93 234 81 69 45 43 33 223 11 65 94 49 49 76 36 78 9 132 4 129 73 114 5 117 35 248 48
240 25 1601 71 49 90 56 181 10 201 76 94 75 36 60 70 87 158 97 22 86 7 54 219 13 172 47 185 37 203 53 221 50 103 43 150 92 49 31 54 51 156 47 227 43 157 97 229 66 145 50 3 2
241 25 1711 105 71 66 26 170 50 15 24 4 85 174 6 128 23 150 78 5 3 12 1 104 5 209 52 135 25 147 87 127 50 91 50 215 19 221 16 233 94 171 69 219 27 196 42 176 73 148 30 202 60
242 25 1573 180 56 66 89 159 52 115 55 38 43 56 79 144 22 199 66 187 81 160 58 101 78 236 97 21 63 121 21 94 73 32 73 230 99 13 38 229 45 174 100 18 67 74 66 33 10 248 44 219 98
243 25 1523 23 6 246 96 170 67 166 63 41 99 138 70 247 100 9 46 231 3 135 4 5 2 72 28 219 54 189 68 249 60 18 22 65 63 19 85 184 47 123 34 134 92 80 86 3 75 218 5 62 21
244 25 1494 161 13 44 38 34 48 177 3 248 38 220 21 102 35 139 38 167 24 37 90 7 22 33 86 9 35 13 76 192 24 198 2 138 42 23 41 118 26 238 7 47 9 210 31 247 98 150 21 36 39
245 25 1646 177 7 73 15 66 10 127 93 151 50 91 2 189 82 193 12 174 62 187 61 168 33 121 80 216 70 115 42 14 55 70 77 134 37 186 10 232 38 61 22 42 100 5 36 63 28 248 99 190 17
246 25 1789 83 13 246 50 132 24 116 23 237 20 142 9 99 76 247 86 137 78 74 100 151 15 155 2 213 84 49 63 226 68 138 15 147 69 91 12 141 79 32 34 87 32 159 36 117 98 163 92 197 16
247 25 1942 8 47 172 60 59 56 210 21 183 29 117 70 244 15 190 86 127 32 114 10 65 3 241 26 238 9 223 2 103 19 167 10 89 21 175 96 231 47 228 11 115 99 156 82 91 8 121 7 217 87
248 25 1833 109 9 112 98 119 86 199 21 104 68 81 20 56 3 246 3 183 44 32 44 211 82 149 92 221 92 249 91 148 67 127 6 227 41 203 95 26 53 66 82 220 98 53 27 200 99 181 85 144 12
249 25 1860 80 4 243 80 247 13 171 45 155 68 163 84 175 41 224 79 188 1 84 55 82 55 204 35 134 3 35 14 239 78 128 18 222 98 130 87 170 77 191 40 241 76 14 32 1 95 21 52 178 25
250 25 1248 35 32 78 71 67 82 55 31 71 85 110 90 70 81 239 49 117 11 27 60 100 68 187 65 101 38 59 73 141 88 97 25 22 76 48 88 107 54 218 29 38 77 121 59 10 61 158 76 221 36
251 25 1325 137 20 155 74 35 57 11 95 79 3 33 77 29 54 52 26 141 61 30 11 169 39 128 48 74 87 126 94 172 62 114 29 187 50 49 96 216 51 78 42 80 83 146 7 226 6 36 86 148 7
252 25 1631 176 61 184 24 84 72 199 77 93 12 92 73 249 43 158 47 239 75 98 68 216 79 151 13 35 78 220 23 15 68 81 90 128 14 13 11 185 63 189 29 125 81 2 73 223 11 21 61 87 68
253 25 1865 231 52 248 31 15 35 210 34 159 74 203 89 163 80 104 76 142 90 238 81 18 64 111 71 188 35 233 59 69 78 228 73 176 10 89 10 169 74 70 42 127 58 156 58 13 31 200 52 171 32
254 25 1712 21 36 94 92 174 78 226 82 25 97 59 4 119 86 63 9 247 33 232 16 224 8 225 30 18 87 62 17 138 84 98 59 70 91 152 43 229 76 197 25 136 100 95 72 113 53 195 35 212 52
255 25 1777 111 49 63 79 188 99 128 48 68 20 201 12 240 30 239 36 156 76 87 51 49 99 153 69 246 37 106 18 233 67 119 93 117 83 124 57 31 1 206 50 171 57 213 12 93 79 135 93 77 36
256 25 1406 98 45 181 36 50 48 218 69 18 63 187 50 36 95 183 86 151 84 58 7 197 69 96 99 219 38 27 4 133 54 39 82 150 21 67 52 220 35 20 39 49 58 138 34 3 22 119 3 156 29
257 25 1460 61 2 97 56 202 16 195 29 21 79 184 61 10 83 83 29 134 52 65 5 140 63 165 29 196 67 153 66 171 8 194 81 11 43 238 64 60 84 144 32 213 77 92 74 12 24 2 97 77 68
258 25 1551 2 68 30 68 196 77 184 50 243 6 7 88 186 69 32 25 183 43 58 76 124 22 5 65 16 40 49 64 66 17 217 33 246 84 181 75 167 30 19 74 239 56 159 59 190 35 132 43 171 6
259 25 1500 214 75 72 59 42 62 208 5 127 76 122 60 123 5 190 47 124 21 65 47 159 71 108 18 162 92 110 43 234 30 48 50 56 70 60 97 33 19 104 9 144 75 20 67 181 11 63 56 232 28
260 25 1809 3 90 100 12 109 61 103 19 155 89 55 90 156 76 149 4 58 68 207 66 161 83 236 79 214 96 92 69 129 71 223 69 170 86 229 32 241 49 186 81 240 70 117 18 9 24 35 68 242 98
261 25 1648 100 79 76 15 226 67 136 5 89 10 225 8 246 3 141 88 2 29 118 52 168 37 157 87 4 17 60 91 84 51 188 86 129 15 52 55 134 87 61 22 249 35 82 96 237 72 183 40 150 50
262 25 1356 91 20 36 97 56 39 14 67 31 49 18 68 86 98 83 38 204 16 176 14 39 76 48 70 121 37 92 53 226 93 102 67 12 39 165 69 130 80 136 10 229 53 230 66 2 64 155 6 231 31
263 25 1593 219 19 106 19 139 77 5 30 131 82 174 35 186 73 165 54 54 94 91 64 24 45 193 40 97 8 94 4 188 76 224 56 132 92 210 98 175 42 99 76 136 1 45 41 4 39 182 69 114 26
264 25 1604 113 3 224 20 249 27 7 76 101 65 109 44 10 70 242 85 112 73 135 39 105 22 41 100 212 45 240 95 215 53 21 78 8 44 108 23 6 83 73 22 92 66 181 61 209 17 183 51 213 38
265 25 1473 74 53 187 86 149 78 30 14 130 52 191 89 248 91 96 70 46 31 144 69 22 61 134 20 216 58 2 69 70 39 242 24 77 29 73 4 11 86 86 12 228 26 120 74 82 66 54 75 234 77
266 25 1517 86 35 60 7 51 19 8 21 190 99 62 14 77 41 186 33 201 23 220 64 52 95 225 71 120 58 188 23 133 74 70 60 113 26 10 31 185 32 71 83 244 86 160 36 221 44 88 45 13 51
267 25 997 198 7 127 20 27 35 10 1 19 33 2 38 242 16 15 4 96 99 35 18 32 30 53 93 165 25 86 4 21 100 7 18 106 83 40 84 49 37 139 33 240 28 26 55 92 31 152 41 16 70
268 25 1349 174 47 74 18 14 1 5 67 71 4 123 91 161 8 32 45 126 80 133 15 12 72 92 39 76 36 120 29 178 87 100 1 233 74 20 96 24 15 146 29 87 88 239 46 169 85 172 50 117 88
269 25 1709 111 40 231 52 17 16 221 46 45 7 195 47 189 68 16 87 193 41 1 91 219 39 180 10 235 49 146 58 198 15 147 11 204 29 12 71 97 34 66 91 40 10 138 30 230 53 218 74 70 16
270 25 1676 216 11 246 27 197 46 23 4 245 87 202 5 90 80 18 62 26 3 227 19 242 39 156 24 68 60 243 93 55 63 9 71 173 54 147 19 199 21 174 93 157 77 200 99 8 19 10 36 22 89
271 25 1507 154 15 177 9 38 46 218 33 125 95 46 47 219 51 245 89 99 16 214 94 24 90 195 24 49 13 234 84 34 24 189 1 100 97 140 95 67 22 84 93 68 30 39 86 30 85 224 81 2 39
272 25 1501 124 26 80 68 101 29 182 84 164 18 109 53 68 8 201 7 4 69 81 38 161 48 69 51 184 98 186 59 180 87 150 55 64 29 222 65 209 6 100 73 73 59 77 92 18 77 50 24 146 30
273 25 1677 63 6 130 31 209 63 228 44 173 10 182 74 164 98 153 38 114 11 243 65 85 17 125 11 158 45 40 9 118 85 189 80 92 68 60 50 232 89 45 6 148 79 180 62 28 34 49 41 146 93
274 25 1579 205 31 59 32 243 68 176 84 126 43 68 66 74 62 85 83 163 18 123 8 174 73 138 55 36 65 186 57 135 28 111 65 238 44 210 55 69 93 32 13 13 48 134 20 38 2 245 47 77 67
275 25 1493 234 31 152 100 20 87 156 4 16 69 121 53 12 82 159 83 126 92 145 90 91 33 115 75 154 55 128 98 101 4 14 37 86 67 186 7 205 44 212 22 62 34 176 23 5 93 228 52 82 18
276 25 1463 34 49 144 87 53 71 187 55 76 52 43 63 69 79 219 75 172 83 197 85 216 74 157 83 160 64 25 37 117 8 56 2 6 2 188 10 174 24 165 50 28 7 114 46 37 85 72 10 217 20
277 25 1730 144 34 94 53 216 3 18 90 241 34 198 48 135 5 199 74 215 73 150 79 224 77 187 37 124 74 123 45 89 65 29 73 10 81 88 12 50 30 104 33 229 1 67 83 52 92 247 74 227 99
278 25 1462 167 16 187 42 239 60 87 23 148 3 3 22 12 35 62 75 84 91 80 66 219 80 184 3 131 76 202 6 118 78 6 85 193 43 176 33 2 64 8 99 116 10 123 29 147 34 205 30 26 34
279 25 1738 98 96 216 31 198 98 158 1 104 26 179 59 162 23 153 87 108 54 53 67 155 20 78 77 249 24 62 55 204 37 89 53 182 54 183 81 1 41 232 6 218 12 167 79 86 69 67 45 75 19
280 25 1276 11 79 139 39 5 39 62 68 145 67 4 33 19 87 138 54 119 41 246 52 48 63 65 66 91 1 135 57 47 9 128 8 39 18 146 45 208 59 102 26 167 37 46 5 176 49 173 66 94 27
281 25 1704 66 8 41 81 248 93 117 57 90 75 236 49 113 53 144 9 162 4 170 63 81 86 51 77 140 77 77 65 244 23 243 9 180 35 190 78 30 56 36 21 233 21 219 47 225 14 56 36 17 27
282 25 1728 98 13 51 26 154 77 152 70 20 24 14 31 104 99 120 83 178 27 111 40 218 8 116 83 215 51 49 41 102 48 203 52 73 59 30 27 230 50 244 32 205 42 201 89 171 29 208 20 190 99
283 25 1880 239 97 214 71 63 16 69 3 20 69 158 71 93 66 201 19 197 52 21 40 183 75 235 16 103 13 223 74 104 74 112 2 132 64 157 53 117 26 221 74 96 13 241 98 232 87 101 4 229 83
284 25 1603 180 11 119 45 14 84 20 87 137 93 101 39 181 32 102 89 34 20 114 4 93 10 169 35 209 52 224 60 105 52 194 84 112 13 81 27 96 100 216 32 144 66 172 26 47 24 115 33 228 88
285 25 1552 38 89 206 74 100 59 47 59 163 50 102 49 212 16 231 90 111 80 5 95 75 72 218 100 219 43 114 53 186 94 40 25 84 48 183 6 91 71 146 95 71 9 60 51 101 73 232 5 69 56
286 25 1524 27 86 157 97 129 73 201 66 66 40 92 51 189 91 184 45 137 26 117 85 22 37 195 82 89 95 206 20 2 24 227 80 59 33 78 89 5 28 204 22 17 95 173 6 136 8 152 24 185 68
287 25 1472 110 57 56 57 140 94 201 95 65 2 220 91 81 30 25 60 169 32 37 72 53 54 19 77 111 56 136 64 231 21 131 91 27 38 247 18 181 49 214 47 103 33 137 35 62 63 45 32 144 81
288 25 1666 56 99 236 74 227 48 181 63 61 11 183 93 103 11 80 99 78 12 41 58 102 75 196 36 238 9 180 20 204 11 2 48 152 79 46 32 193 6 242 75 149 95 37 80 45 16 192 44 108 1
289 25 1153 145 32 197 33 21 7 62 90 210 24 66 64 22 67 144 19 150 86 24 92 88 100 104 34 165 45 28 72 45 74 55 43 8 25 201 72 13 47 82 76 70 1 71 88 152 58 12 45 171 85
290 25 1427 232 20 138 68 34 34 197 57 181 70 211 25 80 35 76 51 51 38 235 13 17 87 85 54 194 17 33 14 4 66 141 33 220 77 129 26 59 51 188 83 30 22 8 80 125 45 78 9 109 46
291 25 1438 95 93 52 82 238 68 14 3 171 80 37 64 164 56 42 93 233 50 243 72 32 72 244 40 153 20 134 30 78 93 28 74 79 7 25 98 223 77 121 4 116 86 117 23 29 59 58 78 151 79
292 25 1424 11 72 174 100 176 43 36 8 72 80 35 95 18 65 202 94 164 26 223 36 229 38 21 95 162 49 4 19 28 6 48 39 30 73 190 55 216 77 212 89 206 48 234 76 37 69 78 62 43 13
293 25 1618 40 80 86 36 144 86 91 62 14 47 11 54 126 84 195 82 151 72 246 39 79 43 124 54 109 62 225 36 73 17 214 49 85 52 142 23 105 38 238 68 191 65 51 85 147 53 156 42 193 87
294 25 1371 234 17 240 42 78 66 129 53 83 81 68 31 65 71 74 39 113 78 126 100 145 66 47 3 63 51 60 4 144 96 39 62 238 81 241 53 111 95 135 41 15 17 8 85 140 96 97 20 49 64
295 25 1483 241 15 213 43 27 13 103 80 158 100 18 19 87 50 210 40 111 56 24 3 170 43 60 55 82 8 1 51 81 99 167 71 115 81 216 41 245 70 120 3 19 90 223 8 91 82 97 53 88 72
296 25 1746 106 59 164 67 13 98 126 14 200 8 218 31 29 98 196 21 193 65 243 97 235 82 169 92 72 3 140 25 142 62 82 50 127 98 224 76 128 76 133 43 113 71 191 8 44 85 24 36 181 61
297 25 1376 119 1 154 92 153 94 18 94 155 99 146 33 49 58 209 24 137 84 108 79 226 71 200 18 130 45 104 54 136 66 100 87 19 91 91 62 159 87 68 9 132 1 9 91 11 84 27 44 92 5
298 25 1765 71 12 106 41 191 50 44 46 181 32 61 80 118 32 171 10 243 81 46 13 141 29 215 50 169 25 235 45 218 26 102 90 239 7 80 82 157 24 79 37 155 42 219 24 173 39 35 17 81 29
299 25 1588 61 9 143 12 130 17 47 76 186 74 27 26 213 84 155 96 242 30 174 80 136 15 148 11 87 38 146 4 160 28 32 71 38 77 134 67 245 82 93 81 6 71 108 70 204 64 165 97 96 38
