0 25 1728 119 48 81 73 208 35 238 137 48 123 51 125 221 98 69 77 145 149 45 82 41 65 120 9 91 24 166 39 192 80 204 10 229 34 82 86 70 22 222 17 196 124 143 66 172 12 142 68 162 39
1 25 1838 52 103 203 71 13 96 146 129 134 138 210 39 249 40 222 33 226 41 104 99 10 1 173 2 168 46 113 11 215 127 199 118 79 54 141 91 149 138 121 34 225 132 72 76 43 108 197 85 213 147
2 25 1853 194 115 19 46 132 16 60 92 133 86 93 50 116 96 242 7 96 30 179 29 206 11 152 131 82 46 140 80 230 104 226 76 168 47 121 51 14 132 193 46 70 35 248 35 232 39 243 27 118 122
3 25 1770 157 26 32 108 206 65 205 48 94 34 151 69 209 121 165 131 71 79 213 65 176 134 149 23 68 32 14 111 58 83 232 66 158 115 225 114 79 129 163 22 215 63 92 23 233 9 156 139 20 20
4 25 1528 64 53 169 89 220 52 102 82 162 134 113 77 94 29 202 9 157 130 221 130 196 133 22 119 118 32 176 23 120 145 42 33 97 62 123 18 224 100 77 110 14 103 3 43 106 111 101 38 133 33
5 25 1318 33 65 6 3 134 87 178 108 106 72 50 40 70 113 13 38 128 38 37 4 247 52 7 1 96 14 197 51 145 81 84 62 186 88 147 124 116 105 129 139 56 20 159 118 132 46 146 120 34 1
6 25 1465 68 37 59 71 133 23 135 29 175 132 111 60 145 146 48 91 69 13 47 99 1 102 168 9 222 102 156 67 223 91 169 140 78 128 162 10 250 149 140 124 30 100 34 74 147 83 66 17 95 13
7 25 1829 217 147 214 36 208 85 137 13 153 109 6 74 1 35 151 14 144 102 162 35 27 141 236 62 216 32 94 32 50 88 118 85 209 53 92 46 240 56 200 61 173 50 245 123 66 40 74 127 226 51
8 25 1297 20 11 12 135 194 106 16 43 145 111 110 81 72 113 222 117 54 30 66 103 42 39 55 139 163 72 128 39 198 4 189 119 64 102 9 21 102 106 34 14 136 105 210 71 33 39 88 137 232 126
9 25 1862 43 70 239 14 248 129 64 3 219 82 118 70 37 77 131 108 181 88 241 96 123 95 223 34 117 7 124 4 243 56 132 138 225 122 151 72 150 16 26 68 198 44 86 22 119 43 152 108 135 147
10 25 1470 81 81 71 16 197 79 240 53 22 45 134 59 69 55 161 143 4 127 20 71 26 63 109 61 237 130 6 38 37 90 219 73 159 85 19 88 176 121 61 20 154 21 190 10 231 134 113 9 204 83
11 25 1383 186 118 194 149 204 73 154 44 59 145 180 130 69 40 66 90 127 91 210 89 10 16 109 101 75 142 235 90 102 140 22 88 7 115 38 113 89 43 6 150 39 37 129 58 226 94 47 105 184 108
12 25 1772 243 45 73 54 197 50 145 33 141 148 72 62 135 31 229 124 67 16 248 68 105 86 46 12 213 41 110 17 126 17 12 72 142 67 219 143 211 53 133 108 175 146 45 105 124 68 97 143 236 146
13 25 1739 210 90 81 8 153 45 198 114 62 76 80 75 197 21 241 17 65 3 120 97 212 46 93 8 68 128 13 45 172 104 177 81 208 71 180 121 234 105 2 108 154 75 22 139 141 86 218 36 178 125
14 25 1548 137 147 204 136 59 18 32 32 123 108 212 30 131 43 2 114 200 54 124 53 180 25 68 79 117 103 96 104 182 72 141 81 78 78 189 145 210 70 18 19 83 47 149 125 201 63 24 106 136 76
15 25 1680 235 60 102 2 90 118 57 137 221 90 161 13 220 88 243 58 132 2 29 99 111 48 38 100 233 11 205 20 39 91 181 90 194 73 209 52 159 81 44 71 96 63 158 138 23 142 141 103 40 112
16 25 1808 14 39 182 51 240 116 213 146 235 101 86 18 242 132 140 102 233 50 83 128 71 80 141 30 219 115 221 61 167 13 172 130 203 56 82 143 45 138 58 47 176 127 139 107 168 90 67 24 19 39
17 25 1623 5 111 69 123 25 141 183 43 3 107 75 8 162 6 234 102 89 43 199 14 87 22 236 128 63 55 104 133 143 58 193 63 81 69 204 115 111 108 71 35 217 134 216 68 244 107 62 42 170 83
18 25 1437 130 44 70 110 6 24 213 140 219 70 84 81 2 52 86 117 114 46 39 1 212 73 93 130 42 136 186 53 105 135 111 150 7 20 155 82 182 146 50 4 129 83 207 82 120 75 98 65 214 48
19 25 1465 77 138 90 8 229 27 143 133 8 49 120 69 249 26 88 55 207 22 51 57 225 81 41 81 15 60 106 112 127 71 109 55 108 50 12 138 178 4 186 52 239 54 102 14 141 57 71 64 9 79
20 25 1398 88 89 71 71 155 80 78 16 106 100 226 10 207 27 23 144 55 126 115 140 30 4 145 81 217 137 89 39 1 47 169 138 238 39 60 92 137 108 28 36 133 90 44 112 62 139 166 38 154 7
21 25 1447 119 59 151 99 75 87 88 16 37 86 86 27 23 125 138 65 145 125 174 22 112 8 63 58 19 75 46 84 214 101 190 32 159 92 182 136 229 71 3 67 157 138 195 129 14 33 158 59 118 82
22 25 1359 70 26 244 79 44 70 77 130 183 127 121 114 138 63 48 75 41 118 9 124 16 54 105 30 151 89 96 19 72 67 66 146 189 137 22 68 139 85 137 3 232 63 195 100 241 53 75 107 8 31
23 25 1454 36 145 182 74 92 50 146 9 95 63 54 135 199 77 5 20 176 45 55 115 47 138 227 41 139 118 45 114 76 3 244 111 49 77 141 126 33 149 172 97 154 7 248 32 163 67 107 57 23 23
24 25 1692 203 61 202 45 151 121 89 64 96 93 210 108 144 36 195 34 64 78 134 137 174 39 245 71 70 57 140 128 63 112 117 74 102 11 75 124 40 69 196 1 228 139 87 22 122 2 149 7 88 25
25 25 1881 245 33 95 114 239 36 92 104 100 144 20 123 195 133 199 120 236 39 88 81 89 17 27 38 141 128 237 150 218 63 94 50 209 8 140 95 101 143 144 144 165 18 240 97 217 109 34 7 198 64
26 25 1616 247 64 233 74 53 126 153 139 75 22 168 71 112 77 13 106 129 5 151 24 219 18 163 117 134 23 152 142 72 66 39 35 98 64 238 75 128 49 140 83 19 62 244 97 24 101 28 131 201 1
27 25 1441 68 14 18 104 238 119 95 60 136 85 96 36 185 110 168 13 111 109 47 81 170 90 129 146 40 56 226 140 107 126 7 122 162 59 116 57 118 101 93 16 86 93 10 14 58 70 210 138 189 99
28 25 1385 166 84 140 122 61 29 30 87 188 51 131 149 11 96 207 31 247 150 46 84 142 145 3 9 22 18 77 112 19 93 158 116 106 139 195 144 26 147 125 76 157 72 183 37 70 84 182 104 79 86
29 25 1484 79 137 174 100 56 2 161 126 94 8 186 111 16 74 157 59 151 53 235 76 62 9 160 148 128 93 232 33 69 110 219 49 198 42 98 53 95 111 31 39 20 16 35 89 58 46 139 62 116 75
30 25 1698 40 76 73 18 120 106 150 141 215 70 39 62 213 89 16 108 99 96 98 120 113 98 107 101 157 54 91 71 85 7 95 77 232 67 246 1 174 97 243 138 217 82 151 29 20 19 236 120 166 33
31 25 1433 41 29 183 97 129 139 72 59 187 128 6 13 111 74 158 13 198 6 56 37 222 137 88 51 208 6 238 79 123 23 69 101 105 16 132 43 67 103 104 3 82 11 17 92 234 74 4 81 32 9
32 25 1384 118 3 145 7 5 104 14 43 232 136 165 101 37 119 20 63 184 72 18 139 53 128 55 144 212 31 247 44 112 8 111 14 52 17 119 8 32 63 89 118 229 41 204 147 108 23 161 44 46 131
33 25 1414 182 100 8 86 193 71 66 91 65 29 198 27 143 2 46 63 209 77 177 99 244 55 140 149 151 99 123 63 94 68 25 17 53 63 161 123 30 102 39 109 1 16 204 13 17 12 163 35 97 54
34 25 1291 183 49 2 106 11 98 75 56 222 144 108 136 204 132 68 7 121 76 8 38 30 111 46 25 140 88 239 74 186 142 59 134 245 16 146 142 40 51 16 83 58 51 139 140 120 145 112 145 4 49
35 25 1518 126 17 171 93 139 110 131 113 47 22 221 80 16 136 226 110 77 28 75 112 188 127 150 129 247 146 40 93 2 38 219 68 187 41 62 127 103 92 89 149 65 111 81 132 96 108 93 125 185 17
36 25 1652 36 124 146 35 152 144 80 91 86 133 230 6 18 99 163 95 203 6 135 103 20 46 33 54 243 92 17 129 165 4 52 10 88 54 155 120 246 42 202 76 248 54 95 48 216 91 172 26 104 143
37 25 1466 173 37 198 15 178 144 34 106 8 87 58 19 127 13 73 48 108 114 199 35 13 104 30 12 172 122 113 45 47 117 89 119 103 37 236 32 130 21 240 39 159 149 157 35 11 129 32 120 244 133
38 25 1725 155 57 38 36 218 59 57 81 5 56 149 94 26 101 130 13 234 9 85 125 247 94 223 5 162 5 78 146 61 84 133 148 154 94 106 36 198 13 143 89 86 72 153 71 132 88 246 80 231 18
39 25 1788 234 60 155 118 123 11 248 68 121 33 203 120 86 98 127 23 47 90 6 40 228 43 211 30 114 145 219 9 174 49 178 60 59 84 179 83 244 126 103 66 109 57 135 146 154 112 69 2 51 76
40 25 1681 241 130 119 54 111 134 248 80 44 23 130 121 134 40 155 63 73 50 90 25 216 98 81 150 244 136 213 14 137 115 89 28 96 57 33 57 40 82 138 83 154 67 156 88 57 62 202 131 161 141
41 25 1490 155 76 91 137 78 136 172 42 99 108 7 87 37 54 246 19 12 137 200 49 72 106 18 77 95 26 240 146 156 150 188 10 128 80 248 7 65 19 198 63 56 52 115 10 49 135 21 135 235 70
42 25 1267 6 40 39 84 136 14 73 83 119 25 220 80 54 50 27 60 16 47 57 79 124 63 232 138 122 30 125 92 66 109 163 22 150 51 7 85 164 32 67 82 138 63 59 139 189 18 105 85 76 135
43 25 1748 211 88 116 100 59 97 174 3 62 82 215 85 33 18 242 19 181 123 87 65 30 27 227 38 165 68 107 19 104 132 5 114 120 70 114 130 218 37 184 80 171 1 203 18 224 150 29 60 216 58
44 25 1716 136 145 247 3 62 5 23 17 137 128 81 108 249 44 239 17 230 75 98 2 25 63 205 144 70 80 45 100 191 11 110 29 157 108 163 103 86 1 130 16 129 111 197 41 224 94 192 48 6 148
45 25 1650 141 127 129 86 127 20 48 38 248 54 45 78 23 9 32 108 209 12 126 70 142 136 120 38 26 93 131 120 91 38 169 83 165 148 143 69 167 30 216 22 145 94 185 26 204 145 189 129 80 114
46 25 1444 34 119 42 126 1 63 68 39 233 101 5 130 20 97 100 139 228 65 10 103 209 6 139 87 59 84 175 139 150 107 152 83 125 143 160 76 7 128 216 90 230 120 121 51 116 71 93 37 195 98
47 25 1595 208 134 184 116 69 110 106 18 66 107 2 141 52 111 168 108 240 133 149 119 102 70 70 69 92 110 161 78 162 107 175 119 142 58 236 12 68 141 29 135 200 30 103 43 194 62 32 126 180 124
48 25 1377 97 121 185 109 100 97 168 125 67 109 234 5 223 3 1 138 148 133 164 150 27 8 12 10 35 72 64 53 137 112 75 72 174 70 140 148 188 100 34 92 22 136 41 75 73 138 109 137 237 46
49 25 1953 199 96 230 22 10 145 174 146 157 50 69 131 23 38 222 123 26 71 106 119 145 143 9 71 216 147 229 4 236 17 249 84 212 128 155 21 123 80 219 131 29 37 213 103 227 134 225 4 204 82
50 25 1687 72 50 75 33 70 92 231 50 195 116 216 143 1 80 22 55 102 46 186 70 228 66 209 90 218 135 123 93 38 29 124 11 128 150 245 100 191 25 51 35 42 19 179 142 148 3 48 99 233 71
51 25 1531 26 48 129 65 16 115 88 60 54 16 35 66 245 135 111 94 127 87 197 64 229 65 42 120 64 46 68 64 244 102 84 121 200 114 85 117 228 74 126 133 141 10 249 136 96 111 31 23 147 27
52 25 1728 188 25 143 31 247 108 27 16 222 20 67 57 242 18 73 76 184 52 202 61 35 42 173 83 79 18 243 112 92 141 40 79 218 33 110 114 238 31 63 9 47 22 100 67 144 27 52 145 228 13
53 25 1560 181 22 135 13 102 54 57 113 198 150 103 28 117 87 39 82 228 126 162 41 134 10 214 85 178 57 112 80 3 91 192 34 248 114 33 107 128 130 56 130 160 74 116 98 94 126 70 136 61 131
54 25 1445 51 96 159 109 7 38 11 147 181 146 161 8 44 26 140 102 103 70 209 133 131 32 50 128 38 45 153 7 82 114 87 82 211 147 217 34 3 65 164 148 175 71 193 2 13 94 105 34 202 39
55 25 1511 114 135 190 93 72 85 196 130 16 61 219 150 221 15 139 89 49 41 53 14 41 130 187 83 183 49 227 37 34 78 177 47 213 17 189 36 153 86 18 70 98 86 19 120 152 10 60 102 2 15
56 25 1639 116 42 146 4 25 78 204 1 217 87 30 143 235 94 111 75 82 63 113 99 33 12 186 103 232 87 162 91 139 64 107 4 205 52 9 131 80 12 81 146 198 13 188 34 158 49 58 39 163 72
57 25 1485 87 47 84 124 200 65 211 13 207 99 228 64 204 135 65 62 115 146 173 148 41 72 10 31 5 69 231 114 8 143 186 146 42 119 70 91 185 30 55 43 128 133 56 33 67 123 144 81 168 130
58 25 1536 111 139 191 41 245 110 171 108 217 65 195 62 206 13 83 96 249 112 1 42 91 135 149 23 201 73 18 83 43 85 63 103 73 103 169 62 115 77 30 129 21 144 87 36 126 132 84 38 134 127
59 25 1739 180 20 76 5 70 98 72 105 90 107 217 44 181 21 38 50 135 54 28 14 150 7 221 137 83 4 171 22 199 3 209 74 7 29 174 81 35 15 187 51 219 71 98 120 205 102 197 121 236 99
60 25 1426 177 6 35 111 59 7 134 100 6 89 209 31 195 89 54 25 123 119 163 23 229 34 45 126 153 102 29 52 174 66 2 2 71 136 63 132 93 48 231 100 236 141 80 133 129 84 9 51 154 74
61 25 1597 225 32 7 22 59 11 75 38 64 148 55 15 199 128 203 13 209 97 13 91 96 150 184 25 132 62 160 93 165 113 16 41 46 122 214 7 134 40 146 148 137 100 114 88 177 116 152 87 212 114
62 25 1787 130 9 116 63 186 147 226 95 239 40 10 6 233 57 229 148 113 63 188 8 162 126 208 25 215 34 193 117 223 6 132 102 165 147 164 100 96 39 46 36 131 107 42 15 64 70 12 128 51 136
63 25 1608 145 77 95 72 191 80 214 59 52 21 41 53 87 89 168 88 234 59 84 72 39 42 63 105 7 32 116 85 66 67 172 60 245 18 83 85 197 48 196 101 219 86 3 5 226 23 93 112 181 28
64 25 1616 83 21 221 47 175 78 78 142 114 45 160 35 57 4 152 39 191 50 37 36 50 5 223 55 161 150 177 55 111 59 234 45 29 105 41 105 182 71 48 147 215 108 33 23 213 134 12 3 235 148
65 25 1539 140 85 154 112 41 16 14 19 21 124 27 54 157 8 61 63 241 133 110 139 200 17 72 82 56 83 136 41 232 76 177 87 239 119 153 102 137 75 228 115 28 48 23 38 58 135 180 93 194 71
66 25 1743 242 113 41 113 96 97 248 81 239 79 6 65 68 147 233 20 98 71 75 35 225 24 7 62 84 143 94 76 238 64 117 102 179 47 102 76 28 90 135 56 74 31 190 45 181 60 240 105 246 64
67 25 1500 179 4 128 14 148 73 239 136 38 105 87 143 135 134 145 113 13 36 169 47 44 44 233 88 58 95 227 114 92 92 194 146 57 95 93 95 80 130 1 17 173 138 152 17 150 64 4 20 162 97
68 25 1503 13 89 132 150 198 128 78 114 69 119 157 16 140 16 61 82 212 40 214 15 158 86 52 61 54 101 74 107 120 136 206 32 126 139 233 126 166 12 139 84 30 97 202 21 64 112 105 26 3 118
69 25 1609 90 11 203 93 71 108 45 97 16 64 84 71 147 11 159 131 236 76 142 126 160 23 123 11 146 138 224 100 63 76 169 104 238 73 246 111 80 42 9 145 157 92 168 3 4 78 135 140 104 78
70 25 1653 215 65 151 89 77 46 227 52 147 141 127 15 247 17 37 42 229 18 134 137 164 90 180 31 195 133 111 81 24 66 59 41 209 31 108 56 9 102 100 87 168 146 55 6 189 33 23 74 121 138
71 25 1255 66 102 221 112 187 81 42 10 146 102 152 27 12 133 34 17 241 144 220 140 130 37 37 85 44 28 69 116 1 90 206 68 91 76 29 27 6 123 89 53 124 40 179 36 22 14 104 65 59 26
72 25 1689 56 40 164 143 224 58 22 45 125 22 186 80 190 128 5 20 7 62 242 145 114 118 144 3 60 107 58 74 117 85 229 107 249 73 232 8 46 26 182 68 61 64 109 39 220 78 195 32 141 145
73 25 1812 239 76 191 143 237 149 160 66 187 141 22 35 15 3 94 11 231 77 230 141 240 38 81 110 117 77 143 138 119 89 126 97 129 68 33 78 170 143 243 106 35 14 142 51 118 135 211 148 111 40
74 25 1772 241 103 129 23 14 48 152 6 235 120 196 13 66 75 132 51 202 101 245 46 8 129 161 149 179 28 242 78 198 83 70 100 162 42 15 11 143 22 95 65 217 109 182 143 41 82 94 41 126 91
75 25 1467 201 56 151 101 37 131 186 128 8 133 60 77 134 23 170 150 35 63 21 130 179 89 140 60 232 80 242 127 123 69 168 73 77 118 23 13 98 60 207 94 51 133 177 26 55 128 10 117 150 141
76 25 1793 147 139 131 106 220 112 99 98 34 120 165 108 246 133 83 8 182 92 139 36 1 73 214 76 77 142 88 145 141 130 43 81 162 49 200 124 249 98 209 120 167 115 48 149 224 30 140 124 177 25
77 25 1713 94 41 2 123 234 141 169 124 121 112 105 132 112 106 207 10 205 16 232 21 82 48 68 32 72 149 173 45 220 50 21 114 240 123 86 23 213 104 198 83 67 4 217 28 162 123 38 18 88 121
78 25 1974 238 21 218 106 202 89 56 127 136 26 76 6 191 17 30 28 241 45 233 138 177 150 194 145 227 107 168 116 174 7 236 64 230 104 69 131 94 76 157 31 1 34 89 141 118 70 240 12 153 30
79 25 1588 241 102 75 87 178 81 4 94 204 113 131 117 192 86 137 74 30 113 233 112 215 116 50 8 168 70 177 57 231 29 38 23 112 110 60 42 15 5 198 27 85 114 20 21 153 44 152 67 78 63
80 25 1669 183 143 163 90 60 32 117 19 14 97 106 89 179 118 98 138 211 14 44 58 43 128 174 62 178 7 3 94 234 116 226 79 130 18 140 63 134 58 28 32 166 66 210 135 63 147 195 127 240 103
81 25 1548 69 70 128 32 71 105 139 74 200 124 41 125 54 122 192 144 184 77 3 63 209 120 29 118 4 143 217 149 58 3 241 79 132 23 52 86 213 127 135 138 17 61 92 90 205 137 175 31 237 41
82 25 1384 159 65 211 64 208 129 64 78 188 18 19 67 199 143 118 84 55 96 120 144 212 81 35 101 87 71 25 117 162 113 10 22 128 120 37 137 100 101 214 137 168 34 103 117 28 22 102 84 17 122
83 25 1746 128 30 104 12 32 40 185 58 8 98 21 19 221 100 190 7 186 39 107 51 76 75 187 130 243 64 102 44 148 20 167 75 152 72 38 133 163 24 193 123 213 141 93 114 81 50 249 69 206 99
84 25 1883 194 132 185 74 74 149 177 20 148 48 186 122 149 8 61 34 72 35 228 44 7 42 235 100 105 117 199 53 35 56 203 31 190 138 156 13 138 34 134 85 181 20 58 132 229 20 217 150 206 94
85 25 1980 144 13 235 130 164 139 146 64 191 32 71 93 214 110 132 119 125 71 154 108 7 37 77 14 118 107 136 136 207 41 129 52 155 63 181 118 201 28 133 143 209 104 237 23 213 119 143 139 239 97
86 25 1540 197 96 85 125 161 104 32 148 239 90 117 43 245 131 175 65 133 2 47 75 60 2 213 134 65 81 227 53 172 25 51 19 61 26 31 64 59 79 204 150 19 70 142 63 2 16 177 34 167 26
87 25 1385 110 128 177 122 14 143 5 92 96 126 216 148 46 128 173 126 241 83 106 94 82 124 115 123 239 68 140 117 101 56 92 110 236 19 31 99 111 35 90 108 62 57 56 107 34 30 35 126 163 142
88 25 1751 171 96 116 87 69 106 104 108 222 104 64 115 101 134 147 1 44 34 142 102 197 148 9 6 183 40 190 110 102 33 182 150 68 68 205 71 177 77 226 142 92 92 244 25 90 96 170 123 187 73
89 25 1510 172 86 233 27 18 123 118 29 126 100 210 25 150 77 42 4 49 71 132 26 112 75 69 8 201 109 3 71 133 140 95 4 25 128 130 145 247 23 227 99 235 52 148 63 45 3 14 115 87 91
90 25 1647 79 111 60 86 214 120 140 136 202 79 30 106 206 59 237 102 86 124 37 134 210 138 83 23 84 135 199 21 76 29 34 85 16 47 204 105 182 58 234 61 115 141 170 101 242 29 38 117 117 73
91 25 1827 177 56 55 99 240 92 186 90 112 11 168 47 248 133 243 103 87 26 60 22 237 126 212 108 127 5 88 16 22 107 239 100 43 48 201 84 233 90 98 145 9 46 92 91 189 147 130 14 158 101
92 25 1605 52 34 115 11 162 19 101 27 42 57 165 141 118 10 240 69 45 74 160 144 169 19 190 112 211 80 108 90 193 68 141 147 51 107 109 112 127 9 138 121 217 103 111 35 214 103 5 8 26 116
93 25 1613 2 146 184 41 158 145 170 117 86 114 234 78 162 134 21 147 163 131 235 83 48 139 145 34 102 47 238 9 123 3 212 68 39 102 177 85 173 96 120 87 129 148 15 83 111 45 1 47 179 50
94 25 1766 85 124 133 36 170 120 147 144 224 8 164 114 112 92 34 37 222 122 68 121 172 82 3 41 44 150 193 41 178 42 75 53 113 125 195 11 18 71 218 133 236 29 225 36 215 13 59 36 230 129
95 25 1929 157 63 183 100 207 82 42 149 212 36 225 64 209 137 40 56 197 58 128 67 192 15 18 102 161 81 110 149 12 88 155 27 121 104 233 4 148 133 217 133 107 33 193 146 172 150 242 81 177 110
96 25 1258 23 94 57 142 45 69 72 5 67 36 92 124 212 14 179 46 70 76 178 136 60 134 20 3 79 94 154 23 124 133 134 98 176 42 140 120 111 63 29 98 68 104 209 131 133 106 52 60 33 140
97 25 1388 120 19 209 74 99 2 127 123 228 109 7 25 234 48 114 56 10 27 179 41 26 48 94 87 81 76 192 32 138 77 71 109 97 132 82 45 133 60 68 60 119 76 187 104 75 100 9 85 78 90
98 25 1599 225 106 137 118 42 67 146 135 201 35 161 21 243 57 152 24 54 37 133 73 98 3 148 134 57 22 186 17 158 13 58 132 70 145 52 61 13 149 196 113 183 8 86 77 215 37 100 68 84 140
99 25 1816 73 87 239 106 95 112 143 13 220 58 171 3 77 67 106 138 81 54 235 44 188 92 231 64 8 17 165 27 44 51 218 16 139 106 85 68 68 47 237 125 219 91 151 35 147 90 118 50 174 113
100 25 1443 90 18 243 55 77 11 172 4 104 72 171 121 160 79 246 144 63 92 84 87 11 24 37 147 20 77 164 122 2 126 113 71 17 48 81 90 203 34 61 23 107 22 102 67 198 64 209 81 152 121
101 25 1373 7 38 117 78 16 33 49 70 160 63 190 30 132 89 10 71 141 95 84 116 151 5 68 102 174 116 17 132 148 118 54 6 208 120 134 73 154 132 92 16 195 34 95 26 72 106 98 13 181 128
102 25 1314 3 38 145 106 111 112 123 44 12 42 147 117 99 68 150 74 174 84 15 39 128 150 35 55 72 90 4 134 91 85 213 45 122 9 51 34 221 75 29 134 166 25 100 117 194 150 40 69 183 6
103 25 1535 57 112 156 143 68 127 182 21 112 25 107 24 171 30 32 121 15 54 97 93 187 63 69 137 231 65 138 120 83 22 27 90 185 84 82 4 116 76 223 142 133 48 12 112 180 135 227 35 181 71
104 25 1445 72 45 190 110 25 4 97 146 136 70 173 127 54 8 61 107 170 26 182 92 119 16 40 30 230 121 214 106 205 147 178 128 41 17 87 16 35 63 158 54 34 59 145 144 67 114 121 1 57 139
105 25 1592 16 148 221 45 18 136 52 25 32 130 54 23 198 141 240 120 175 2 127 81 139 112 239 35 208 56 78 108 4 119 23 102 120 121 174 121 247 58 2 101 232 50 43 71 169 19 124 97 249 14
106 25 1716 158 140 248 65 247 97 45 54 51 13 26 54 101 95 126 118 23 33 21 125 164 70 217 136 240 135 110 86 136 25 146 125 175 12 221 71 156 124 123 68 226 20 98 54 196 15 128 35 50 94
107 25 1801 107 18 129 146 152 90 84 137 165 29 11 89 90 83 161 148 158 84 215 9 111 85 106 114 82 122 191 61 108 92 204 116 209 83 14 111 172 147 249 38 177 12 128 18 194 89 174 132 212 134
108 25 1516 168 69 100 99 242 40 59 149 132 13 165 90 197 30 52 18 126 101 158 4 14 135 21 9 73 88 12 48 119 73 138 43 83 36 234 122 194 35 105 108 201 147 4 80 98 122 207 100 131 10
109 25 1530 13 115 232 24 90 19 185 137 39 110 170 76 2 2 163 38 226 57 22 30 16 24 228 20 53 26 243 109 177 23 220 42 37 101 215 128 122 101 165 62 10 86 40 114 202 53 15 10 176 96
110 25 1685 176 49 174 147 153 101 39 11 129 113 232 70 49 32 236 129 155 137 43 69 246 80 58 61 119 61 13 135 21 138 181 48 186 6 94 88 158 134 100 36 183 106 146 67 191 74 121 29 168 89
111 25 1612 25 148 48 37 116 9 100 51 31 39 133 80 177 90 125 116 97 8 68 132 103 150 189 100 216 32 124 139 10 91 179 36 140 77 223 56 237 124 208 19 164 40 90 129 172 6 227 31 23 10
112 25 1310 85 74 1 134 90 82 57 30 93 150 58 79 89 136 53 96 122 78 153 42 241 44 81 74 14 88 200 94 12 112 228 85 76 93 172 5 187 71 13 115 62 148 69 57 146 10 213 137 105 104
113 25 1216 69 29 217 58 28 13 39 42 55 102 131 44 227 87 183 47 51 149 10 51 18 117 172 115 236 3 132 41 71 10 8 128 90 122 48 80 113 3 168 85 127 44 21 109 92 22 102 72 25 70
114 25 1812 145 139 247 80 144 130 171 114 190 80 194 129 101 91 8 63 195 141 232 79 118 75 50 76 69 23 183 72 196 109 241 40 200 139 219 43 68 141 56 9 20 51 137 22 37 38 237 18 167 54
115 25 1837 245 118 132 113 142 64 186 37 123 128 176 22 116 96 164 135 89 121 144 110 172 32 182 117 230 118 104 19 235 22 24 31 189 5 143 82 219 130 18 143 207 95 72 93 29 109 231 1 102 40
116 25 1445 224 133 223 40 213 92 44 83 129 117 156 9 58 61 204 89 131 33 7 23 90 53 188 113 45 118 73 127 18 74 169 94 9 141 33 23 35 78 205 113 195 10 121 52 22 24 240 2 59 98
117 25 1366 76 150 1 65 114 47 182 137 24 52 110 92 145 70 184 29 42 118 207 46 130 53 208 103 4 79 28 145 131 38 193 58 187 145 173 103 191 56 89 64 7 50 3 120 134 113 10 40 159 42
118 25 1658 92 116 94 97 196 73 41 26 161 85 236 147 129 108 101 120 113 89 135 22 91 142 76 62 184 9 124 143 48 84 36 41 249 79 187 47 204 78 224 14 62 109 43 66 163 112 229 53 98 2
119 25 1634 43 89 127 4 24 86 230 119 235 13 104 76 214 133 162 10 38 41 233 101 155 92 212 97 159 126 160 39 179 57 40 23 98 117 121 104 158 89 88 20 63 133 77 142 164 119 166 125 18 29
120 25 1524 121 26 57 82 165 85 241 6 159 88 222 87 60 75 96 49 15 68 143 79 52 21 107 94 136 126 153 100 239 81 173 66 187 56 32 123 146 38 34 33 161 22 43 38 68 93 102 85 137 80
121 25 1644 86 107 137 31 244 114 202 96 65 92 128 37 160 65 143 91 189 90 28 122 123 39 194 17 26 63 159 129 147 45 8 84 153 46 167 148 111 120 245 26 114 72 162 23 38 56 213 127 46 143
122 25 1637 50 20 133 45 36 60 207 46 238 5 192 147 141 96 195 7 193 5 128 87 230 141 160 144 13 98 1 28 26 148 22 27 19 4 54 115 228 51 104 85 142 50 175 39 246 133 131 51 210 119
123 25 1634 132 1 79 27 213 28 228 92 5 27 163 81 246 68 54 49 182 134 102 85 168 95 87 44 34 82 26 16 234 35 185 68 37 65 194 100 94 71 243 48 148 106 130 43 175 84 43 107 67 46
124 25 1380 243 36 91 129 29 124 13 6 139 48 140 25 65 127 141 59 28 134 31 122 183 30 129 113 24 54 98 19 160 66 164 102 101 54 83 81 229 147 136 120 44 27 144 61 155 135 71 84 120 103
125 25 1756 156 103 233 34 217 106 87 64 26 148 181 90 102 33 45 134 113 26 232 100 95 127 226 40 189 83 124 109 16 96 212 71 194 7 216 51 143 31 77 143 61 68 193 14 229 107 139 60 6 33
126 25 1893 86 83 73 125 65 148 135 31 245 46 103 94 141 9 209 94 154 91 222 146 89 139 147 54 167 3 93 128 160 27 165 43 101 39 159 51 176 41 123 44 239 14 204 49 92 80 194 120 244 141
127 25 1784 23 112 245 17 239 5 144 56 249 44 46 57 96 71 248 41 94 43 181 9 246 129 117 5 172 96 10 16 167 6 58 139 219 102 156 108 151 65 56 46 110 65 92 131 164 82 174 106 112 134
128 25 1487 53 42 100 7 114 147 119 31 113 26 138 3 44 91 58 53 99 10 167 54 56 27 70 97 209 83 180 34 188 143 217 41 186 16 151 12 69 131 124 144 220 126 11 36 40 9 97 109 152 135
129 25 1683 36 150 43 118 181 76 58 25 242 98 111 9 248 113 170 119 94 45 62 115 22 51 27 9 243 85 156 1 101 9 237 136 161 79 5 41 16 147 211 26 55 61 238 76 229 133 220 42 200 93
130 25 1760 95 76 152 37 213 109 239 65 67 125 227 53 156 68 158 18 185 6 30 112 62 40 1 39 68 36 60 12 235 2 210 5 242 74 63 130 188 80 204 89 208 58 97 127 64 11 74 145 222 87
131 25 1512 35 123 225 4 8 34 15 94 37 20 155 92 13 29 4 144 218 35 149 59 193 108 5 19 124 20 232 49 114 53 148 77 9 104 136 44 229 131 240 34 122 54 164 27 198 31 212 46 39 6
132 25 1564 154 93 176 79 212 7 30 28 64 127 90 25 130 76 170 100 56 100 41 89 73 94 102 100 193 135 113 89 123 120 44 68 247 124 81 104 53 108 217 69 37 108 245 66 133 114 116 107 229 38
133 25 1525 151 33 89 93 119 3 233 141 124 128 110 121 4 41 126 58 50 92 228 36 101 22 104 134 238 70 24 3 179 104 142 129 138 33 23 106 237 108 99 111 87 108 83 42 208 100 152 101 1 51
134 25 1418 192 86 240 12 211 44 42 65 187 120 54 69 244 110 108 3 10 70 142 19 152 83 69 9 34 70 9 113 58 9 215 2 197 54 157 97 6 73 83 77 127 104 72 88 163 27 47 132 18 115
135 25 1442 133 52 35 41 88 56 101 150 16 111 116 117 157 19 183 64 67 138 136 51 164 114 56 87 151 118 213 49 199 82 34 150 25 21 8 25 22 73 86 37 241 144 57 23 225 62 145 127 227 110
136 25 1573 133 113 113 52 26 111 3 7 176 85 242 78 210 114 85 84 235 9 21 123 51 115 131 23 123 57 184 69 34 12 81 118 74 143 219 101 205 71 160 31 8 51 60 117 217 96 152 101 204 125
137 25 1578 26 104 241 8 78 115 215 13 186 150 124 16 117 49 208 37 14 10 159 146 17 111 55 85 127 2 88 30 105 62 57 110 204 64 139 69 130 103 104 81 221 47 30 136 228 43 245 136 39 61
138 25 1320 148 95 95 77 97 82 56 103 146 64 115 149 27 3 17 59 106 122 89 133 44 88 161 73 123 88 218 67 125 56 229 123 200 23 149 96 201 51 19 65 100 147 67 18 7 74 42 148 59 135
139 25 1385 85 69 10 59 209 127 27 33 84 55 105 135 77 105 33 134 12 83 35 30 47 136 29 115 55 35 239 148 232 49 135 116 219 144 226 77 222 102 6 16 189 134 173 71 218 84 2 16 101 39
140 25 1284 94 16 143 128 156 143 110 4 77 27 22 20 3 99 43 54 60 99 112 125 239 95 197 62 12 133 116 115 48 17 203 91 32 148 18 137 140 129 92 68 6 115 139 10 163 81 215 74 129 76
141 25 1521 99 19 121 97 30 134 129 46 201 76 112 55 168 145 54 38 33 145 16 74 123 38 232 3 32 99 176 112 124 26 231 96 23 60 182 103 155 132 31 68 136 148 190 35 246 134 103 69 96 25
142 25 1556 59 147 13 29 107 40 240 130 166 120 178 90 230 109 42 36 92 24 104 27 122 67 18 108 63 52 162 33 199 137 193 145 47 5 225 3 245 65 234 12 184 11 51 115 121 142 1 12 16 6
143 25 1426 41 89 124 8 48 36 161 60 71 109 198 63 106 144 70 80 248 66 44 81 177 80 244 79 94 14 170 96 178 137 3 18 127 127 175 64 38 36 234 146 35 149 1 80 20 133 37 126 209 115
144 25 1711 55 102 143 1 168 14 48 95 201 53 164 29 131 142 205 144 179 40 130 77 76 130 177 55 211 83 237 87 142 53 93 143 45 95 112 108 95 58 10 47 221 91 229 115 245 22 37 3 69 12
145 25 1609 184 48 169 84 58 51 222 146 242 74 189 137 168 35 48 28 79 106 89 127 178 29 155 42 124 79 35 10 133 5 123 17 52 41 200 60 244 122 57 85 45 145 23 115 82 21 144 12 176 132
146 25 1499 189 105 213 45 97 88 75 83 199 8 187 71 24 41 214 123 52 7 246 108 43 93 205 116 59 86 136 2 47 13 35 137 117 97 134 15 184 10 149 32 17 138 55 92 28 18 217 29 76 112
147 25 1435 38 68 104 42 183 64 129 18 215 126 82 2 114 101 98 149 115 34 159 16 117 77 53 121 169 30 40 135 10 115 96 147 85 52 39 117 65 67 187 82 194 118 233 10 170 82 8 137 167 68
148 25 1518 2 36 45 4 56 65 133 98 199 44 164 46 40 48 49 78 117 16 97 103 172 81 92 64 59 78 131 28 81 116 74 134 173 138 118 22 188 111 238 134 150 85 234 130 101 49 176 5 147 67
149 25 1633 177 29 118 120 143 26 199 75 205 79 242 29 162 16 166 31 90 104 241 127 39 42 61 22 71 114 221 98 120 19 165 48 148 132 17 42 59 17 13 95 109 41 108 26 238 115 14 130 141 102
150 25 1661 72 54 175 94 169 147 92 88 216 56 38 115 139 106 106 147 223 23 209 119 183 102 27 58 12 16 75 75 48 15 178 121 120 4 66 38 201 7 166 114 215 32 152 20 87 48 194 111 159 13
151 25 1586 195 112 241 102 225 8 28 101 107 93 130 77 214 83 143 2 33 101 31 150 165 47 66 66 219 66 12 131 26 24 175 89 216 29 213 23 156 13 30 100 192 108 126 150 67 9 103 47 60 67
152 25 1926 193 143 184 60 161 51 123 92 76 146 168 64 211 46 128 86 202 92 117 101 233 74 164 11 26 32 119 128 178 130 246 72 222 29 84 83 230 6 126 107 54 93 73 116 89 100 203 42 242 69
153 25 1525 92 126 245 58 36 20 189 56 249 69 244 42 7 74 227 141 3 35 116 12 88 9 84 105 99 85 8 90 126 28 183 4 172 92 89 143 197 41 232 34 44 40 58 123 81 12 157 96 25 146
154 25 1635 206 8 150 106 243 59 247 120 39 132 23 112 173 14 105 57 12 145 209 143 31 105 82 90 227 62 203 135 210 78 80 117 187 131 192 19 1 80 200 125 41 125 190 47 33 51 142 94 45 24
155 25 1322 198 29 65 26 242 17 10 51 244 41 70 133 21 142 63 112 12 63 43 114 40 36 38 31 182 20 134 25 163 78 50 62 156 114 89 150 131 148 200 126 19 108 161 12 71 124 124 35 119 37
156 25 1709 126 4 76 57 87 97 90 64 12 19 163 23 127 127 164 26 9 61 177 134 151 148 94 13 159 116 136 134 4 72 228 9 247 36 246 44 125 111 107 145 123 131 221 99 96 9 207 75 243 7
157 25 1475 172 38 121 132 203 108 66 54 112 37 31 122 86 16 219 131 42 129 37 39 52 17 209 102 61 7 119 133 155 27 54 42 197 87 44 54 152 149 17 141 230 139 178 47 107 58 41 38 246 129
158 25 1480 189 12 89 142 124 95 4 92 229 8 68 32 101 116 119 46 170 72 195 88 214 76 176 41 172 135 100 62 95 92 164 59 181 105 134 27 111 78 6 70 45 37 221 63 7 66 34 31 12 71
159 25 1409 194 87 99 35 209 33 36 22 106 81 114 69 39 144 125 72 70 85 149 25 105 96 214 77 58 72 244 43 52 56 13 148 42 11 34 102 195 19 124 102 199 139 22 139 132 147 11 53 233 111
160 25 1456 230 39 56 145 115 115 116 9 9 70 114 22 117 107 132 150 109 29 70 84 80 19 172 52 107 105 100 119 59 82 38 121 137 84 135 54 152 145 212 121 60 35 139 67 217 140 27 95 209 110
161 25 1377 76 129 133 27 38 37 26 6 197 110 87 35 82 76 20 118 131 71 163 142 193 72 177 31 245 72 64 141 25 18 211 107 95 48 45 72 106 42 33 144 78 64 119 147 182 99 18 144 210 117
162 25 1702 221 93 205 117 214 20 159 98 247 26 5 122 8 150 244 65 143 28 9 122 242 29 168 25 80 87 220 74 99 36 94 143 192 110 158 62 68 6 58 45 14 112 17 73 213 60 88 7 239 46
163 25 1894 28 132 176 148 106 5 84 75 128 134 63 123 126 54 232 34 65 101 139 24 248 54 138 64 202 25 159 13 160 86 195 88 233 52 192 69 79 20 141 142 180 94 226 113 61 128 203 36 225 8
164 25 1605 23 88 35 77 112 50 235 27 111 22 21 98 107 72 240 75 161 28 242 4 7 136 231 121 48 61 183 137 182 8 125 117 134 88 66 20 16 26 241 88 224 47 162 65 223 63 77 103 5 80
165 25 1317 159 90 63 30 39 73 104 21 9 88 130 35 13 25 21 32 42 146 75 30 23 91 187 148 103 63 107 45 10 98 91 86 233 147 209 141 184 88 78 39 203 4 36 95 206 60 74 129 235 116
166 25 1517 15 32 119 80 183 127 76 92 175 134 33 62 168 79 222 10 114 60 87 102 42 110 149 139 115 11 214 143 95 130 60 128 200 141 62 126 116 3 52 51 137 66 218 117 37 27 180 148 166 131
167 25 1602 61 59 90 10 97 7 70 113 101 116 142 60 145 143 52 56 218 19 60 122 69 97 187 138 13 125 217 145 23 134 225 83 144 117 93 123 213 5 175 30 248 37 224 140 238 131 9 7 91 130
168 25 1846 177 89 168 17 3 43 133 47 117 118 22 51 111 40 195 103 114 109 207 138 89 104 224 64 245 64 47 4 172 37 235 98 127 103 14 79 247 98 176 113 67 49 163 28 190 57 232 53 218 41
169 25 1374 90 56 96 116 71 41 81 117 94 52 105 78 201 81 82 15 212 128 64 89 42 131 139 5 160 28 163 91 130 30 33 21 37 79 88 8 219 118 76 64 169 81 93 122 13 125 186 124 104 51
170 25 1831 212 146 231 100 202 90 177 66 133 108 96 115 229 134 145 16 193 63 86 69 128 106 51 71 77 113 247 62 139 2 215 102 97 45 52 100 187 80 116 21 90 13 85 68 46 80 235 39 194 20
171 25 1581 7 124 28 7 246 104 221 42 218 9 45 82 61 92 228 64 143 64 145 108 84 134 70 121 153 116 102 88 104 47 59 12 172 36 120 17 190 90 10 109 199 55 9 48 167 24 183 68 198 18
172 25 1846 202 67 240 56 234 43 195 139 90 54 150 11 191 121 30 32 211 39 11 93 31 21 140 148 194 32 232 111 129 99 214 97 89 120 83 31 114 71 222 119 23 33 160 93 243 3 152 85 113 47
173 25 1609 115 83 88 64 28 119 145 139 249 94 4 96 184 73 180 14 139 150 186 107 222 120 118 117 133 11 69 86 47 84 232 11 70 75 146 38 71 136 87 64 189 34 99 64 215 113 102 14 100 60
174 25 1331 238 71 178 4 103 90 124 138 186 107 72 148 127 91 22 30 195 59 18 60 99 53 209 112 17 23 15 81 222 125 20 142 2 23 146 143 96 135 3 6 227 79 48 101 128 45 162 47 6 10
175 25 1750 50 14 72 16 188 36 98 9 12 17 202 115 89 147 107 137 184 86 141 39 113 21 139 13 122 116 109 133 114 142 163 30 215 29 117 103 178 28 164 95 79 129 235 128 237 21 211 73 161 101
176 25 1488 87 133 189 101 4 56 9 38 170 74 32 132 5 148 162 24 192 103 16 136 31 46 72 8 132 145 120 6 207 21 44 90 109 44 195 17 54 33 186 78 216 19 134 13 209 15 222 11 180 9
177 25 1653 44 127 232 3 160 126 73 66 235 145 59 74 203 105 18 121 158 2 6 87 19 125 171 82 7 31 246 130 142 27 240 135 221 137 112 49 61 29 233 105 140 8 210 44 27 30 151 31 138 88
178 25 1544 99 64 210 30 120 90 27 51 183 105 40 69 209 12 106 123 212 16 151 144 71 90 203 30 135 30 161 36 60 148 75 8 136 90 132 127 68 32 110 123 73 78 181 87 35 103 248 103 44 125
179 25 1305 247 48 4 32 77 16 19 38 64 45 248 126 80 37 208 58 106 41 69 78 166 99 111 104 33 115 51 85 22 146 59 19 44 114 2 22 32 122 210 45 66 59 170 97 97 29 206 102 220 25
180 25 1375 132 87 23 94 40 7 158 92 94 132 138 104 50 33 20 3 4 1 24 15 145 41 123 116 187 69 247 94 171 116 18 4 54 90 93 149 154 84 142 135 86 105 164 90 161 64 113 75 210 103
181 25 1328 98 28 91 118 224 85 190 91 204 43 94 96 89 36 144 45 71 85 131 94 179 117 93 56 160 58 21 85 118 25 84 147 16 3 170 2 43 10 155 85 53 50 90 45 29 100 105 60 4 24
182 25 1612 116 111 46 100 130 120 185 76 87 138 245 38 182 56 45 68 108 146 243 149 141 62 209 71 212 65 80 129 121 33 104 87 96 149 88 125 119 125 153 5 14 149 95 95 55 41 112 64 238 55
183 25 1254 63 30 16 123 1 29 37 132 158 10 15 61 246 112 12 85 38 80 59 90 186 72 41 132 95 74 230 108 212 36 22 41 201 44 191 30 33 25 39 142 91 51 139 52 162 73 89 143 132 31
184 25 1495 79 105 171 12 173 117 36 102 76 97 87 48 39 39 93 30 20 27 56 58 120 46 209 58 197 22 183 37 115 66 17 143 220 87 106 42 53 141 145 29 239 83 78 28 222 120 109 143 147 64
185 25 1646 151 66 59 61 126 55 182 58 141 96 223 60 90 44 48 98 186 101 188 32 81 129 15 60 56 86 179 16 180 77 80 45 89 142 170 45 176 29 85 123 153 96 196 144 62 83 249 115 128 79
186 25 1627 179 137 184 66 65 1 195 144 229 127 138 17 120 9 11 145 237 98 220 89 245 34 84 88 45 19 183 95 83 10 24 113 48 9 230 63 110 124 58 88 152 145 7 22 103 119 168 91 137 29
187 25 1676 163 120 14 150 164 132 185 59 116 46 82 30 144 90 59 58 249 83 165 89 134 61 47 7 63 115 175 55 83 11 183 47 181 98 98 146 32 54 197 30 187 27 123 127 85 30 177 119 246 117
188 25 1190 155 6 13 111 120 78 187 24 112 98 8 10 30 105 157 125 136 39 81 135 20 19 211 92 195 47 223 24 168 20 190 22 25 5 84 46 21 121 47 120 78 106 1 134 12 27 52 107 54 121
189 25 1434 26 116 64 22 114 136 147 131 105 139 204 81 243 88 78 28 160 148 224 131 77 79 131 11 90 7 180 44 216 35 93 52 128 116 17 15 15 50 222 103 103 54 47 92 132 24 3 131 49 83
190 25 1276 208 127 13 18 68 122 49 61 139 85 227 81 138 6 98 54 72 62 53 143 166 108 199 114 101 82 37 54 62 87 88 121 63 3 131 124 38 43 162 122 121 144 11 76 91 115 148 55 69 42
191 25 1689 220 128 240 84 29 71 172 34 233 59 71 103 171 73 93 103 148 82 48 11 106 118 154 16 244 147 30 93 151 1 34 20 128 124 5 108 194 127 241 78 35 114 57 88 177 62 186 58 211 98
192 25 1440 13 128 102 81 223 150 112 15 200 112 249 121 42 24 176 99 67 4 40 47 90 105 179 48 92 105 59 129 114 119 77 129 30 59 221 79 70 138 130 34 138 150 25 61 175 29 132 16 125 21
193 25 1635 120 53 219 12 9 79 90 123 18 3 248 47 161 70 125 132 107 4 167 94 156 143 106 134 218 85 216 33 159 86 5 114 6 66 174 37 157 98 236 127 100 135 73 10 154 148 194 13 53 110
194 25 1345 208 10 153 64 144 120 200 59 4 110 146 108 23 4 75 147 240 84 94 77 110 44 161 82 55 16 231 148 130 86 108 88 195 112 3 88 54 48 86 113 46 144 138 149 20 84 38 53 29 114
195 25 1645 212 24 126 96 231 91 226 80 23 11 39 10 158 50 214 95 232 117 145 68 131 40 13 68 90 82 203 29 135 132 194 148 157 119 193 139 211 19 69 33 107 94 38 109 9 85 127 129 8 70
196 25 1803 21 25 159 55 228 37 39 111 182 36 217 100 31 58 62 101 126 145 181 34 90 119 192 99 205 34 225 135 142 32 154 115 7 114 169 134 152 57 146 33 44 12 184 76 245 26 248 139 157 32
197 25 1315 129 77 125 129 181 108 53 15 2 137 20 116 143 135 184 78 186 92 123 120 137 136 63 107 47 140 104 136 46 37 66 24 162 144 156 121 48 22 22 84 41 87 178 27 72 105 112 115 231 102
198 25 1631 215 33 216 73 80 55 128 67 3 115 184 26 178 29 32 150 226 3 72 112 196 110 189 72 134 146 86 98 74 66 99 40 201 16 62 82 21 92 23 108 183 98 235 61 31 136 188 36 207 101
199 25 1542 131 119 240 54 152 85 189 49 110 57 150 100 159 15 163 40 85 54 39 59 11 23 209 147 183 39 233 72 174 141 23 56 59 14 112 112 48 100 157 58 12 8 166 76 171 55 13 24 95 121
200 25 1445 135 67 179 83 201 120 65 25 45 56 47 53 16 60 164 28 59 65 190 117 73 1 75 138 26 95 38 118 241 11 104 108 39 137 210 60 1 84 205 8 132 57 224 91 170 3 234 92 18 58
201 25 1448 42 44 146 69 188 42 59 7 32 119 11 91 49 1 219 51 86 123 109 18 179 34 8 50 61 135 177 130 193 120 123 140 238 62 231 146 68 14 66 30 155 75 80 7 93 81 92 15 191 9
202 25 1633 45 126 169 46 61 131 130 39 10 72 234 61 247 95 93 145 64 7 210 94 213 136 175 71 28 105 162 94 95 123 40 120 241 135 232 121 117 122 182 138 181 15 51 30 59 93 26 22 201 137
203 25 1560 217 65 23 42 85 150 148 47 46 95 171 85 16 113 72 50 185 38 21 116 227 104 30 27 190 22 62 63 222 148 232 87 170 75 71 22 122 19 219 118 89 3 84 103 226 35 137 63 55 52
204 25 1875 140 60 133 16 246 124 187 7 87 111 205 70 247 26 144 19 149 17 190 17 185 80 170 120 83 97 154 119 160 110 73 51 20 5 168 15 129 57 174 67 217 130 236 115 85 104 97 124 72 31
205 25 1710 154 93 150 86 90 55 56 49 215 28 1 86 185 118 202 115 124 75 231 92 104 68 6 111 48 91 14 144 216 137 27 19 30 76 206 119 183 112 219 47 241 69 232 125 136 133 191 112 160 21
206 25 1396 53 65 90 11 25 87 103 140 133 118 77 59 39 56 186 96 224 68 209 92 14 150 160 147 226 97 132 17 110 43 189 13 7 79 175 132 17 129 171 49 48 97 57 88 102 143 34 77 212 142
207 25 1321 118 128 43 79 26 69 128 57 37 37 49 75 1 108 105 77 189 122 155 111 122 53 208 81 242 111 125 75 190 86 119 9 163 11 38 89 31 67 197 117 3 48 144 106 5 50 132 93 73 139
208 25 1606 5 145 193 12 225 134 99 111 164 36 179 122 199 141 211 89 222 27 37 140 82 84 135 39 138 35 22 82 57 110 187 101 204 100 77 140 76 27 50 139 63 28 163 63 20 123 203 41 202 89
209 25 1609 233 135 123 119 25 12 203 46 146 110 58 32 112 11 183 91 9 117 151 99 231 28 11 45 236 97 240 89 136 24 110 143 49 121 97 146 218 58 3 101 172 116 84 12 217 94 130 18 42 13
210 25 1420 97 55 157 148 242 56 188 30 143 113 156 102 7 6 74 54 1 142 61 106 192 32 73 127 45 139 70 125 8 14 137 57 220 95 154 61 50 143 92 142 158 47 164 52 119 67 52 12 180 59
211 25 1555 55 13 81 34 58 72 205 82 229 18 220 87 137 116 43 99 118 87 40 61 244 136 206 10 189 76 128 43 39 57 101 143 70 132 126 79 153 83 210 83 100 31 122 139 98 16 37 65 102 79
212 25 1734 126 98 214 83 207 55 108 84 97 146 243 47 90 14 230 118 142 132 203 117 201 85 88 91 182 53 30 99 56 8 124 3 23 6 209 27 15 95 225 60 239 72 101 104 151 118 145 35 19 99
213 25 1698 203 22 33 142 212 66 96 41 64 1 50 139 6 73 196 14 201 110 210 26 221 100 199 124 53 51 193 97 85 62 247 39 131 30 244 97 125 137 112 28 136 53 133 60 198 61 10 60 38 82
214 25 1613 59 136 5 62 186 100 160 23 11 7 145 37 143 90 85 19 76 99 246 64 153 128 123 52 178 33 63 87 170 47 245 57 103 6 193 102 118 17 162 124 177 8 69 98 99 140 223 149 35 86
215 25 1244 151 65 11 4 192 45 17 28 115 122 23 17 80 17 119 147 233 132 72 110 40 135 187 35 33 6 149 135 20 109 91 11 5 9 88 21 73 61 44 91 140 112 9 138 195 93 206 134 196 85
216 25 1611 172 80 6 34 115 61 182 51 132 42 91 42 197 99 31 19 223 93 214 114 83 76 224 72 120 68 131 75 201 126 211 22 157 18 8 121 180 139 22 11 233 14 4 81 34 1 87 27 165 52
217 25 1457 161 92 26 32 61 43 14 137 146 41 49 69 98 117 126 20 46 67 93 9 149 107 212 131 23 98 231 59 176 147 86 88 38 69 100 30 233 38 25 25 237 94 224 5 121 94 102 87 138 10
218 25 1512 37 96 124 117 68 121 150 79 146 48 41 131 38 78 51 37 59 85 177 86 160 113 181 33 219 101 178 20 88 116 232 24 213 105 43 81 75 94 161 122 143 1 154 80 28 104 169 138 89 145
219 25 1720 123 50 109 3 232 27 104 12 248 43 77 81 166 141 185 10 171 11 205 131 182 48 133 135 129 110 141 47 98 81 72 130 249 75 161 127 228 124 27 122 100 57 139 91 144 99 13 56 5 96
220 25 1553 140 104 78 126 83 140 216 29 39 46 122 60 225 20 234 138 149 63 11 77 184 113 133 123 55 28 123 69 127 14 81 44 198 115 16 143 171 113 14 80 138 36 227 136 178 39 12 62 153 44
221 25 1625 36 7 124 58 126 57 136 141 81 68 236 30 82 118 247 77 140 60 90 120 149 127 35 125 162 112 65 23 175 118 169 62 26 92 71 3 207 144 182 76 79 13 208 99 160 86 188 19 77 9
222 25 1637 217 4 243 143 17 107 109 40 83 76 210 145 102 1 215 104 23 149 33 99 230 45 208 78 206 43 67 74 169 126 92 124 18 136 41 76 245 82 9 20 5 23 71 127 244 144 175 26 242 6
223 25 1701 72 101 33 28 143 50 153 113 227 147 39 46 232 129 22 76 160 32 148 50 136 20 92 56 46 85 151 23 212 94 180 35 44 13 162 88 164 117 201 40 13 91 235 146 169 108 239 121 129 126
224 25 1766 240 72 34 38 156 34 62 17 178 41 103 73 55 67 111 68 33 113 209 47 3 146 242 23 153 15 202 144 235 32 219 27 104 64 158 40 127 26 169 117 228 141 172 44 101 41 115 102 124 119
225 25 1622 97 118 241 101 132 42 94 19 123 115 45 25 120 10 134 9 236 111 29 104 89 120 227 34 222 118 12 37 121 87 55 119 204 48 169 88 115 8 64 81 52 140 102 113 174 111 248 36 139 53
226 25 1595 224 110 30 60 232 149 223 70 219 111 76 87 117 23 57 4 164 121 61 129 153 114 118 55 226 43 217 25 29 57 127 104 8 13 50 106 37 21 74 148 248 62 214 71 19 119 236 141 31 114
227 25 1492 194 144 33 50 71 26 16 47 204 74 225 109 142 133 224 93 88 60 113 64 209 11 172 133 95 140 20 136 83 131 17 115 230 87 97 35 197 120 12 6 62 94 79 54 183 140 69 48 149 131
228 25 1455 125 22 213 69 212 132 104 83 166 34 150 32 115 38 126 11 72 131 136 79 44 81 209 99 15 149 169 113 149 49 187 20 161 105 31 44 111 16 11 146 17 45 206 20 71 30 43 3 67 22
229 25 1428 198 97 30 49 164 28 217 26 76 16 14 46 178 120 28 24 130 45 136 78 13 80 88 119 101 60 150 94 165 119 215 12 244 60 24 27 105 1 144 18 71 40 78 96 119 74 82 48 87 61
230 25 1390 35 7 62 47 158 57 61 76 21 74 45 66 36 124 241 62 131 94 157 150 79 39 170 75 60 144 106 57 182 18 144 38 81 90 97 37 202 25 9 127 219 25 112 92 217 73 124 60 31 74
231 25 1476 103 10 62 72 134 121 117 41 230 148 8 123 237 91 14 134 77 17 110 86 143 28 5 21 130 129 195 90 160 18 242 71 81 65 106 54 84 96 33 133 55 7 220 145 122 105 174 38 111 82
232 25 1581 193 74 38 113 153 117 59 42 178 126 135 150 159 2 5 112 185 150 96 67 106 54 238 101 75 44 126 14 7 36 147 51 9 135 64 113 203 122 55 82 200 91 131 58 244 37 171 130 186 118
233 25 1576 49 141 71 136 243 147 30 18 212 138 205 58 41 115 144 104 78 148 77 134 179 28 24 61 87 120 147 57 149 34 226 47 148 85 69 144 216 139 207 55 65 145 58 10 200 37 8 127 220 86
234 25 1696 6 145 199 43 214 145 99 115 29 77 13 105 74 49 25 68 164 63 174 21 158 90 215 17 150 67 53 9 145 124 46 150 218 44 242 82 191 43 248 119 119 10 175 42 209 101 11 24 216 87
235 25 1758 194 123 126 111 41 27 27 145 237 23 68 83 172 85 26 116 216 8 65 86 178 77 62 69 135 63 130 8 78 16 154 2 143 116 122 44 138 108 166 55 140 139 239 68 204 57 233 13 223 121
236 25 1458 190 49 182 109 135 46 40 145 75 7 248 76 51 63 69 22 8 8 132 73 12 123 111 103 140 67 11 75 179 33 95 21 234 28 29 68 24 120 212 50 78 61 178 28 175 98 152 32 156 35
237 25 1783 206 17 7 119 19 47 85 29 223 15 114 67 97 146 215 66 171 86 130 21 63 142 48 43 217 145 194 100 152 28 58 19 186 126 189 132 162 120 156 76 183 122 213 81 120 77 196 140 163 77
238 25 1549 160 27 219 109 119 137 56 114 36 7 93 93 127 129 170 116 212 31 135 68 107 69 191 119 151 110 97 46 202 11 125 11 40 93 22 8 129 27 174 66 118 61 12 96 130 127 210 61 63 129
239 25 1627 169 83 221 37 233 81 185 80 84 98 54 144 187 46 67 96 126 145 119 92 130 87 102 143 234 31 69 145 43 133 223 61 65 94 49 99 76 86 78 59 132 104 129 73 114 105 117 35 248 48
240 25 1601 71 99 90 106 181 60 201 76 94 125 36 60 70 37 158 97 22 36 7 4 219 63 172 147 185 137 203 103 221 100 103 43 150 92 49 131 54 1 156 147 227 93 157 147 229 116 145 100 3 52
241 25 1711 105 121 66 76 170 150 15 74 4 135 174 56 128 123 150 78 5 103 12 1 104 55 209 2 135 75 147 87 127 100 91 150 215 69 221 16 233 144 171 69 219 127 196 42 176 23 148 30 202 60
242 25 1573 180 106 66 139 159 2 115 5 38 143 56 29 144 22 199 16 187 31 160 108 101 78 236 97 21 63 121 21 94 23 32 23 230 49 13 38 229 95 174 100 18 17 74 66 33 60 248 94 219 148
243 25 1523 23 106 246 146 170 17 166 63 41 49 138 120 247 50 9 146 231 3 135 4 5 102 72 28 219 104 189 118 249 110 18 22 65 13 19 135 184 47 123 34 134 42 80 136 3 125 218 5 62 71
244 25 1494 161 13 44 88 34 148 177 3 248 88 220 71 102 85 139 38 167 124 37 140 7 72 33 136 9 85 13 26 192 74 198 52 138 42 23 91 118 26 238 107 47 9 210 31 247 48 150 121 36 139
245 25 1646 177 7 73 15 66 110 127 43 151 100 91 2 189 82 193 12 174 62 187 11 168 133 121 80 216 120 115 142 14 105 70 77 134 137 186 60 232 38 61 122 42 50 5 36 63 28 248 149 190 17
246 25 1789 83 63 246 150 132 124 116 23 237 70 142 109 99 76 247 136 137 78 74 150 151 115 155 52 213 134 49 113 226 68 138 65 147 69 91 12 141 79 32 34 87 32 159 86 117 48 163 92 197 16
247 25 1942 8 147 172 10 59 106 210 21 183 29 117 20 244 15 190 86 127 132 114 10 65 103 241 26 238 109 223 102 103 119 167 60 89 121 175 96 231 147 228 111 115 149 156 32 91 58 121 107 217 87
248 25 1833 109 9 112 148 119 86 199 121 104 118 81 70 56 53 246 53 183 94 32 44 211 82 149 142 221 92 249 141 148 17 127 106 227 91 203 95 26 103 66 132 220 148 53 27 200 149 181 35 144 12
249 25 1860 80 104 243 30 247 63 171 45 155 18 163 84 175 91 224 29 188 101 84 55 82 5 204 35 134 3 35 64 239 78 128 68 222 98 130 87 170 27 191 40 241 26 14 132 1 145 21 52 178 25
250 25 1248 35 32 78 121 67 32 55 81 71 35 110 90 70 81 239 99 117 111 27 110 100 68 187 115 101 138 59 123 141 38 97 125 22 26 48 138 107 104 218 79 38 27 121 59 10 61 158 26 221 86
251 25 1325 137 20 155 74 35 57 11 145 79 53 33 77 29 4 52 76 141 61 30 111 169 39 128 48 74 37 126 94 172 12 114 79 187 150 49 46 216 1 78 142 80 133 146 57 226 56 36 136 148 57
252 25 1631 176 11 184 124 84 122 199 27 93 12 92 73 249 93 158 97 239 25 98 118 216 79 151 63 35 28 220 123 15 18 81 140 128 114 13 111 185 113 189 79 125 81 2 123 223 111 21 11 87 68
253 25 1865 231 52 248 131 15 85 210 134 159 124 203 39 163 80 104 76 142 40 238 131 18 64 111 21 188 135 233 59 69 28 228 23 176 110 89 10 169 74 70 142 127 58 156 108 13 81 200 52 171 82
254 25 1712 21 136 94 92 174 28 226 132 25 147 59 54 119 136 63 109 247 83 232 66 224 8 225 80 18 37 62 67 138 134 98 9 70 41 152 43 229 76 197 75 136 150 95 122 113 103 195 135 212 52
255 25 1777 111 99 63 29 188 149 128 148 68 20 201 62 240 130 239 86 156 76 87 101 49 149 153 19 246 37 106 118 233 117 119 43 117 33 124 107 31 51 206 50 171 57 213 112 93 29 135 143 77 136
256 25 1406 98 145 181 36 50 98 218 69 18 113 187 50 36 95 183 136 151 84 58 7 197 69 96 49 219 38 27 4 133 54 39 82 150 21 67 52 220 135 20 89 49 108 138 84 3 22 119 3 156 79
257 25 1460 61 52 97 56 202 66 195 79 21 129 184 11 10 133 83 79 134 102 65 55 140 113 165 79 196 117 153 16 171 108 194 81 11 143 238 114 60 84 144 132 213 127 92 24 12 74 2 97 77 118
258 25 1551 2 18 30 118 196 27 184 150 243 6 7 38 186 69 32 25 183 93 58 126 124 72 5 65 16 40 49 14 66 67 217 133 246 34 181 75 167 130 19 24 239 56 159 109 190 35 132 143 171 56
259 25 1500 214 75 72 9 42 62 208 5 127 76 122 10 123 105 190 47 124 21 65 147 159 121 108 118 162 42 110 43 234 80 48 150 56 120 60 47 33 69 104 109 144 25 20 117 181 61 63 56 232 78
260 25 1809 3 90 100 112 109 11 103 119 155 89 55 140 156 126 149 104 58 118 207 16 161 133 236 129 214 96 92 69 129 121 223 19 170 36 229 132 241 49 186 81 240 70 117 118 9 124 35 118 242 98
261 25 1648 100 129 76 15 226 67 136 55 89 60 225 8 246 3 141 88 2 29 118 102 168 87 157 37 4 67 60 41 84 51 188 36 129 115 52 5 134 87 61 22 249 85 82 46 237 122 183 40 150 150
262 25 1356 91 120 36 147 56 139 14 67 31 149 18 68 86 48 83 38 204 116 176 64 39 126 48 120 121 137 92 3 226 143 102 17 12 139 165 19 130 30 136 110 229 53 230 16 2 14 155 106 231 131
263 25 1593 219 69 106 69 139 127 5 130 131 132 174 85 186 73 165 4 54 144 91 114 24 95 193 90 97 108 94 104 188 76 224 56 132 92 210 48 175 142 99 76 136 51 45 91 4 89 182 69 114 26
264 25 1604 113 3 224 120 249 127 7 76 101 65 109 144 10 120 242 35 112 123 135 89 105 22 41 100 212 95 240 95 215 3 21 78 8 144 108 23 6 133 73 22 92 16 181 111 209 17 183 101 213 138
265 25 1473 74 103 187 136 149 78 30 14 130 102 191 39 248 91 96 20 46 131 144 69 22 11 134 120 216 108 2 19 70 89 242 24 77 79 73 4 11 136 86 12 228 76 120 74 82 116 54 75 234 77
266 25 1517 86 85 60 107 51 69 8 21 190 49 62 14 77 141 186 83 201 23 220 114 52 45 225 21 120 58 188 73 133 124 70 110 113 76 10 81 185 132 71 83 244 136 160 86 221 94 88 45 13 1
267 25 997 198 107 127 70 27 135 10 101 19 133 2 138 242 66 15 54 96 149 35 118 32 130 53 93 165 125 86 4 21 150 7 68 106 133 40 134 49 137 139 83 240 128 26 105 92 31 152 91 16 120
268 25 1349 174 97 74 68 14 1 5 67 71 4 123 41 161 8 32 145 126 30 133 115 12 72 92 89 76 86 120 79 178 87 100 1 233 74 20 96 24 65 146 29 87 138 239 96 169 85 172 50 117 138
269 25 1709 111 90 231 2 17 66 221 96 45 57 195 97 189 118 16 87 193 91 1 41 219 89 180 60 235 49 146 58 198 65 147 11 204 129 12 21 97 34 66 141 40 10 138 80 230 3 218 24 70 116
270 25 1676 216 111 246 127 197 146 23 104 245 87 202 5 90 80 18 12 26 3 227 69 242 39 156 74 68 60 243 143 55 13 9 71 173 4 147 19 199 121 174 143 157 27 200 49 8 19 10 86 22 89
271 25 1507 154 15 177 9 38 96 218 33 125 45 46 147 219 101 245 139 99 66 214 144 24 90 195 124 49 113 234 84 34 24 189 51 100 147 140 95 67 72 84 43 68 130 39 86 30 35 224 81 2 39
272 25 1501 124 26 80 18 101 29 182 84 164 68 109 3 68 8 201 7 4 69 81 88 161 148 69 51 184 48 186 59 180 87 150 5 64 29 222 65 209 106 100 123 73 59 77 42 18 77 50 24 146 80
273 25 1677 63 106 130 131 209 63 228 144 173 110 182 74 164 48 153 38 114 61 243 115 85 67 125 111 158 95 40 109 118 85 189 130 92 18 60 150 232 39 45 56 148 79 180 112 28 134 49 41 146 43
274 25 1579 205 31 59 132 243 118 176 34 126 43 68 16 74 112 85 33 163 118 123 58 174 23 138 55 36 65 186 7 135 128 111 65 238 44 210 105 69 43 32 63 13 98 134 70 38 52 245 47 77 117
275 25 1493 234 31 152 50 20 87 156 4 16 119 121 103 12 32 159 33 126 92 145 90 91 133 115 25 154 5 128 48 101 104 14 37 86 67 186 57 205 44 212 72 62 134 176 23 5 43 228 52 82 118
276 25 1463 34 49 144 137 53 21 187 5 76 2 43 113 69 29 219 25 172 33 197 135 216 74 157 83 160 114 25 37 117 8 56 2 6 2 188 10 174 74 165 100 28 107 114 46 37 35 72 10 217 120
277 25 1730 144 134 94 53 216 53 18 40 241 134 198 98 135 5 199 24 215 23 150 29 224 127 187 137 124 74 123 45 89 15 29 123 10 31 88 12 50 130 104 133 229 1 67 83 52 42 247 24 227 99
278 25 1462 167 116 187 142 239 60 87 23 148 103 3 72 12 135 62 125 84 141 80 116 219 80 184 53 131 26 202 6 118 78 6 135 193 143 176 133 2 64 8 99 116 110 123 129 147 84 205 130 26 84
279 25 1738 98 96 216 131 198 48 158 101 104 26 179 59 162 123 153 37 108 4 53 117 155 70 78 77 249 124 62 105 204 37 89 3 182 104 183 31 1 41 232 106 218 62 167 29 86 19 67 145 75 119
280 25 1276 11 79 139 89 5 139 62 118 145 67 4 33 19 37 138 104 119 91 246 2 48 13 65 66 91 51 135 7 47 9 128 58 39 118 146 45 208 109 102 26 167 87 46 5 176 99 173 116 94 27
281 25 1704 66 58 41 31 248 93 117 7 90 25 236 149 113 53 144 109 162 4 170 113 81 36 51 77 140 127 77 65 244 123 243 109 180 35 190 128 30 6 36 121 233 121 219 147 225 14 56 36 17 127
282 25 1728 98 13 51 76 154 127 152 70 20 124 14 131 104 149 120 33 178 27 111 90 218 8 116 83 215 101 49 141 102 98 203 52 73 9 30 77 230 50 244 82 205 92 201 39 171 129 208 70 190 149
283 25 1880 239 147 214 71 63 66 69 53 20 19 158 71 93 116 201 19 197 102 21 90 183 75 235 16 103 113 223 74 104 74 112 52 132 114 157 53 117 26 221 124 96 13 241 148 232 137 101 54 229 33
284 25 1603 180 61 119 45 14 84 20 87 137 43 101 139 181 32 102 139 34 20 114 4 93 110 169 35 209 2 224 10 105 52 194 84 112 13 81 27 96 150 216 32 144 66 172 76 47 24 115 83 228 138
285 25 1552 38 89 206 24 100 109 47 9 163 50 102 149 212 16 231 90 111 80 5 45 75 72 218 150 219 93 114 3 186 44 40 125 84 98 183 56 91 121 146 45 71 109 60 101 101 73 232 55 69 6
286 25 1524 27 36 157 47 129 23 201 16 66 90 92 1 189 91 184 145 137 126 117 35 22 37 195 132 89 145 206 120 2 124 227 130 59 83 78 39 5 28 204 72 17 95 173 56 136 8 152 24 185 118
287 25 1472 110 107 56 57 140 94 201 95 65 2 220 141 81 30 25 110 169 132 37 122 53 104 19 27 111 56 136 64 231 121 131 91 27 138 247 118 181 99 214 97 103 83 137 35 62 113 45 82 144 131
288 25 1666 56 49 236 74 227 98 181 63 61 11 183 93 103 11 80 149 78 62 41 8 102 75 196 36 238 109 180 20 204 11 2 48 152 129 46 32 193 6 242 125 149 45 37 80 45 66 192 94 108 51
289 25 1153 145 132 197 33 21 57 62 140 210 124 66 64 22 17 144 69 150 36 24 142 88 150 104 84 165 145 28 122 45 24 55 143 8 125 201 72 13 97 82 76 70 101 71 88 152 8 12 145 171 85
290 25 1427 232 120 138 68 34 134 197 57 181 20 211 125 80 35 76 101 51 88 235 13 17 137 85 4 194 67 33 14 4 66 141 133 220 27 129 26 59 51 188 133 30 22 8 30 125 145 78 109 109 96
291 25 1438 95 43 52 32 238 68 14 53 171 30 37 14 164 56 42 43 233 100 243 22 32 22 244 140 153 70 134 80 78 43 28 24 79 107 25 48 223 27 121 54 116 136 117 123 29 9 58 78 151 29
292 25 1424 11 122 174 50 176 43 36 108 72 30 35 145 18 15 202 94 164 126 223 86 229 38 21 145 162 49 4 69 28 6 48 89 30 123 190 5 216 27 212 39 206 48 234 26 37 119 78 12 43 13
293 25 1618 40 80 86 86 144 86 91 112 14 147 11 104 126 84 195 82 151 72 246 39 79 143 124 54 109 62 225 86 73 117 214 99 85 2 142 123 105 138 238 18 191 65 51 135 147 3 156 92 193 137
294 25 1371 234 67 240 92 78 16 129 103 83 131 68 81 65 71 74 139 113 128 126 50 145 66 47 103 63 51 60 104 144 46 39 112 238 31 241 3 111 145 135 141 15 117 8 135 140 146 97 120 49 114
295 25 1483 241 15 213 93 27 63 103 130 158 100 18 69 87 150 210 90 111 106 24 53 170 93 60 5 82 108 1 1 81 49 167 121 115 81 216 141 245 20 120 3 19 90 223 108 91 32 97 53 88 22
296 25 1746 106 59 164 67 13 48 126 114 200 108 218 131 29 98 196 71 193 115 243 47 235 32 169 92 72 103 140 75 142 62 82 50 127 148 224 126 128 126 133 93 113 121 191 8 44 135 24 36 181 61
297 25 1376 119 101 154 42 153 94 18 44 155 99 146 133 49 108 209 124 137 134 108 79 226 21 200 118 130 45 104 104 136 66 100 37 19 141 91 62 159 87 68 9 132 101 9 91 11 84 27 144 92 5
298 25 1765 71 62 106 41 191 150 44 146 181 32 61 80 118 82 171 110 243 131 46 13 141 29 215 100 169 25 235 45 218 126 102 90 239 57 80 132 157 24 79 37 155 142 219 24 173 89 35 117 81 129
299 25 1588 61 109 143 12 130 17 47 76 186 124 27 26 213 84 155 96 242 80 174 130 136 115 148 111 87 138 146 4 160 128 32 21 38 27 134 117 245 82 93 31 6 121 108 20 204 14 165 147 96 88
