0 25 1728 119 198 81 23 208 185 238 37 48 173 51 175 221 48 69 227 145 99 45 32 41 165 120 209 91 124 166 239 192 180 204 60 229 34 82 186 70 172 222 117 196 124 143 166 172 212 142 168 162 39
1 25 1838 52 203 203 171 13 146 146 179 134 88 210 189 249 40 222 183 226 41 104 49 10 151 173 152 168 196 113 161 215 127 199 118 79 4 141 91 149 138 121 134 225 182 72 76 43 8 197 185 213 97
2 25 1853 194 215 19 96 132 66 60 42 133 186 93 250 116 96 242 207 96 130 179 229 206 111 152 31 82 46 140 130 230 204 226 26 168 97 121 151 14 32 193 146 70 35 248 185 232 239 243 77 118 172
3 25 1770 157 176 32 58 206 215 205 198 94 184 151 69 209 171 165 181 71 179 213 115 176 134 149 173 68 232 14 61 58 233 232 66 158 115 225 114 79 179 163 172 215 63 92 173 233 109 156 139 20 20
4 25 1528 64 153 169 89 220 2 102 132 162 84 113 227 94 79 202 59 157 130 221 180 196 33 22 119 118 232 176 23 120 195 42 183 97 62 123 168 224 50 77 160 14 53 3 93 106 61 101 88 133 133
5 25 1318 33 165 6 3 134 237 178 8 106 122 50 140 70 213 13 238 128 88 37 204 247 152 7 101 96 214 197 51 145 181 84 162 186 188 147 24 116 155 129 89 56 120 159 18 132 146 146 220 34 201
6 25 1465 68 37 59 21 133 23 135 79 175 132 111 110 145 46 48 41 69 163 47 49 1 102 168 159 222 152 156 117 223 41 169 40 78 228 162 210 250 149 140 174 30 250 34 174 147 183 66 67 95 113
7 25 1829 217 197 214 236 208 185 137 113 153 109 6 174 1 185 151 14 144 2 162 135 27 191 236 162 216 132 94 32 50 188 118 135 209 103 92 246 240 56 200 61 173 200 245 73 66 240 74 227 226 101
8 25 1297 20 211 12 235 194 106 16 243 145 11 110 131 72 213 222 67 54 130 66 3 42 239 55 139 163 222 128 89 198 104 189 69 64 52 9 171 102 6 34 64 136 105 210 171 33 89 88 137 232 76
9 25 1862 43 120 239 14 248 179 64 203 219 132 118 20 37 227 131 208 181 238 241 96 123 95 223 184 117 107 124 204 243 106 132 138 225 222 151 222 150 66 26 118 198 144 86 222 119 43 152 208 135 247
10 25 1470 81 81 71 116 197 29 240 3 22 95 134 159 69 105 161 143 4 227 20 121 26 163 109 111 237 80 6 138 37 140 219 73 159 85 19 188 176 21 61 20 154 71 190 110 231 184 113 59 204 233
11 25 1383 186 218 194 149 204 23 154 194 59 145 180 130 69 190 66 190 127 241 210 39 10 216 109 51 75 192 235 40 102 40 22 38 7 215 38 63 89 43 6 250 39 37 129 108 226 194 47 205 184 108
12 25 1772 243 45 73 204 197 250 145 33 141 98 72 162 135 181 229 24 67 66 248 168 105 136 46 212 213 91 110 167 126 217 12 22 142 67 219 243 211 103 133 58 175 146 45 105 124 68 97 43 236 196
13 25 1739 210 90 81 108 153 145 198 114 62 176 80 175 197 221 241 17 65 53 120 197 212 146 93 108 68 28 13 245 172 204 177 131 208 71 180 71 234 105 2 158 154 75 22 139 141 86 218 36 178 75
14 25 1548 137 97 204 186 59 68 32 82 123 208 212 80 131 243 2 114 200 4 124 103 180 225 68 129 117 153 96 4 182 22 141 131 78 178 189 145 210 20 18 19 83 97 149 75 201 13 24 56 136 126
15 25 1680 235 110 102 52 90 218 57 37 221 90 161 213 220 238 243 158 132 202 29 149 111 98 38 150 233 61 205 220 39 41 181 140 194 123 209 102 159 31 44 171 96 13 158 88 23 142 141 153 40 212
16 25 1808 14 239 182 51 240 16 213 46 235 1 86 18 242 132 140 52 233 150 83 128 71 30 141 80 219 15 221 211 167 113 172 180 203 206 82 193 45 238 58 147 176 177 139 57 168 190 67 124 19 239
17 25 1623 5 11 69 223 25 141 183 43 3 207 75 58 162 156 234 52 89 143 199 14 87 172 236 128 63 155 104 183 143 108 193 63 81 69 204 115 111 58 71 185 217 84 216 68 244 157 62 192 170 233
18 25 1437 130 194 70 110 6 224 213 40 219 70 84 31 2 152 86 117 114 246 39 151 212 123 93 30 42 86 186 103 105 85 111 150 7 220 155 82 182 46 50 104 129 183 207 132 120 175 98 115 214 248
19 25 1465 77 188 90 208 229 27 143 183 8 99 120 119 249 126 88 5 207 122 51 7 225 31 41 181 15 160 106 112 127 171 109 55 108 50 12 188 178 154 186 2 239 54 102 114 141 107 71 114 9 179
20 25 1398 88 39 71 121 155 230 78 16 106 100 226 160 207 127 23 144 55 176 115 240 30 104 145 131 217 137 89 139 1 97 169 88 238 239 60 142 137 158 28 236 133 40 44 112 62 39 166 238 154 7
21 25 1447 119 109 151 249 75 37 88 66 37 36 86 227 23 75 138 165 145 25 174 172 112 158 63 8 19 125 46 184 214 51 190 82 159 192 182 86 229 121 3 117 157 88 195 179 14 83 158 209 118 182
22 25 1359 70 26 244 179 44 220 77 80 183 127 121 14 138 63 48 75 41 168 9 74 16 204 105 30 151 39 96 19 72 17 66 196 189 137 22 18 139 185 137 53 232 63 195 150 241 203 75 7 8 31
23 25 1454 36 145 182 74 92 200 146 109 95 63 54 135 199 177 5 120 176 245 55 165 47 138 227 241 139 218 45 214 76 53 244 111 49 27 141 226 33 249 172 197 154 57 248 182 163 117 107 157 23 123
24 25 1692 203 161 202 45 151 21 89 114 96 243 210 58 144 236 195 34 64 228 134 87 174 139 245 171 70 157 140 28 63 162 117 174 102 161 75 224 40 69 196 101 228 89 87 172 122 2 149 107 88 175
25 25 1881 245 83 95 64 239 86 92 154 100 94 20 23 195 33 199 20 236 239 88 181 89 167 27 88 141 28 237 100 218 13 94 50 209 158 140 45 101 43 144 194 165 18 240 197 217 9 34 57 198 214
26 25 1616 247 114 233 24 53 226 153 39 75 222 168 21 112 177 13 156 129 55 151 174 219 168 163 17 134 23 152 42 72 116 39 185 98 164 238 175 128 249 140 133 19 12 244 47 24 1 28 181 201 1
27 25 1441 68 114 18 54 238 169 95 60 136 235 96 86 185 10 168 63 111 159 47 231 170 40 129 46 40 156 226 190 107 226 7 72 162 59 116 7 118 1 93 66 86 93 10 164 58 20 210 38 189 249
28 25 1385 166 234 140 72 61 79 30 37 188 101 131 99 11 246 207 231 247 50 46 184 142 45 3 209 22 168 77 62 19 243 158 166 106 89 195 244 26 147 125 226 157 222 183 137 70 84 182 4 79 236
29 25 1484 79 37 174 100 56 102 161 176 94 58 186 111 16 24 157 9 151 53 235 126 62 59 160 198 128 243 232 233 69 60 219 249 198 142 98 3 95 111 31 189 20 216 35 239 58 146 139 212 116 125
30 25 1698 40 26 73 168 120 156 150 41 215 220 39 162 213 239 16 58 99 46 98 220 113 248 107 101 157 104 91 221 85 207 95 227 232 167 246 101 174 247 243 138 217 32 151 179 20 19 236 220 166 83
31 25 1433 41 29 183 147 129 89 72 59 187 28 6 163 111 24 158 63 198 6 56 187 222 87 88 151 208 106 238 29 123 173 69 151 105 216 132 193 67 203 104 3 82 211 17 192 234 174 4 181 32 59
32 25 1384 118 3 145 57 5 204 14 243 232 136 165 51 37 19 20 63 184 222 18 39 53 228 55 244 212 81 247 244 112 158 111 114 52 167 119 108 32 213 89 168 229 241 204 247 108 223 161 144 46 31
33 25 1414 182 200 8 236 193 71 66 41 65 29 198 27 143 102 46 113 209 77 177 149 244 155 140 49 151 99 123 163 94 168 25 117 53 113 161 123 30 202 39 59 1 66 204 213 17 162 163 135 97 154
34 25 1291 183 99 2 56 11 198 75 56 222 44 108 186 204 82 68 7 121 126 8 38 30 211 46 225 140 238 239 24 186 142 59 34 245 216 146 192 40 201 16 83 58 201 139 140 120 145 112 245 4 149
35 25 1518 126 67 171 143 139 10 131 163 47 22 221 80 16 186 226 60 77 28 75 12 188 127 150 179 247 146 40 93 2 188 219 68 187 241 62 177 103 192 89 149 65 161 81 182 96 158 93 25 185 167
36 25 1652 36 224 146 185 152 244 80 191 86 183 230 156 18 249 163 195 203 206 135 203 20 46 33 54 243 42 17 79 165 154 52 60 88 204 155 20 246 92 202 226 248 54 95 98 216 141 172 26 104 43
37 25 1466 173 137 198 165 178 94 34 6 8 187 58 169 127 113 73 248 108 164 199 185 13 104 30 212 172 22 113 195 47 217 89 219 103 37 236 132 130 121 240 239 159 149 157 35 11 229 32 220 244 83
38 25 1725 155 7 38 36 218 209 57 81 5 206 149 94 26 1 130 113 234 9 85 75 247 244 223 5 162 55 78 96 61 84 133 198 154 194 106 86 198 163 143 189 86 22 153 171 132 238 246 230 231 218
39 25 1788 234 110 155 68 123 61 248 218 121 183 203 170 86 248 127 23 47 40 6 190 228 193 211 130 114 195 219 109 174 199 178 10 59 184 179 33 244 176 103 216 109 157 135 46 154 12 69 52 51 176
40 25 1681 241 130 119 54 111 84 248 80 44 23 130 221 134 40 155 63 73 250 90 175 216 198 81 100 244 86 213 164 137 115 89 128 96 207 33 207 40 132 138 83 154 17 156 38 57 162 202 231 161 41
41 25 1490 155 126 91 87 78 186 172 142 99 58 7 187 37 204 246 69 12 137 200 149 72 206 18 227 95 176 240 46 156 150 188 60 128 130 248 57 65 169 198 163 56 202 115 10 49 35 21 185 235 170
42 25 1267 6 190 39 84 136 214 73 33 119 75 220 30 54 100 27 110 16 47 57 179 124 113 232 238 122 30 125 142 66 109 163 72 150 201 7 35 164 182 67 32 138 163 59 89 189 168 105 235 76 135
43 25 1748 211 188 116 50 59 247 174 53 62 32 215 235 33 18 242 169 181 173 87 65 30 77 227 88 165 18 107 19 104 182 5 64 120 120 114 30 218 37 184 30 171 1 203 18 224 50 29 60 216 58
44 25 1716 136 45 247 153 62 205 23 17 137 28 81 108 249 194 239 217 230 25 98 2 25 213 205 144 70 30 45 200 191 11 110 179 157 208 163 103 86 151 130 166 129 211 197 191 224 44 192 248 6 248
45 25 1650 141 177 129 186 127 70 48 88 248 204 45 78 23 59 32 108 209 162 126 170 142 86 120 88 26 93 131 70 91 238 169 83 165 48 143 219 167 230 216 222 145 244 185 176 204 245 189 79 80 164
46 25 1444 34 19 42 126 1 213 68 239 233 151 5 30 20 147 100 39 228 65 10 103 209 106 139 237 59 134 175 239 150 107 152 183 125 193 160 126 7 228 216 240 230 220 121 101 116 221 93 137 195 198
47 25 1595 208 84 184 16 69 210 106 218 66 7 2 191 52 161 168 58 240 133 149 219 102 20 70 69 92 60 161 228 162 207 175 119 142 108 236 62 68 91 29 235 200 30 103 43 194 12 32 76 180 24
48 25 1377 97 21 185 109 100 97 168 25 67 59 234 155 223 153 1 138 148 133 164 250 27 108 12 160 35 172 64 203 137 12 75 72 174 20 140 198 188 50 34 92 22 186 41 125 73 188 109 237 237 196
49 25 1953 199 146 230 222 10 145 174 146 157 100 69 231 23 88 222 73 26 21 106 219 145 143 9 121 216 197 229 54 236 67 249 184 212 228 155 221 123 180 219 131 29 37 213 153 227 184 225 104 204 182
50 25 1687 72 200 75 183 70 142 231 150 195 216 216 193 1 30 22 155 102 246 186 70 228 66 209 190 218 185 123 193 38 179 124 211 128 50 245 50 191 225 51 135 42 119 179 42 148 53 48 249 233 171
51 25 1531 26 48 129 215 16 165 88 60 54 16 35 116 245 85 111 44 127 187 197 114 229 65 42 20 64 196 68 164 244 152 84 121 200 64 85 67 228 24 126 133 141 160 249 136 96 211 31 223 147 227
52 25 1728 188 125 143 81 247 58 27 166 222 20 67 157 242 118 73 76 184 152 202 161 35 92 173 33 79 18 243 212 92 241 40 29 218 183 110 214 238 231 63 109 47 72 100 17 144 27 52 45 228 213
53 25 1560 181 172 135 213 102 4 57 63 198 150 103 78 117 137 39 182 228 26 162 41 134 60 214 85 178 107 112 230 3 191 192 184 248 214 33 157 128 230 56 230 160 24 116 198 94 76 70 236 61 231
54 25 1445 51 146 159 9 7 138 11 197 181 46 161 108 44 226 140 52 103 120 209 83 131 232 50 78 38 245 153 107 82 214 87 132 211 97 217 234 3 15 164 48 175 21 193 2 13 244 105 234 202 39
55 25 1511 114 35 190 43 72 185 196 30 16 11 219 250 221 65 139 39 49 141 53 64 41 80 187 233 183 199 227 37 34 178 177 147 213 117 189 136 153 236 18 20 98 236 19 170 152 10 60 52 2 215
56 25 1639 116 42 146 154 25 78 204 1 217 237 30 143 235 94 111 25 82 13 113 99 33 62 186 153 232 87 162 41 139 164 107 4 205 2 9 81 80 212 81 46 198 213 188 34 158 49 58 239 163 22
57 25 1485 87 47 84 124 200 65 211 213 207 99 228 64 204 35 65 212 115 246 173 48 41 222 10 81 5 19 231 164 8 143 186 196 42 19 70 241 185 30 55 243 128 33 56 183 67 223 144 181 168 80
58 25 1536 111 139 191 191 245 210 171 158 217 165 195 162 206 213 83 196 249 112 1 242 91 135 149 23 201 223 18 233 43 185 63 153 73 3 169 212 115 77 30 29 21 44 87 86 126 32 84 238 134 177
59 25 1739 180 120 76 55 70 48 72 155 90 7 217 94 181 71 38 100 135 4 28 164 150 207 221 87 83 104 171 172 199 203 209 24 7 29 174 181 35 115 187 1 219 71 98 170 205 102 197 221 236 199
60 25 1426 177 206 35 111 59 57 134 250 6 189 209 131 195 89 54 125 123 169 163 123 229 234 45 76 153 102 29 202 174 116 2 202 71 36 63 232 93 48 231 200 236 41 80 33 129 134 9 1 154 24
61 25 1597 225 132 7 122 59 11 75 88 64 248 55 65 199 228 203 113 209 147 13 41 96 100 184 175 132 62 160 243 165 63 16 241 46 22 214 207 134 140 146 198 137 200 114 188 177 66 152 237 212 164
62 25 1787 130 159 116 63 186 247 226 95 239 140 10 106 233 157 229 48 113 113 188 8 162 176 208 25 215 134 193 117 223 6 132 102 165 247 164 100 96 139 46 186 131 157 42 215 64 20 12 28 51 36
63 25 1608 145 227 95 22 191 80 214 159 52 71 41 153 87 139 168 38 234 159 84 22 39 92 63 105 7 82 116 35 66 167 172 210 245 118 83 185 197 148 196 101 219 236 3 55 226 23 93 62 181 28
64 25 1616 83 71 221 247 175 228 78 142 114 245 160 35 57 154 152 139 191 200 37 136 50 5 223 155 161 50 177 105 111 209 234 45 29 205 41 55 182 221 48 147 215 208 33 123 213 184 12 153 235 48
65 25 1539 140 35 154 112 41 166 14 69 21 124 27 4 157 208 61 63 241 133 110 239 200 67 72 132 56 83 136 41 232 26 177 237 239 69 153 2 137 25 228 15 28 248 23 88 58 85 180 43 194 21
66 25 1743 242 113 41 63 96 97 248 231 239 229 6 165 68 97 233 220 98 221 75 235 225 174 7 62 84 193 94 126 238 114 117 202 179 47 102 176 28 90 135 106 74 231 190 145 181 160 240 5 246 214
67 25 1500 179 104 128 114 148 73 239 136 38 105 87 43 135 134 145 163 13 86 169 147 44 94 233 238 58 245 227 164 92 42 194 196 57 195 93 45 80 130 1 167 173 238 152 67 150 164 4 170 162 47
68 25 1503 13 39 132 250 198 228 78 214 69 119 157 116 140 66 61 232 212 140 214 65 158 136 52 161 54 201 74 57 120 236 206 132 126 189 233 176 166 162 139 234 30 147 202 21 64 12 105 26 3 68
69 25 1609 90 161 203 243 71 108 45 247 16 164 84 221 147 61 159 231 236 176 142 226 160 23 123 111 146 38 224 250 63 226 169 4 238 223 246 161 80 142 9 95 157 92 168 53 4 178 135 240 104 128
70 25 1653 215 115 151 189 77 46 227 152 147 141 127 65 247 217 37 242 229 218 134 237 164 40 180 81 195 183 111 181 24 66 59 91 209 131 108 106 9 2 100 237 168 96 55 56 189 33 23 174 121 38
71 25 1255 66 152 221 112 187 81 42 210 146 202 152 177 12 33 34 117 241 144 220 90 130 137 37 185 44 78 69 66 1 190 206 168 91 176 29 27 6 173 89 3 124 240 179 136 22 64 104 115 59 176
72 25 1689 56 40 164 93 224 208 22 145 125 22 186 80 190 128 5 70 7 112 242 95 114 218 144 103 60 207 58 174 117 85 229 157 249 173 232 58 46 126 182 68 61 114 109 189 220 178 195 82 141 195
73 25 1812 239 76 191 193 237 249 160 116 187 241 22 185 15 3 94 61 231 127 230 41 240 88 81 210 117 127 143 138 119 189 126 47 129 68 33 128 170 193 243 106 35 14 142 151 118 235 211 98 111 190
74 25 1772 241 203 129 173 14 98 152 156 235 20 196 213 66 75 132 201 202 51 245 46 8 29 161 149 179 28 242 228 198 33 70 150 162 242 15 111 143 22 95 15 217 159 182 143 41 132 94 91 126 241
75 25 1467 201 6 151 201 37 31 186 28 8 133 60 77 134 73 170 250 35 63 21 130 179 89 140 110 232 180 242 177 123 219 168 73 77 68 23 113 98 60 207 44 51 33 177 226 55 28 10 117 150 241
76 25 1793 147 239 131 6 220 162 99 248 34 170 165 208 246 233 83 108 182 142 139 186 1 23 214 226 77 242 88 45 141 180 43 231 162 49 200 74 249 198 209 20 167 15 48 249 224 230 140 174 177 175
77 25 1713 94 141 2 23 234 191 169 124 121 212 105 32 112 156 207 110 205 166 232 21 82 98 68 182 72 149 173 245 220 100 21 64 240 23 86 223 213 4 198 83 67 154 217 178 162 173 38 218 88 121
78 25 1974 238 21 218 56 202 39 56 227 136 26 76 156 191 167 30 128 241 95 233 188 177 50 194 245 227 207 168 116 174 107 236 14 230 204 69 181 94 226 157 81 1 84 89 191 118 170 240 212 153 30
79 25 1588 241 202 75 87 178 31 4 44 204 213 131 217 192 186 137 224 30 113 233 212 215 66 50 8 168 20 177 157 231 79 38 73 112 160 60 142 15 205 198 227 85 164 20 21 153 244 152 117 78 113
80 25 1669 183 143 163 190 60 182 117 69 14 47 106 189 179 218 98 238 211 214 44 158 43 128 174 62 178 157 3 44 234 116 226 229 130 18 140 163 134 208 28 32 166 216 210 235 63 197 195 27 240 103
81 25 1548 69 220 128 232 71 55 139 74 200 224 41 175 54 22 192 194 184 177 3 63 209 20 29 168 4 193 217 199 58 153 241 129 132 223 52 186 213 227 135 38 17 161 92 140 205 137 175 131 237 191
82 25 1384 159 15 211 14 208 29 64 28 188 68 19 67 199 93 118 134 55 196 120 194 212 31 35 101 87 171 25 217 162 113 10 172 128 220 37 187 100 101 214 37 168 84 103 117 28 72 102 184 17 222
83 25 1746 128 80 104 162 32 190 185 158 8 198 21 119 221 250 190 7 186 39 107 1 76 25 187 30 243 214 102 94 148 220 167 25 152 122 38 183 163 74 193 23 213 141 93 64 81 100 249 119 206 249
84 25 1883 194 82 185 224 74 149 177 20 148 248 186 172 149 58 61 184 72 135 228 94 7 42 235 100 105 167 199 103 35 6 203 81 190 138 156 13 138 184 134 35 181 70 58 182 229 220 217 50 206 194
85 25 1980 144 213 235 230 164 89 146 214 191 32 71 143 214 10 132 119 125 121 154 8 7 187 77 64 118 157 136 186 207 91 129 202 155 113 181 68 201 178 133 243 209 204 237 173 213 119 143 189 239 47
86 25 1540 197 246 85 125 161 54 32 148 239 90 117 143 245 81 175 165 133 102 47 125 60 102 213 84 65 81 227 3 172 125 51 19 61 176 31 114 59 179 204 250 19 70 142 13 2 66 177 134 167 76
87 25 1385 110 78 177 72 14 93 5 92 96 176 216 248 46 128 173 76 241 83 106 194 82 124 115 223 239 218 140 17 101 56 92 210 236 19 31 249 111 35 90 58 62 157 56 107 34 80 35 126 163 242
88 25 1751 171 96 116 137 69 206 104 208 222 204 64 15 101 184 147 201 44 34 142 102 197 48 9 156 183 190 190 160 102 33 182 50 68 118 205 171 177 177 226 42 92 92 244 25 90 46 170 123 187 123
89 25 1510 172 86 233 77 18 173 118 29 126 150 210 175 150 27 42 104 49 71 132 126 112 75 69 208 201 159 3 121 133 190 95 54 25 78 130 145 247 173 227 249 235 152 148 113 45 103 14 115 87 241
90 25 1647 79 161 60 36 214 70 140 186 202 79 30 6 206 209 237 202 86 124 37 84 210 188 83 73 84 185 199 21 76 129 34 135 16 247 204 155 182 8 234 211 115 41 170 101 242 229 38 217 117 223
91 25 1827 177 156 55 249 240 92 186 40 112 11 168 247 248 183 243 53 87 26 60 172 237 26 212 8 127 55 88 16 22 57 239 50 43 48 201 134 233 240 98 95 9 196 92 191 189 247 130 214 158 51
92 25 1605 52 184 115 161 162 169 101 177 42 157 165 91 118 60 240 69 45 74 160 244 169 169 190 112 211 230 108 90 193 118 141 97 51 107 109 212 127 209 138 21 217 53 111 85 214 203 5 8 26 16
93 25 1613 2 46 184 191 158 145 170 117 86 214 234 78 162 34 21 97 163 81 235 183 48 139 145 234 102 97 238 109 123 3 212 168 39 152 177 35 173 146 120 137 129 198 15 233 111 145 1 197 179 150
94 25 1766 85 74 133 186 170 120 147 144 224 108 164 114 112 192 34 87 222 22 68 21 172 82 3 91 44 250 193 241 178 92 75 103 113 125 195 111 18 21 218 33 236 79 225 236 215 163 59 236 230 79
95 25 1929 157 163 183 100 207 182 42 49 212 236 225 64 209 87 40 6 197 58 128 17 192 215 18 52 161 181 110 249 12 188 155 27 121 4 233 154 148 133 217 133 107 133 193 46 172 50 242 81 177 110
96 25 1258 23 244 57 142 45 69 72 155 67 186 92 74 212 64 179 46 70 76 178 36 60 34 20 3 79 44 154 173 124 183 134 248 176 42 140 220 111 63 29 248 68 204 209 131 133 106 52 60 33 190
97 25 1388 120 169 209 224 99 2 127 123 228 59 7 225 234 48 114 56 10 177 179 141 26 98 94 87 81 226 192 132 138 77 71 109 97 132 82 195 133 60 68 110 119 176 187 204 75 50 9 85 78 40
98 25 1599 225 206 137 68 42 217 146 85 201 135 161 21 243 7 152 74 54 137 133 223 98 103 148 34 57 222 186 167 158 13 58 132 70 195 52 111 13 49 196 213 183 208 86 27 215 237 100 18 84 240
99 25 1816 73 187 239 106 95 62 143 113 220 8 171 203 77 217 106 188 81 154 235 44 188 192 231 214 8 217 165 127 44 101 218 116 139 206 85 18 68 197 237 75 219 41 151 185 147 190 118 50 174 13
100 25 1443 90 218 243 155 77 61 172 204 104 22 171 71 160 229 246 244 63 42 84 137 11 124 37 47 20 227 164 172 2 176 113 71 17 148 81 40 203 184 61 123 107 72 102 167 198 164 209 31 152 71
101 25 1373 7 188 117 128 16 133 49 120 160 13 190 180 132 189 10 171 141 45 84 116 151 155 68 2 174 16 17 132 148 168 54 6 208 170 134 223 154 182 92 166 195 134 95 76 72 206 98 213 181 78
102 25 1314 3 188 145 106 111 12 123 94 12 142 147 17 99 168 150 174 174 184 15 89 128 250 35 55 72 240 4 34 91 185 213 195 122 209 51 84 221 25 29 84 166 175 100 117 194 250 40 219 183 156
103 25 1535 57 162 156 193 68 227 182 71 112 125 107 74 171 80 32 221 15 104 97 43 187 13 69 37 231 115 138 20 83 172 27 140 185 34 82 104 116 26 223 92 133 148 12 212 180 85 227 135 181 121
104 25 1445 72 45 190 210 25 54 97 146 136 120 173 127 54 58 61 157 170 176 182 142 119 166 40 130 230 71 214 206 205 247 178 128 41 117 87 66 35 63 158 154 34 59 145 94 67 64 121 101 57 239
105 25 1592 16 198 221 245 18 36 52 75 32 230 54 73 198 141 240 220 175 52 127 181 139 12 239 135 208 56 78 8 4 169 23 202 120 71 174 171 247 58 2 51 232 200 43 221 169 69 124 147 249 114
106 25 1716 158 90 248 115 247 47 45 4 51 213 26 104 101 145 126 168 23 183 21 175 164 220 217 236 240 35 110 136 136 75 146 225 175 112 221 221 156 224 123 118 226 70 98 104 196 15 128 35 50 144
107 25 1801 107 118 129 96 152 90 84 37 165 229 11 89 90 83 161 98 158 34 215 9 111 35 106 214 82 222 191 61 108 92 204 66 209 83 14 111 172 97 249 188 177 112 128 118 194 39 174 32 212 34
108 25 1516 168 169 100 249 242 40 59 99 132 13 165 90 197 30 52 118 126 51 158 154 14 35 21 59 73 88 12 98 119 223 138 243 83 136 234 122 194 185 105 58 201 47 4 230 98 122 207 250 131 110
109 25 1530 13 165 232 174 90 69 185 187 39 10 170 176 2 2 163 88 226 107 22 80 16 74 228 20 53 76 243 9 177 123 220 42 37 201 215 228 122 1 165 12 10 186 40 114 202 53 15 160 176 196
110 25 1685 176 249 174 47 153 101 39 161 129 13 232 170 49 182 236 129 155 237 43 19 246 80 58 211 119 111 13 235 21 188 181 48 186 206 94 88 158 234 100 36 183 206 146 217 191 24 121 29 168 139
111 25 1612 25 248 48 87 116 159 100 101 31 139 133 180 177 190 125 116 97 108 68 132 103 250 189 100 216 232 124 189 10 41 179 136 140 227 223 6 237 174 208 119 164 90 90 29 172 206 227 131 23 210
112 25 1310 85 124 1 184 90 232 57 130 93 200 58 229 89 136 53 196 122 78 153 92 241 94 81 224 14 138 200 144 12 12 228 135 76 243 172 205 187 121 13 165 62 148 69 7 146 160 213 137 105 204
113 25 1216 69 79 217 58 28 213 39 42 55 152 131 144 227 187 183 97 51 199 10 51 18 17 172 15 236 3 132 41 71 210 8 128 90 72 48 230 113 103 168 85 127 144 21 59 92 72 102 122 25 220
114 25 1812 145 39 247 130 144 230 171 214 190 30 194 29 101 241 8 213 195 241 232 29 118 125 50 176 69 223 183 22 196 59 241 90 200 89 219 93 68 241 56 109 20 101 137 222 37 138 237 18 167 104
115 25 1837 245 68 132 63 142 64 186 87 123 28 176 72 116 246 164 35 89 71 144 210 172 132 182 217 230 218 104 69 235 122 24 81 189 155 143 182 219 180 18 193 207 45 72 143 29 209 231 201 102 190
116 25 1445 224 233 223 190 213 42 44 133 129 17 156 209 58 61 204 239 131 133 7 73 90 153 188 13 45 68 73 127 18 174 169 94 9 141 33 73 35 178 205 163 195 110 121 2 22 74 240 152 59 98
117 25 1366 76 250 1 115 114 147 182 187 24 52 110 192 145 220 184 29 42 218 207 246 130 3 208 103 4 229 28 95 131 188 193 58 187 45 173 153 191 206 89 214 7 50 3 20 134 163 10 90 159 242
118 25 1658 92 116 94 197 196 223 41 76 161 85 236 97 129 158 101 70 113 189 135 222 91 142 76 212 184 209 124 193 48 134 36 241 249 129 187 47 204 228 224 114 62 209 43 116 163 112 229 203 98 52
119 25 1634 43 239 127 4 24 86 230 69 235 113 104 226 214 233 162 10 38 241 233 151 155 192 212 197 159 226 160 239 179 7 40 73 98 167 121 104 158 189 88 20 63 233 77 242 164 169 166 175 18 229
120 25 1524 121 176 57 132 165 235 241 56 159 88 222 87 60 75 96 249 15 218 143 179 52 121 107 44 136 26 153 200 239 131 173 16 187 156 32 23 146 88 34 233 161 222 43 88 68 143 102 35 137 30
121 25 1644 86 7 137 231 244 14 202 146 65 42 128 237 160 65 143 191 189 140 28 222 123 189 194 17 26 113 159 229 147 45 8 84 153 246 167 248 111 220 245 176 114 122 162 23 38 156 213 227 46 93
122 25 1637 50 20 133 95 36 10 207 46 238 205 192 97 141 196 195 57 193 55 128 187 230 241 160 244 13 198 1 78 26 148 22 177 19 154 54 15 228 201 104 35 142 200 175 189 246 83 131 51 210 169
123 25 1634 132 201 79 227 213 128 228 142 5 227 163 181 246 168 54 49 182 134 102 35 168 95 87 194 34 82 26 16 234 235 185 218 37 115 194 250 94 171 243 98 148 156 130 143 175 184 43 107 67 246
124 25 1380 243 86 91 79 29 124 13 156 139 98 140 175 65 177 141 9 28 234 31 122 183 30 129 63 24 54 98 169 160 16 164 152 101 4 83 231 229 197 136 220 44 127 144 211 155 35 71 34 120 203
125 25 1756 156 53 233 34 217 6 87 64 26 98 181 190 102 133 45 184 113 126 232 100 95 127 226 90 189 233 124 9 16 96 212 171 194 57 216 51 143 131 77 93 61 118 193 14 229 157 139 210 6 233
126 25 1893 86 83 73 25 65 48 135 81 245 96 103 244 141 159 209 44 154 191 222 246 89 189 147 204 167 53 93 228 160 177 165 243 101 189 159 1 176 91 123 194 239 14 204 49 92 130 194 70 244 91
127 25 1784 23 12 245 217 239 155 144 6 249 244 46 157 96 221 248 91 94 43 181 209 246 229 117 205 172 246 10 116 167 106 58 189 219 52 156 208 151 65 56 246 110 65 92 81 164 182 174 206 112 234
128 25 1487 53 192 100 7 114 197 119 81 113 76 138 153 44 41 58 103 99 60 167 154 56 27 70 147 209 233 180 234 188 143 217 241 186 66 151 12 69 231 124 144 220 26 11 186 40 109 97 59 152 85
129 25 1683 36 150 43 18 181 26 58 175 242 48 111 159 248 113 170 169 94 145 62 165 22 101 27 59 243 135 156 51 101 159 237 136 161 29 5 91 16 147 211 126 55 61 238 76 229 183 220 142 200 93
130 25 1760 95 226 152 87 213 159 239 165 67 225 227 3 156 68 158 218 185 156 30 162 62 90 1 239 68 36 60 62 235 152 210 155 242 24 63 230 188 130 204 89 208 58 97 127 64 61 74 195 222 237
131 25 1512 35 223 225 204 8 34 15 94 37 170 155 192 13 179 4 94 218 235 149 159 193 58 5 69 124 170 232 49 114 203 148 27 9 204 136 144 229 181 240 134 122 104 164 227 198 131 212 96 39 6
132 25 1564 154 43 176 129 212 157 30 178 64 177 90 175 130 226 170 200 56 100 41 189 73 144 102 50 193 85 113 39 123 220 44 18 247 24 81 154 53 8 217 219 37 158 245 166 133 164 116 7 229 188
133 25 1525 151 183 89 93 119 53 233 241 124 128 110 121 4 191 126 158 50 92 228 86 101 222 104 234 238 70 24 103 179 104 142 79 138 83 23 6 237 108 99 111 87 208 83 192 208 100 152 151 1 151
134 25 1418 192 86 240 12 211 194 42 65 187 120 54 19 244 60 108 203 10 70 142 69 152 83 69 109 34 220 9 213 58 9 215 102 197 204 157 147 6 73 83 227 127 204 72 38 163 127 47 232 18 115
135 25 1442 133 202 35 241 88 106 101 50 16 211 116 117 157 69 183 64 67 188 136 1 164 114 56 87 151 218 213 49 199 82 34 50 25 121 8 125 22 23 86 137 241 94 57 173 225 212 145 77 227 110
136 25 1573 133 63 113 202 26 161 3 107 176 185 242 78 210 214 85 84 235 209 21 223 51 115 131 223 123 207 184 119 34 12 81 18 74 193 219 201 205 221 160 131 8 151 60 217 217 246 152 201 204 25
137 25 1578 26 4 241 8 78 215 215 113 186 100 124 16 117 49 208 187 14 10 159 246 17 161 55 85 127 152 88 180 105 112 57 210 204 64 139 169 130 103 104 81 221 197 30 236 228 43 245 136 39 11
138 25 1320 148 195 95 127 97 182 56 53 146 214 115 99 27 3 17 9 106 222 89 183 44 138 161 73 123 138 218 117 125 6 229 23 200 73 149 46 201 1 19 65 100 147 67 218 7 24 42 198 59 85
139 25 1385 85 219 10 59 209 227 27 83 84 5 105 135 77 105 33 34 12 233 35 30 47 236 29 215 55 35 239 198 232 149 135 66 219 144 226 177 222 2 6 216 189 184 173 221 218 184 2 66 101 89
140 25 1284 94 66 143 128 156 193 110 54 77 27 22 220 3 199 43 4 60 199 112 25 239 45 197 62 12 233 116 115 48 217 203 141 32 198 18 187 140 229 92 68 6 215 139 110 163 181 215 74 129 76
141 25 1521 99 219 121 147 30 234 129 146 201 176 112 5 168 245 54 38 33 45 16 124 123 88 232 103 32 49 176 12 124 126 231 96 23 10 182 3 155 132 31 118 136 198 190 235 246 234 103 119 96 225
142 25 1556 59 197 13 229 107 40 240 230 166 220 178 40 230 109 42 236 92 174 104 227 122 67 18 208 63 2 162 33 199 137 193 145 47 205 225 153 245 215 234 12 184 161 51 15 121 92 1 212 16 206
143 25 1426 41 239 124 58 48 186 161 210 71 109 198 13 106 244 70 80 248 166 44 231 177 80 244 79 94 114 170 196 178 37 3 218 127 127 175 164 38 236 234 146 35 99 1 130 20 183 37 226 209 65
144 25 1711 55 202 143 1 168 164 48 95 201 153 164 179 131 142 205 44 179 190 130 177 76 80 177 205 211 183 237 187 142 153 93 93 45 195 112 208 95 58 10 247 221 41 229 215 245 22 37 3 69 112
145 25 1609 184 98 169 134 58 101 222 96 242 124 189 187 168 235 48 228 79 106 89 177 178 129 155 142 124 29 35 160 133 205 123 67 52 41 200 110 244 172 57 235 45 245 23 65 82 71 144 12 176 232
146 25 1499 189 205 213 195 97 188 75 233 199 208 187 71 24 91 214 223 52 207 246 108 43 143 205 66 59 36 136 202 47 163 35 87 117 247 134 65 184 60 149 132 17 188 55 142 28 18 217 79 76 212
147 25 1435 38 118 104 242 183 14 129 68 215 176 82 102 114 51 98 99 115 134 159 116 117 27 53 171 169 80 40 135 10 115 96 47 85 52 39 17 65 167 187 132 194 18 233 160 170 182 8 137 167 18
148 25 1518 2 136 45 54 56 65 133 198 199 244 164 146 40 248 49 78 117 216 97 53 172 181 92 214 59 228 131 178 81 16 74 134 173 138 118 222 188 111 238 84 150 235 234 80 101 199 176 5 147 67
149 25 1633 177 179 118 120 143 176 199 125 205 29 242 29 162 16 166 131 90 104 241 77 39 242 61 22 71 14 221 98 120 219 165 148 148 32 17 142 59 67 13 95 109 41 108 226 238 65 14 80 141 52
150 25 1661 72 54 175 244 169 247 92 38 216 6 38 215 139 156 106 197 223 223 209 169 183 102 27 158 12 116 75 25 48 215 178 221 120 204 66 38 201 157 166 14 215 232 152 120 87 98 194 161 159 113
151 25 1586 195 112 241 102 225 208 28 101 107 243 130 77 214 83 143 2 33 151 31 50 165 97 66 216 219 16 12 231 26 124 175 239 216 129 213 173 156 63 30 250 192 208 126 100 67 159 103 97 60 17
152 25 1926 193 193 184 10 161 51 123 142 76 246 168 64 211 46 128 236 202 42 117 201 233 74 164 211 26 82 119 128 178 30 246 222 222 179 84 133 230 206 126 157 54 43 73 116 89 200 203 142 242 69
153 25 1525 92 76 245 108 36 20 189 6 249 219 244 42 7 24 227 241 3 35 116 12 88 159 84 55 99 135 8 240 126 178 183 54 172 142 89 43 197 41 232 34 44 90 58 123 81 162 157 196 25 96
154 25 1635 206 108 150 156 243 9 247 220 39 32 23 62 173 214 105 207 12 145 209 243 31 105 82 190 227 162 203 235 210 228 80 17 187 81 192 169 1 230 200 125 41 225 190 247 33 201 142 94 45 24
155 25 1322 198 229 65 26 242 17 10 201 244 191 70 33 21 242 63 212 12 63 43 64 40 186 38 81 182 70 134 175 163 178 50 212 156 114 89 250 131 98 200 226 19 8 161 112 71 224 124 235 119 187
156 25 1709 126 54 76 207 87 247 90 114 12 119 163 223 127 27 164 126 9 11 177 234 151 48 94 163 159 16 136 134 4 172 228 159 247 36 246 244 125 211 107 95 123 181 221 149 96 9 207 125 243 107
157 25 1475 172 188 121 182 203 108 66 54 112 237 31 122 86 66 219 181 42 179 37 239 52 217 209 52 61 157 119 133 155 77 54 92 197 87 44 54 152 199 17 241 230 139 178 147 107 108 41 138 246 29
158 25 1480 189 212 89 92 124 245 4 242 229 158 68 32 101 116 119 246 170 122 195 38 214 26 176 141 172 135 100 212 95 92 164 159 181 5 134 27 111 228 6 120 45 37 221 13 7 216 34 231 12 71
159 25 1409 194 37 99 85 209 233 36 22 106 131 114 19 39 44 125 172 70 235 149 75 105 46 214 177 58 72 244 193 52 6 13 98 42 111 34 102 195 69 124 152 199 89 22 89 132 147 11 53 233 11
160 25 1456 230 189 56 45 115 215 116 109 9 20 114 22 117 7 132 150 109 179 70 84 80 19 172 102 107 155 100 219 59 82 38 21 137 184 135 204 152 95 212 171 60 85 139 67 217 140 27 145 209 110
161 25 1377 76 79 133 177 38 37 26 6 197 210 87 235 82 76 20 68 131 171 163 92 193 222 177 81 245 72 64 241 25 168 211 157 95 248 45 222 106 242 33 44 78 114 119 97 182 249 18 94 210 167
162 25 1702 221 143 205 67 214 120 159 198 247 76 5 22 8 50 244 215 143 128 9 72 242 229 168 25 80 37 220 124 99 136 94 93 192 160 158 62 68 106 58 245 14 62 17 123 213 10 88 207 239 96
163 25 1894 28 82 176 48 106 5 84 75 128 34 63 73 126 4 232 34 65 151 139 224 248 4 138 14 202 125 159 113 160 186 195 188 233 152 192 169 79 70 141 142 180 144 226 213 61 228 203 136 225 58
164 25 1605 23 238 35 77 112 100 235 77 111 22 21 48 107 172 240 25 161 78 242 154 7 136 231 71 48 61 183 137 182 58 125 217 134 88 66 220 16 176 241 138 224 97 162 65 223 13 77 153 5 230
165 25 1317 159 140 63 230 39 123 104 221 9 138 130 235 13 175 21 232 42 196 75 180 23 91 187 98 103 13 107 95 10 98 91 136 233 47 209 241 184 88 78 139 203 104 36 145 206 110 74 79 235 16
166 25 1517 15 82 119 130 183 77 76 192 175 84 33 162 168 79 222 10 114 60 87 2 42 160 149 39 115 111 214 193 95 230 60 28 200 41 62 26 116 3 52 51 137 66 218 67 37 227 180 198 166 181
167 25 1602 61 59 90 210 97 57 70 163 101 16 142 160 145 193 52 206 218 19 60 122 69 197 187 138 13 75 217 45 23 234 225 83 144 167 93 223 213 5 175 80 248 187 224 190 238 31 9 7 91 130
168 25 1846 177 139 168 167 3 243 133 47 117 218 22 51 111 40 195 203 114 9 207 38 89 204 224 164 245 64 47 4 172 137 235 98 127 153 14 129 247 248 176 113 67 49 163 178 190 107 232 53 218 41
169 25 1374 90 56 96 166 71 91 81 117 94 2 105 78 201 231 82 215 212 78 64 239 42 131 139 205 160 78 163 141 130 130 33 71 37 129 88 108 219 168 76 164 169 181 93 222 13 175 186 224 104 101
170 25 1831 212 146 231 100 202 140 177 216 133 158 96 165 229 234 145 66 193 113 86 19 128 106 51 221 77 63 247 12 139 202 215 202 97 195 52 150 187 80 116 171 90 63 85 68 46 230 235 239 194 70
171 25 1581 7 174 28 57 246 104 221 242 218 109 45 182 61 142 228 214 143 164 145 8 84 234 70 21 153 116 102 138 104 147 59 212 172 86 120 167 190 90 10 9 199 55 9 48 167 74 183 218 198 118
172 25 1846 202 17 240 206 234 193 195 189 90 4 150 11 191 121 30 232 211 39 11 93 31 121 140 198 194 182 232 161 129 99 214 247 89 170 83 31 114 21 222 219 23 233 160 143 243 103 152 85 113 97
173 25 1609 115 233 88 164 28 19 145 189 249 244 4 246 184 173 180 214 139 200 186 107 222 20 118 217 133 111 69 136 47 34 232 161 70 75 146 88 71 186 87 64 189 184 99 214 215 63 102 164 100 60
174 25 1331 238 221 178 204 103 140 124 238 186 157 72 198 127 141 22 80 195 59 18 110 99 53 209 62 17 123 15 181 222 75 20 192 2 223 146 243 96 235 3 56 227 129 48 101 128 45 162 247 6 10
175 25 1750 50 214 72 66 188 86 98 159 12 117 202 115 89 97 107 37 184 136 141 239 113 121 139 213 122 16 109 33 114 42 163 180 215 229 117 153 178 128 164 45 79 29 235 28 237 21 211 123 161 51
176 25 1488 87 133 189 151 4 56 9 138 170 224 32 82 5 98 162 224 192 203 16 236 31 146 72 58 132 195 120 106 207 171 44 90 109 194 195 17 54 83 186 28 216 119 134 63 209 165 222 161 180 59
177 25 1653 44 177 232 203 160 176 73 16 235 95 59 74 203 105 18 71 158 202 6 37 19 125 171 82 7 231 246 80 142 27 240 185 221 137 112 249 61 229 233 155 140 158 210 244 27 30 151 81 138 188
178 25 1544 99 114 210 180 120 190 27 51 183 155 40 219 209 112 106 173 212 166 151 194 71 40 203 30 135 230 161 36 60 48 75 158 136 190 132 177 68 182 110 223 73 78 181 37 35 103 248 53 44 225
179 25 1305 247 98 4 132 77 16 19 238 64 195 248 76 80 187 208 108 106 241 69 78 166 249 111 54 33 65 51 85 22 196 59 19 44 164 2 222 32 122 210 95 66 59 170 247 97 229 206 202 220 25
180 25 1375 132 237 23 94 40 157 158 192 94 32 138 4 50 33 20 153 4 51 24 65 145 191 123 166 187 219 247 244 171 216 18 154 54 40 93 49 154 34 142 185 86 55 164 90 161 214 113 225 210 53
181 25 1328 98 228 91 168 224 85 190 41 204 93 94 96 89 186 144 95 71 35 131 94 179 217 93 56 160 158 21 135 118 175 84 197 16 103 170 202 43 210 155 135 53 250 90 245 29 50 105 60 4 174
182 25 1612 116 161 46 250 130 220 185 76 87 38 245 38 182 56 45 168 108 146 243 49 141 162 209 21 212 165 80 79 121 83 104 237 96 149 88 225 119 125 153 205 14 249 95 195 55 241 112 14 238 105
183 25 1254 63 230 16 123 1 79 37 182 158 10 15 11 246 212 12 185 38 130 59 190 186 72 41 132 95 224 230 108 212 186 22 191 201 144 191 30 33 225 39 42 91 151 139 52 162 73 89 143 132 131
184 25 1495 79 55 171 62 173 117 36 152 76 247 87 98 39 139 93 230 20 227 56 58 120 146 209 8 197 222 183 137 115 166 17 193 220 187 106 142 53 141 145 129 239 83 78 28 222 170 109 93 147 164
185 25 1646 151 16 59 211 126 5 182 58 141 46 223 10 90 44 48 48 186 101 188 182 81 29 15 10 56 236 179 16 180 177 80 45 89 142 170 195 176 79 85 73 153 196 196 244 62 233 249 165 128 129
186 25 1627 179 137 184 16 65 51 195 94 229 127 138 67 120 159 11 45 237 198 220 139 245 234 84 238 45 169 183 145 83 60 24 113 48 59 230 113 110 174 58 88 152 195 7 22 103 119 168 191 137 79
187 25 1676 163 120 14 150 164 182 185 59 116 96 82 80 144 140 59 108 249 233 165 189 134 211 47 7 63 165 175 105 83 61 183 97 181 48 98 196 32 4 197 230 187 27 123 77 85 230 177 169 246 217
188 25 1190 155 206 13 161 120 178 187 224 112 248 8 60 30 55 157 225 136 189 81 185 20 119 211 142 195 147 223 224 168 70 190 72 25 55 84 246 21 71 47 120 78 106 1 234 12 77 52 157 54 71
189 25 1434 26 116 64 72 114 36 147 31 105 189 204 231 243 38 78 178 160 148 224 131 77 79 131 61 90 207 180 244 216 85 93 52 128 16 17 15 15 150 222 203 103 54 47 242 132 224 3 131 49 133
190 25 1276 208 127 13 18 68 72 49 61 139 235 227 231 138 206 98 154 72 112 53 43 166 8 199 64 101 182 37 104 62 187 88 121 63 203 131 24 38 43 162 22 121 244 11 76 91 165 148 55 69 42
191 25 1689 220 178 240 34 29 171 172 234 233 109 71 103 171 23 93 153 148 232 48 161 106 168 154 116 244 97 30 243 151 201 34 120 128 24 5 8 194 177 241 28 35 164 57 38 177 62 186 158 211 198
192 25 1440 13 128 102 231 223 50 112 215 200 62 249 171 42 124 176 49 67 204 40 197 90 55 179 248 92 105 59 129 114 19 77 229 30 209 221 79 70 38 130 234 138 50 25 11 175 179 132 66 125 221
193 25 1635 120 53 219 212 9 129 90 123 18 203 248 47 161 70 125 82 107 4 167 244 156 43 106 84 218 35 216 33 159 186 5 64 6 216 174 237 157 148 236 27 100 85 73 10 154 198 194 113 53 110
194 25 1345 208 60 153 64 144 120 200 109 4 210 146 8 23 4 75 197 240 84 94 77 110 194 161 182 55 166 231 248 130 136 108 88 195 112 3 88 54 48 86 13 46 94 138 49 20 84 38 103 29 114
195 25 1645 212 74 126 246 231 41 226 80 23 111 39 110 158 150 214 245 232 17 145 68 131 190 13 18 90 32 203 229 135 232 194 198 157 69 193 239 211 169 69 233 107 194 38 109 9 135 127 29 8 70
196 25 1803 21 25 159 155 228 137 39 61 182 236 217 250 31 58 62 51 126 45 181 84 90 219 192 99 205 134 225 85 142 232 154 15 7 164 169 234 152 207 146 83 44 112 184 176 245 226 248 39 157 82
197 25 1315 129 227 125 79 181 8 53 15 2 137 20 16 143 35 184 228 186 242 123 120 137 86 63 107 47 140 104 86 46 37 66 124 162 144 156 21 48 22 22 184 41 37 178 177 72 155 112 165 231 52
198 25 1631 215 33 216 173 80 105 128 17 3 165 184 126 178 179 32 50 226 53 72 12 196 210 189 122 134 196 86 48 74 66 99 140 201 166 62 132 21 42 23 58 183 148 235 111 31 136 188 186 207 51
199 25 1542 131 19 240 104 152 185 189 199 110 107 150 250 159 65 163 40 85 204 39 209 11 73 209 97 183 239 233 222 174 41 23 156 59 114 112 62 48 50 157 8 12 8 166 76 171 205 13 124 95 221
200 25 1445 135 167 179 83 201 20 65 25 45 106 47 53 16 160 164 78 59 65 190 67 73 201 75 238 26 245 38 118 241 111 104 158 39 187 210 160 1 234 205 208 132 7 224 41 170 153 234 92 18 158
201 25 1448 42 194 146 169 188 42 59 157 32 169 11 41 49 1 219 151 86 173 109 218 179 184 8 200 61 35 177 180 193 70 123 190 238 162 231 46 68 114 66 180 155 125 80 7 93 231 92 15 191 59
202 25 1633 45 226 169 96 61 81 130 89 10 72 234 11 247 145 93 145 64 207 210 244 213 186 175 71 28 155 162 144 95 73 40 70 241 135 232 71 117 172 182 188 181 165 51 30 59 143 26 122 201 87
203 25 1560 217 15 23 142 85 50 148 247 46 95 171 85 16 13 72 100 185 188 21 116 227 54 30 27 190 22 62 163 222 148 232 237 170 225 71 72 122 169 219 68 89 53 84 203 226 35 137 163 55 2
204 25 1875 140 210 133 166 246 174 187 57 87 11 205 170 247 226 144 169 149 117 190 117 185 130 170 120 83 247 154 219 160 60 73 151 20 205 168 15 129 207 174 67 217 230 236 65 85 104 97 24 72 31
205 25 1710 154 93 150 236 90 155 56 249 215 128 1 86 185 168 202 165 124 125 231 192 104 68 6 161 48 91 14 144 216 187 27 119 30 176 206 119 183 12 219 147 241 219 232 175 136 183 191 112 160 171
206 25 1396 53 115 90 161 25 137 103 140 133 68 77 159 39 106 186 96 224 118 209 192 14 200 160 97 226 147 132 167 110 143 189 163 7 29 175 32 17 129 171 149 48 247 57 188 102 243 34 177 212 242
207 25 1321 118 78 43 129 26 19 128 157 37 237 49 225 1 158 105 27 189 122 155 211 122 203 208 31 242 161 125 25 190 86 119 159 163 161 38 189 31 17 197 67 3 98 144 106 5 100 132 193 73 139
208 25 1606 5 195 193 212 225 184 99 61 164 36 179 72 199 191 211 239 222 227 37 140 82 134 135 39 138 235 22 182 57 160 187 1 204 250 77 240 76 27 50 239 63 228 163 113 20 123 203 241 202 239
209 25 1609 233 135 123 219 25 112 203 46 146 10 58 82 112 11 183 41 9 67 151 99 231 128 11 195 236 147 240 39 136 74 110 43 49 221 97 196 218 208 3 151 172 116 84 212 217 194 130 118 42 213
210 25 1420 97 155 157 198 242 156 188 30 143 113 156 2 7 56 74 104 1 42 61 106 192 232 73 127 45 39 70 175 8 214 137 207 220 145 154 211 50 193 92 192 158 247 164 52 119 17 52 12 180 9
211 25 1555 55 13 81 34 58 222 205 232 229 168 220 37 137 216 43 199 118 87 40 161 244 36 206 10 189 176 128 93 39 57 101 93 70 182 126 229 153 183 210 233 100 31 122 89 98 16 37 215 102 179
212 25 1734 126 198 214 183 207 5 108 84 97 146 243 197 90 164 230 68 142 132 203 217 201 85 88 141 182 103 30 249 56 208 124 3 23 56 209 27 15 145 225 160 239 172 101 4 151 168 145 135 19 199
213 25 1698 203 72 33 142 212 66 96 241 64 151 50 39 6 73 196 214 201 210 210 176 221 50 199 174 53 201 193 197 85 212 247 139 131 30 244 197 125 87 112 128 136 3 133 60 198 11 10 10 38 82
214 25 1613 59 236 5 112 186 50 160 123 11 157 145 37 143 240 85 119 76 49 246 64 153 128 123 202 178 133 63 187 170 247 245 7 103 106 193 152 118 167 162 24 177 158 69 148 99 40 223 249 35 36
215 25 1244 151 15 11 204 192 245 17 128 115 122 23 217 80 67 119 197 233 132 72 160 40 85 187 35 33 6 149 35 20 159 91 211 5 209 88 21 73 61 44 141 140 212 9 188 195 243 206 134 196 35
216 25 1611 172 230 6 34 115 11 182 1 132 192 91 92 197 49 31 69 223 193 214 114 83 176 224 122 120 68 131 75 201 76 211 122 157 68 8 21 180 189 22 61 233 214 4 31 34 201 87 227 165 52
217 25 1457 161 192 26 32 61 93 14 237 146 191 49 119 98 117 126 220 46 167 93 209 149 57 212 31 23 98 231 109 176 247 86 188 38 219 100 130 233 188 25 25 237 144 224 205 121 194 102 37 138 60
218 25 1512 37 46 124 67 68 221 150 29 146 248 41 231 38 78 51 137 59 135 177 186 160 163 181 133 219 51 178 70 88 66 232 124 213 105 43 31 75 44 161 72 143 201 154 180 28 204 169 188 89 95
219 25 1720 123 100 109 53 232 77 104 12 248 43 77 81 166 141 185 60 171 111 205 81 182 98 133 85 129 160 141 47 98 81 72 180 249 125 161 177 228 24 27 122 100 107 139 241 144 199 13 106 5 196
220 25 1553 140 204 78 76 83 90 216 129 39 46 122 110 225 120 234 238 149 63 11 27 184 213 133 73 55 128 123 169 127 114 81 44 198 15 16 143 171 163 14 30 138 236 227 236 178 89 12 112 153 144
221 25 1625 36 207 124 158 126 107 136 91 81 68 236 130 82 118 247 77 140 160 90 170 149 177 35 125 162 212 65 173 175 218 169 62 26 42 71 3 207 94 182 126 79 163 208 49 160 136 188 69 77 209
222 25 1637 217 4 243 193 17 57 109 190 83 76 210 145 102 1 215 104 23 49 33 149 230 195 208 28 206 93 67 24 169 26 92 24 18 136 41 176 245 82 9 70 5 23 71 127 244 94 175 26 242 6
223 25 1701 72 51 33 28 143 100 153 163 227 97 39 96 232 79 22 226 160 132 148 200 136 170 92 206 46 85 151 73 212 244 180 135 44 213 162 38 164 167 201 140 13 91 235 96 169 108 239 71 129 226
224 25 1766 240 72 34 138 156 184 62 117 178 241 103 73 55 117 111 218 33 163 209 147 3 46 242 23 153 165 202 244 235 182 219 77 104 214 158 140 127 126 169 117 228 241 172 94 101 241 115 52 124 219
225 25 1622 97 218 241 101 132 192 94 219 123 165 45 125 120 110 134 9 236 111 29 204 89 20 227 34 222 218 12 87 121 237 55 69 204 148 169 188 115 8 64 131 52 40 102 13 174 111 248 136 139 53
226 25 1595 224 10 30 110 232 99 223 170 219 61 76 37 117 223 57 54 164 171 61 79 153 214 118 5 226 143 217 75 29 207 127 104 8 213 50 106 37 71 74 98 248 212 214 221 19 119 236 41 31 64
227 25 1492 194 244 33 50 71 176 16 247 204 74 225 159 142 233 224 43 88 10 113 14 209 111 172 183 95 40 20 136 83 181 17 115 230 87 97 185 197 170 12 106 62 244 79 104 183 190 69 48 149 31
228 25 1455 125 172 213 219 212 232 104 133 166 34 150 132 115 88 126 211 72 131 136 29 44 231 209 249 15 149 169 63 149 199 187 70 161 155 31 244 111 16 11 246 17 245 206 120 71 80 43 53 67 72
229 25 1428 198 47 30 49 164 178 217 226 76 166 14 146 178 20 28 24 130 145 136 228 13 130 88 219 101 10 150 144 165 69 215 112 244 160 24 127 105 201 144 118 71 240 78 196 119 74 82 198 87 211
230 25 1390 35 157 62 147 158 57 61 226 21 24 45 116 36 174 241 162 131 44 157 100 79 89 170 25 60 244 106 7 182 168 144 88 81 40 97 137 202 175 9 77 219 125 112 142 217 23 124 10 31 224
231 25 1476 103 110 62 22 134 121 117 91 230 48 8 123 237 191 14 84 77 67 110 86 143 78 5 71 130 129 195 140 160 168 242 121 81 115 106 54 84 196 33 233 55 7 220 245 122 155 174 188 111 182
232 25 1581 193 24 38 13 153 167 59 42 178 226 135 150 159 102 5 212 185 200 96 167 106 204 238 101 75 244 126 114 7 236 147 51 9 185 64 13 203 122 55 232 200 41 131 108 244 237 171 30 186 118
233 25 1576 49 41 71 36 243 247 30 118 212 138 205 108 41 65 144 104 78 198 77 234 179 128 24 161 87 120 147 7 149 184 226 197 148 85 69 144 216 39 207 205 65 245 58 60 200 237 8 27 220 186
234 25 1696 6 95 199 93 214 95 99 215 29 177 13 105 74 199 25 218 164 63 174 221 158 90 215 67 150 17 53 9 145 124 46 150 218 244 242 182 191 193 248 219 119 10 175 192 209 51 11 224 216 37
235 25 1758 194 123 126 11 41 127 27 195 237 23 68 33 172 35 26 16 216 208 65 36 178 177 62 119 135 113 130 108 78 166 154 52 143 16 122 144 138 108 166 205 140 189 239 18 204 57 233 13 223 121
236 25 1458 190 149 182 59 135 146 40 95 75 57 248 126 51 13 69 172 8 58 132 173 12 123 111 103 140 167 11 225 179 233 95 221 234 128 29 118 24 170 212 200 78 61 178 128 175 98 152 182 156 135
237 25 1783 206 167 7 169 19 147 85 29 223 115 114 67 97 46 215 66 171 236 130 121 63 42 48 43 217 145 194 250 152 78 58 69 186 226 189 82 162 70 156 26 183 222 213 131 120 177 196 40 163 177
238 25 1549 160 77 219 59 119 37 56 164 36 207 93 93 127 29 170 66 212 81 135 118 107 169 191 69 151 60 97 96 202 111 125 111 40 93 22 158 129 77 174 16 118 211 12 146 130 77 210 211 63 179
239 25 1627 169 83 221 237 233 31 185 180 84 148 54 194 187 146 67 196 126 245 119 142 130 237 102 243 234 231 69 45 43 233 223 211 65 194 49 149 76 86 78 159 132 204 129 123 114 5 117 85 248 98
240 25 1601 71 99 90 156 181 10 201 76 94 25 36 10 70 187 158 247 22 236 7 4 219 63 172 97 185 137 203 153 221 200 103 143 150 192 49 81 54 101 156 147 227 43 157 47 229 166 145 250 3 152
241 25 1711 105 221 66 26 170 250 15 224 4 235 174 106 128 73 150 28 5 203 12 201 104 55 209 2 135 125 147 237 127 150 91 200 215 219 221 66 233 194 171 69 219 27 196 42 176 223 148 230 202 160
242 25 1573 180 56 66 139 159 52 115 55 38 93 56 129 144 122 199 216 187 181 160 108 101 128 236 47 21 13 121 21 94 73 32 23 230 199 13 138 229 45 174 100 18 67 74 216 33 10 248 44 219 98
243 25 1523 23 56 246 146 170 117 166 13 41 49 138 20 247 150 9 246 231 53 135 154 5 152 72 78 219 104 189 68 249 10 18 22 65 13 19 235 184 247 123 84 134 142 80 136 3 75 218 55 62 121
244 25 1494 161 213 44 238 34 148 177 203 248 38 220 121 102 85 139 188 167 174 37 40 7 22 33 86 9 35 13 226 192 74 198 102 138 242 23 241 118 226 238 7 47 109 210 131 247 148 150 171 36 189
245 25 1646 177 57 73 115 66 210 127 143 151 200 91 2 189 82 193 212 174 162 187 161 168 233 121 230 216 220 115 242 14 155 70 227 134 237 186 10 232 188 61 72 42 250 5 86 63 178 248 249 190 17
246 25 1789 83 163 246 150 132 224 116 123 237 20 142 159 99 26 247 136 137 228 74 50 151 115 155 52 213 184 49 63 226 168 138 15 147 19 91 12 141 179 32 134 87 232 159 186 117 148 163 42 197 166
247 25 1942 8 97 172 60 59 106 210 121 183 229 117 70 244 115 190 186 127 182 114 10 65 53 241 76 238 209 223 2 103 169 167 110 89 21 175 46 231 147 228 61 115 149 156 82 91 208 121 57 217 37
248 25 1833 109 59 112 198 119 186 199 221 104 218 81 220 56 203 246 203 183 244 32 244 211 32 149 42 221 92 249 91 148 67 127 6 227 91 203 95 26 3 66 232 220 248 53 127 200 49 181 235 144 212
249 25 1860 80 104 243 80 247 213 171 245 155 68 163 134 175 241 224 229 188 101 84 105 82 155 204 135 134 153 35 64 239 178 128 68 222 148 130 37 170 227 191 90 241 176 14 232 1 95 21 102 178 125
250 25 1248 35 82 78 21 67 82 55 131 71 85 110 240 70 81 239 199 117 11 27 160 100 18 187 215 101 188 59 223 141 88 97 175 22 26 48 88 107 204 218 29 38 77 121 209 10 211 158 126 221 36
251 25 1325 137 70 155 74 35 107 11 195 79 3 33 27 29 54 52 76 141 11 30 211 169 139 128 148 74 137 126 44 172 12 114 179 187 250 49 46 216 51 78 242 80 233 146 7 226 156 36 186 148 57
252 25 1631 176 11 184 74 84 172 199 127 93 62 92 123 249 193 158 47 239 225 98 168 216 29 151 213 35 228 220 173 15 118 81 190 128 14 13 211 185 63 189 129 125 31 2 123 223 11 21 211 87 118
253 25 1865 231 52 248 131 15 135 210 234 159 224 203 239 163 80 104 176 142 140 238 81 18 214 111 121 188 185 233 209 69 178 228 223 176 210 89 60 169 174 70 142 127 58 156 58 13 81 200 152 171 132
254 25 1712 21 236 94 142 174 28 226 132 25 147 59 104 119 86 63 59 247 83 232 66 224 108 225 130 18 237 62 217 138 84 98 159 70 191 152 243 229 226 197 125 136 50 95 222 113 153 195 135 212 2
255 25 1777 111 199 63 179 188 249 128 198 68 170 201 162 240 180 239 186 156 226 87 1 49 199 153 119 246 37 106 118 233 67 119 93 117 33 124 157 31 1 206 200 171 157 213 12 93 29 135 93 77 186
256 25 1406 98 195 181 236 50 48 218 219 18 163 187 50 36 195 183 36 151 234 58 57 197 69 96 249 219 188 27 104 133 104 39 82 150 71 67 52 220 35 20 89 49 58 138 84 3 172 119 153 156 29
257 25 1460 61 102 97 156 202 66 195 229 21 179 184 161 10 83 83 179 134 52 65 5 140 113 165 129 196 167 153 166 171 58 194 231 11 143 238 64 60 34 144 182 213 77 92 74 12 174 2 247 77 168
258 25 1551 2 68 30 18 196 77 184 200 243 206 7 38 186 119 32 25 183 193 58 76 124 122 5 215 16 240 49 114 66 217 217 133 246 234 181 175 167 130 19 224 239 56 159 209 190 35 132 93 171 6
259 25 1500 214 175 72 159 42 62 208 155 127 26 122 10 123 105 190 47 124 171 65 97 159 121 108 118 162 142 110 43 234 30 48 50 56 120 60 97 33 119 104 159 144 225 20 17 181 61 63 156 232 128
260 25 1809 3 140 100 212 109 11 103 219 155 189 55 90 156 26 149 104 58 18 207 216 161 33 236 29 214 46 92 119 129 71 223 19 170 36 229 32 241 49 186 31 240 120 117 18 9 174 35 68 242 48
261 25 1648 100 79 76 165 226 167 136 105 89 210 225 8 246 203 141 88 2 179 118 2 168 237 157 137 4 17 60 141 84 51 188 36 129 115 52 105 134 187 61 222 249 35 82 96 237 222 183 90 150 50
262 25 1356 91 170 36 247 56 39 14 217 31 199 18 218 86 248 83 138 204 216 176 14 39 26 48 120 121 137 92 53 226 93 102 67 12 239 165 169 130 30 136 160 229 153 230 166 2 164 155 206 231 81
263 25 1593 219 19 106 119 139 227 5 230 131 82 174 85 186 73 165 104 54 194 91 214 24 95 193 190 97 208 94 154 188 26 224 206 132 92 210 198 175 192 99 26 136 201 45 91 4 239 182 69 114 26
264 25 1604 113 53 224 70 249 127 7 126 101 65 109 44 10 170 242 185 112 123 135 239 105 122 41 150 212 45 240 245 215 103 21 78 8 244 108 223 6 233 73 172 92 116 181 11 209 217 183 101 213 38
265 25 1473 74 3 187 36 149 28 30 114 130 152 191 239 248 41 96 220 46 181 144 69 22 111 134 70 216 108 2 169 70 39 242 174 77 129 73 104 11 186 86 162 228 176 120 124 82 166 54 225 234 177
266 25 1517 86 85 60 7 51 19 8 71 190 149 62 114 77 191 186 33 201 223 220 214 52 145 225 171 120 158 188 173 133 24 70 210 113 76 10 131 185 182 71 83 244 36 160 36 221 44 88 45 13 51
267 25 997 198 157 127 220 27 35 10 51 19 33 2 88 242 216 15 104 96 199 35 18 32 130 53 43 165 125 86 104 21 200 7 218 106 133 40 234 49 137 139 183 240 78 26 205 92 231 152 41 16 170
268 25 1349 174 247 74 68 14 51 5 117 71 204 123 141 161 108 32 145 126 80 133 15 12 122 92 139 76 36 120 79 178 237 100 101 233 174 20 246 24 215 146 79 87 138 239 46 169 235 172 100 117 38
269 25 1709 111 90 231 102 17 16 221 96 45 207 195 247 189 118 16 37 193 141 1 191 219 189 180 60 235 99 146 8 198 115 147 161 204 229 12 221 97 84 66 141 40 10 138 80 230 153 218 24 70 66
270 25 1676 216 111 246 127 197 196 23 204 245 137 202 155 90 180 18 162 26 203 227 19 242 89 156 174 68 160 243 193 55 63 9 21 173 4 147 119 199 21 174 193 157 227 200 99 8 69 10 136 22 89
271 25 1507 154 115 177 59 38 96 218 133 125 195 46 247 219 151 245 189 99 16 214 144 24 190 195 224 49 13 234 184 34 174 189 1 100 247 140 195 67 22 84 43 68 130 39 36 30 135 224 231 2 39
272 25 1501 124 26 80 68 101 129 182 84 164 68 109 103 68 208 201 207 4 119 81 88 161 148 69 51 184 98 186 9 180 187 150 155 64 229 222 165 209 6 100 123 73 209 77 242 18 27 50 124 146 130
273 25 1677 63 56 130 131 209 63 228 144 173 10 182 174 164 98 153 238 114 111 243 65 85 167 125 161 158 245 40 59 118 185 189 180 92 68 60 50 232 139 45 6 148 79 180 62 28 184 49 141 146 143
274 25 1579 205 231 59 182 243 68 176 134 126 43 68 166 74 12 85 133 163 168 123 208 174 123 138 205 36 165 186 157 135 78 111 115 238 144 210 55 69 93 32 213 13 198 134 20 38 52 245 97 77 117
275 25 1493 234 31 152 250 20 87 156 154 16 119 121 3 12 182 159 183 126 42 145 240 91 33 115 225 154 5 128 148 101 204 14 187 86 17 186 207 205 194 212 72 62 184 176 73 5 93 228 2 82 68
276 25 1463 34 49 144 187 53 21 187 5 76 52 43 13 69 229 219 125 172 33 197 85 216 224 157 183 160 14 25 137 117 208 56 2 6 52 188 160 174 124 165 250 28 207 114 96 37 185 72 60 217 120
277 25 1730 144 34 94 153 216 3 18 240 241 134 198 148 135 55 199 174 215 123 150 129 224 177 187 87 124 224 123 195 89 65 29 123 10 181 88 12 50 180 104 183 229 1 67 33 52 92 247 174 227 249
278 25 1462 167 16 187 142 239 60 87 123 148 3 3 122 12 35 62 125 84 241 80 16 219 80 184 103 131 26 202 156 118 178 6 35 193 193 176 33 2 114 8 149 116 10 123 229 147 184 205 230 26 34
279 25 1738 98 96 216 31 198 198 158 1 104 26 179 109 162 223 153 87 108 154 53 217 155 20 78 27 249 224 62 55 204 87 89 153 182 54 183 231 1 91 232 206 218 12 167 129 86 69 67 45 75 119
280 25 1276 11 229 139 89 5 239 62 168 145 117 4 233 19 37 138 54 119 241 246 202 48 213 65 66 91 151 135 157 47 209 128 58 39 118 146 145 208 59 102 176 167 187 46 55 176 99 173 166 94 227
281 25 1704 66 158 41 131 248 43 117 7 90 75 236 249 113 103 144 109 162 54 170 13 81 86 51 127 140 227 77 165 244 23 243 59 180 135 190 178 30 56 36 221 233 21 219 197 225 214 56 136 17 77
282 25 1728 98 163 51 76 154 27 152 170 20 174 14 181 104 149 120 133 178 27 111 40 218 58 116 33 215 1 49 41 102 248 203 152 73 209 30 77 230 50 244 82 205 142 201 189 171 79 208 170 190 99
283 25 1880 239 247 214 21 63 66 69 103 20 169 158 171 93 116 201 169 197 102 21 190 183 225 235 16 103 63 223 124 104 174 112 202 132 14 157 53 117 176 221 24 96 63 241 148 232 187 101 104 229 33
284 25 1603 180 161 119 195 14 34 20 137 137 193 101 89 181 232 102 189 34 70 114 4 93 210 169 185 209 2 224 60 105 202 194 34 112 63 81 227 96 100 216 232 144 66 172 176 47 24 115 183 228 38
285 25 1552 38 39 206 74 100 59 47 159 163 100 102 49 212 16 231 40 111 80 5 195 75 172 218 250 219 93 114 3 186 194 40 75 84 98 183 156 91 171 146 45 71 209 60 51 101 23 232 105 69 56
286 25 1524 27 36 157 97 129 123 201 166 66 240 92 1 189 91 184 95 137 126 117 135 22 187 195 82 89 45 206 70 2 24 227 130 59 133 78 39 5 28 204 172 17 45 173 206 136 208 152 124 185 18
287 25 1472 110 207 56 157 140 144 201 95 65 202 220 41 81 130 25 10 169 132 37 122 53 54 19 77 111 6 136 114 231 71 131 91 27 38 247 18 181 49 214 97 103 183 137 35 62 13 45 82 144 81
288 25 1666 56 49 236 74 227 198 181 113 61 161 183 43 103 61 80 99 78 112 41 208 102 75 196 136 238 209 180 70 204 11 2 98 152 229 46 82 193 106 242 125 149 95 37 80 45 216 192 44 108 1
289 25 1153 145 182 197 133 21 7 62 90 210 174 66 64 22 217 144 169 150 86 24 142 88 200 104 234 165 45 28 22 45 24 55 93 8 75 201 172 13 197 82 76 70 151 71 238 152 8 12 145 171 35
290 25 1427 232 120 138 68 34 34 197 157 181 220 211 125 80 35 76 1 51 88 235 163 17 237 85 4 194 117 33 114 4 116 141 183 220 27 129 126 59 201 188 183 30 222 8 30 125 95 78 109 109 196
291 25 1438 95 193 52 232 238 168 14 203 171 130 37 164 164 6 42 43 233 100 243 22 32 22 244 40 153 220 134 230 78 243 28 24 79 107 25 98 223 227 121 204 116 136 117 223 29 159 58 128 151 79
292 25 1424 11 172 174 50 176 143 36 8 72 130 35 95 18 215 202 144 164 26 223 136 229 88 21 95 162 49 4 219 28 6 48 39 30 73 190 205 216 77 212 139 206 98 234 76 37 219 78 62 43 213
293 25 1618 40 130 86 236 144 236 91 112 14 97 11 154 126 84 195 182 151 22 246 39 79 93 124 154 109 12 225 186 73 17 214 249 85 52 142 173 105 38 238 218 191 215 51 135 147 53 156 142 193 87
294 25 1371 234 67 240 92 78 66 129 3 83 231 68 81 65 221 74 89 113 178 126 100 145 66 47 53 63 201 60 204 144 146 39 62 238 131 241 53 111 95 135 91 15 67 8 235 140 96 97 170 49 64
295 25 1483 241 215 213 43 27 163 103 230 158 100 18 219 87 250 210 140 111 156 24 53 170 193 60 155 82 8 1 1 81 49 167 71 115 231 216 141 245 170 120 153 19 240 223 208 91 182 97 53 88 222
296 25 1746 106 109 164 17 13 98 126 14 200 58 218 231 29 198 196 21 193 115 243 197 235 232 169 192 72 203 140 125 142 112 82 250 127 98 224 76 128 26 133 143 113 171 191 58 44 235 24 36 181 111
297 25 1376 119 201 154 42 153 44 18 44 155 99 146 133 49 158 209 124 137 234 108 29 226 221 200 18 130 95 104 154 136 116 100 87 19 141 91 62 159 237 68 109 132 201 9 141 11 234 27 244 92 55
298 25 1765 71 62 106 191 191 200 44 196 181 32 61 30 118 182 171 60 243 181 46 163 141 29 215 150 169 225 235 195 218 76 102 140 239 207 80 32 157 124 79 87 155 242 219 124 173 139 35 17 81 179
299 25 1588 61 109 143 62 130 117 47 176 186 224 27 76 213 234 155 96 242 130 174 180 136 165 148 111 87 138 146 104 160 78 32 221 38 27 134 167 245 32 93 181 6 221 108 70 204 114 165 47 96 88
