0 25 1728 119 18 81 13 208 35 238 47 48 3 51 5 221 38 69 47 145 59 45 52 41 5 120 9 91 54 166 9 192 20 204 40 229 4 82 26 70 22 222 17 196 4 143 6 172 12 142 38 162 9
1 25 1838 52 43 203 41 13 6 146 9 134 48 210 9 249 40 222 3 226 41 104 9 10 31 173 2 168 46 113 11 215 7 199 28 79 24 141 31 149 18 121 34 225 42 72 16 43 18 197 25 213 27
2 25 1853 194 55 19 16 132 16 60 32 133 26 93 50 116 6 242 37 96 60 179 59 206 41 152 11 82 16 140 20 230 44 226 46 168 17 121 51 14 12 193 46 70 5 248 35 232 9 243 27 118 2
3 25 1770 157 56 32 48 206 35 205 18 94 34 151 39 209 31 165 11 71 19 213 35 176 44 149 23 68 32 14 21 58 23 232 6 158 55 225 24 79 39 163 22 215 33 92 23 233 39 156 49 20 50
4 25 1528 64 23 169 59 220 52 102 52 162 44 113 47 94 59 202 9 157 10 221 40 196 13 22 29 118 2 176 23 120 25 42 33 97 32 123 18 224 10 77 20 14 43 3 13 106 21 101 8 133 3
5 25 1318 33 5 6 33 134 27 178 18 106 42 50 40 70 53 13 38 128 38 37 4 247 52 7 1 96 44 197 51 145 21 84 2 186 28 147 4 116 15 129 19 56 50 159 28 132 16 146 30 34 31
6 25 1465 68 37 59 11 133 53 135 59 175 12 111 30 145 56 48 1 69 43 47 9 1 42 168 39 222 42 156 37 223 31 169 20 78 8 162 40 250 29 140 34 30 40 34 44 147 53 66 17 95 43
7 25 1829 217 27 214 6 208 25 137 43 153 49 6 44 1 5 151 14 144 42 162 5 27 21 236 2 216 2 94 32 50 28 118 55 209 23 92 46 240 26 200 31 173 50 245 3 66 10 74 37 226 51
8 25 1297 20 41 12 45 194 46 16 43 145 21 110 51 72 23 222 27 54 60 66 13 42 9 55 49 163 42 128 39 198 4 189 59 64 12 9 51 102 46 34 44 136 45 210 11 33 9 88 17 232 6
9 25 1862 43 10 239 44 248 39 64 3 219 52 118 10 37 47 131 18 181 28 241 6 123 5 223 4 117 7 124 4 243 26 132 18 225 2 151 42 150 46 26 38 198 14 86 52 119 13 152 48 135 27
10 25 1470 81 21 71 46 197 19 240 23 22 15 134 59 69 25 161 23 4 37 20 41 26 3 109 1 237 40 6 8 37 30 219 43 159 55 19 58 176 31 61 50 154 21 190 10 231 44 113 39 204 53
11 25 1383 186 28 194 29 204 43 154 14 59 55 180 10 69 10 66 30 127 31 210 29 10 46 109 41 75 52 235 60 102 50 22 58 7 55 38 23 89 43 6 30 39 7 129 58 226 34 47 15 184 18
12 25 1772 243 15 73 24 197 50 145 3 141 28 72 32 135 1 229 34 67 16 248 8 105 56 46 42 213 11 110 17 126 17 12 12 142 7 219 53 211 53 133 48 175 56 45 45 124 38 97 53 236 56
13 25 1739 210 30 81 38 153 45 198 54 62 46 80 45 197 21 241 47 65 3 120 37 212 16 93 38 68 8 13 45 172 14 177 51 208 11 180 1 234 15 2 48 154 15 22 19 141 56 218 36 178 35
14 25 1548 137 57 204 16 59 18 32 32 123 18 212 30 131 43 2 24 200 24 124 53 180 25 68 49 117 43 96 14 182 12 141 51 78 48 189 55 210 40 18 49 83 47 149 35 201 33 24 16 136 16
15 25 1680 235 60 102 32 90 28 57 17 221 60 161 13 220 58 243 58 132 32 29 9 111 48 38 40 233 11 205 20 39 31 181 60 194 43 209 52 159 51 44 11 96 33 158 48 23 52 141 43 40 22
16 25 1808 14 39 182 51 240 26 213 56 235 11 86 48 242 12 140 12 233 20 83 38 71 50 141 30 219 25 221 31 167 13 172 10 203 26 82 53 45 48 58 47 176 7 139 17 168 60 67 54 19 9
17 25 1623 5 51 69 3 25 51 183 13 3 17 75 38 162 6 234 42 89 43 199 14 87 22 236 8 63 55 104 13 143 28 193 33 81 9 204 55 111 18 71 35 217 44 216 8 244 17 62 42 170 23
18 25 1437 130 44 70 50 6 24 213 20 219 10 84 51 2 22 86 27 114 16 39 1 212 13 93 10 42 46 186 53 105 15 111 30 7 50 155 52 182 56 50 34 129 53 207 22 120 15 98 5 214 48
19 25 1465 77 48 90 8 229 57 143 43 8 19 120 9 249 26 88 25 207 22 51 27 225 21 41 51 15 60 106 22 127 41 109 55 108 20 12 18 178 34 186 52 239 24 102 14 141 57 71 34 9 49
20 25 1398 88 29 71 11 155 50 78 16 106 40 226 40 207 27 23 24 55 6 115 50 30 4 145 21 217 17 89 39 1 17 169 18 238 9 60 32 137 48 28 6 133 60 44 22 62 19 166 38 154 37
21 25 1447 119 29 151 39 75 57 88 16 37 56 86 57 23 35 138 5 145 35 174 52 112 38 63 28 19 15 46 54 214 11 190 2 159 2 182 16 229 11 3 37 157 48 195 39 14 33 158 59 118 22
22 25 1359 70 56 244 49 44 10 77 40 183 37 121 54 138 3 48 15 41 28 9 34 16 54 105 30 151 59 96 49 72 37 66 26 189 17 22 8 139 55 137 3 232 33 195 40 241 23 75 17 8 1
23 25 1454 36 25 182 44 92 20 146 9 95 3 54 15 199 17 5 20 176 15 55 55 47 18 227 11 139 28 45 54 76 33 244 21 49 17 141 36 33 29 172 37 154 37 248 2 163 7 107 57 23 23
24 25 1692 203 31 202 15 151 1 89 4 96 3 210 48 144 6 195 4 64 18 134 47 174 9 245 41 70 57 140 38 63 52 117 14 102 11 75 34 40 9 196 1 228 19 87 22 122 32 149 37 88 25
25 25 1881 245 33 95 54 239 36 92 14 100 24 20 33 195 13 199 30 236 9 88 21 89 17 27 38 141 38 237 30 218 33 94 20 209 8 140 5 101 53 144 54 165 48 240 7 217 19 34 37 198 4
26 25 1616 247 4 233 44 53 36 153 49 75 52 168 11 112 17 13 46 129 35 151 24 219 48 163 27 134 23 152 52 72 6 39 5 98 4 238 15 128 19 140 23 19 2 244 37 24 41 28 11 201 31
27 25 1441 68 44 18 44 238 59 95 60 136 55 96 36 185 50 168 43 111 49 47 21 170 60 129 26 40 56 226 20 107 6 7 2 162 59 116 57 118 41 93 46 86 33 10 44 58 10 210 18 189 39
28 25 1385 166 24 140 2 61 29 30 57 188 21 131 29 11 36 207 1 247 60 46 24 142 55 3 39 22 18 77 52 19 33 158 26 106 19 195 54 26 57 125 46 157 12 183 7 70 54 182 44 79 56
29 25 1484 79 17 174 10 56 32 161 6 94 8 186 21 16 14 157 59 151 53 235 16 62 39 160 58 128 3 232 33 69 20 219 19 198 42 98 53 95 21 31 9 20 46 35 59 58 16 139 2 116 45
30 25 1698 40 46 73 18 120 16 150 51 215 10 39 2 213 29 16 48 99 36 98 60 113 8 107 11 157 24 91 11 85 7 95 17 232 37 246 31 174 7 243 18 217 22 151 59 20 49 236 30 166 33
31 25 1433 41 29 183 37 129 49 72 59 187 8 6 13 111 14 158 13 198 36 56 7 222 47 88 51 208 6 238 49 123 53 69 41 105 46 132 13 67 13 104 33 82 41 17 2 234 14 4 51 32 39
32 25 1384 118 33 145 7 5 44 14 43 232 16 165 41 37 59 20 3 184 12 18 19 53 38 55 24 212 1 247 14 112 8 111 14 52 17 119 8 32 3 89 28 229 11 204 27 108 23 161 14 46 11
33 25 1414 182 40 8 26 193 11 66 31 65 59 198 27 143 2 46 33 209 47 177 39 244 55 140 29 151 9 123 33 94 8 25 47 53 3 161 33 30 12 39 19 1 16 204 43 17 42 163 35 97 54
34 25 1291 183 19 2 46 11 8 75 26 222 24 108 46 204 12 68 7 121 16 8 8 30 21 46 55 140 28 239 44 186 52 59 44 245 16 146 52 40 51 16 23 58 21 139 50 120 25 112 25 4 49
35 25 1518 126 17 171 3 139 20 131 23 47 52 221 20 16 16 226 20 77 28 75 22 188 7 150 39 247 56 40 33 2 8 219 8 187 11 62 7 103 2 89 59 65 21 81 12 96 48 93 35 185 17
36 25 1652 36 4 146 35 152 24 80 1 86 13 230 6 18 9 163 35 203 6 135 13 20 16 33 54 243 2 17 9 165 4 52 40 88 54 155 60 246 42 202 46 248 24 95 48 216 31 172 26 104 23
37 25 1466 173 37 198 15 178 24 34 46 8 27 58 19 127 43 73 48 108 54 199 5 13 14 30 12 172 32 113 15 47 27 89 29 103 37 236 32 130 51 240 39 159 59 157 5 11 9 32 60 244 43
38 25 1725 155 27 38 6 218 29 57 51 5 26 149 4 26 11 130 13 234 39 85 35 247 4 223 5 162 5 78 26 61 24 133 58 154 34 106 36 198 43 143 29 86 42 153 11 132 28 246 20 231 18
39 25 1788 234 30 155 28 123 11 248 38 121 33 203 60 86 8 127 53 47 60 6 10 228 13 211 60 114 55 219 9 174 49 178 30 59 24 179 23 244 6 103 36 109 27 135 56 154 52 69 32 51 16
40 25 1681 241 10 119 24 111 44 248 20 44 23 130 1 134 10 155 33 73 50 90 25 216 8 81 60 244 16 213 44 137 25 89 28 96 27 33 27 40 52 138 53 154 37 156 58 57 2 202 11 161 51
41 25 1490 155 16 91 17 78 46 172 42 99 18 7 27 37 24 246 19 12 47 200 19 72 16 18 17 95 26 240 26 156 60 188 10 128 50 248 7 65 49 198 3 56 22 115 10 49 45 21 45 235 10
42 25 1267 6 10 39 24 136 14 73 23 119 25 220 50 54 20 27 30 16 47 57 49 124 3 232 18 122 60 125 2 66 49 163 52 150 51 7 55 164 32 67 52 138 33 59 49 189 48 105 25 76 15
43 25 1748 211 58 116 10 59 7 174 3 62 52 215 25 33 48 242 19 181 3 87 35 30 57 227 8 165 38 107 19 104 42 5 54 120 40 114 40 218 7 184 20 171 31 203 18 224 60 29 60 216 58
44 25 1716 136 25 247 33 62 35 23 47 137 8 81 48 249 44 239 17 230 45 98 32 25 3 205 24 70 20 45 10 191 41 110 59 157 48 163 13 86 31 130 16 129 51 197 41 224 34 192 18 6 58
45 25 1650 141 37 129 56 127 20 48 38 248 24 45 48 23 39 32 48 209 12 126 10 142 46 120 8 26 33 131 30 91 8 169 23 165 28 143 39 167 60 216 52 145 4 185 26 204 55 189 39 80 24
46 25 1444 34 29 42 6 1 3 68 9 233 11 5 40 20 7 100 49 228 5 10 13 209 36 139 57 59 54 175 49 150 47 152 23 125 53 160 16 7 8 216 60 230 60 121 21 116 41 93 37 195 8
47 25 1595 208 14 184 26 69 20 106 48 66 17 2 21 52 21 168 48 240 43 149 29 102 10 70 39 92 50 161 18 162 47 175 29 142 28 236 42 68 51 29 45 200 30 103 43 194 32 32 6 180 4
48 25 1377 97 1 185 49 100 7 168 35 67 19 234 5 223 33 1 18 148 43 164 30 27 38 12 10 35 12 64 23 137 22 75 12 174 10 140 58 188 40 34 32 22 16 41 45 73 48 109 47 237 16
49 25 1953 199 36 230 22 10 55 174 26 157 50 69 11 23 38 222 3 26 11 106 29 145 53 9 11 216 27 229 4 236 47 249 54 212 8 155 21 123 50 219 11 29 7 213 43 227 44 225 34 204 22
50 25 1687 72 20 75 33 70 32 231 50 195 26 216 53 1 50 22 25 102 46 186 40 228 36 209 60 218 15 123 3 38 29 124 41 128 30 245 10 191 55 51 35 42 19 179 22 148 3 48 9 233 41
51 25 1531 26 18 129 35 16 25 88 30 54 46 35 36 245 15 111 34 127 27 197 34 229 35 42 60 64 46 68 34 244 12 84 1 200 24 85 57 228 44 126 43 141 10 249 46 96 51 31 23 147 27
52 25 1728 188 55 143 31 247 18 27 16 222 50 67 57 242 48 73 16 184 52 202 1 35 12 173 53 79 18 243 52 92 51 40 19 218 3 110 24 238 31 63 39 47 52 100 37 144 27 52 55 228 13
53 25 1560 181 22 135 13 102 24 57 53 198 30 103 58 117 57 39 22 228 36 162 11 134 40 214 25 178 57 112 20 3 1 192 4 248 24 33 47 128 40 56 10 160 14 116 8 94 36 70 16 61 41
54 25 1445 51 6 159 49 7 8 11 57 181 26 161 8 44 26 140 12 103 40 209 43 131 32 50 8 38 45 153 7 82 24 87 52 211 27 217 34 3 5 164 28 175 11 193 32 13 4 105 34 202 39
55 25 1511 114 45 190 33 72 55 196 40 16 31 219 30 221 45 139 59 49 11 53 14 41 10 187 23 183 19 227 37 34 48 177 17 213 17 189 6 153 56 18 40 98 56 19 60 152 10 60 42 2 45
56 25 1639 116 42 146 4 25 18 204 31 217 57 30 53 235 34 111 45 82 3 113 9 33 42 186 43 232 27 162 31 139 4 107 4 205 52 9 41 80 12 81 56 198 13 188 4 158 49 58 9 163 12
57 25 1485 87 17 84 4 200 35 211 43 207 39 228 4 204 15 65 32 115 56 173 58 41 42 10 31 5 39 231 24 8 53 186 56 42 29 70 1 185 30 55 43 128 13 56 33 67 33 144 21 168 10
58 25 1536 111 19 191 41 245 50 171 18 217 35 195 32 206 13 83 36 249 52 1 42 91 15 149 23 201 43 18 53 43 55 63 13 73 13 169 2 115 17 30 9 21 54 87 6 126 12 84 8 134 37
59 25 1739 180 20 76 5 70 38 72 45 90 17 217 44 181 51 38 20 135 54 28 14 150 7 221 17 83 34 171 22 199 3 209 44 7 59 174 21 35 45 187 21 219 11 98 60 205 42 197 1 236 39
60 25 1426 177 6 35 21 59 7 134 10 6 29 209 31 195 59 54 55 123 29 163 53 229 4 45 36 153 42 29 22 174 36 2 32 71 46 63 12 93 18 231 40 236 21 80 13 129 54 9 51 154 14
61 25 1597 225 2 7 22 59 11 75 38 64 28 55 15 199 38 203 43 209 37 13 1 96 30 184 25 132 32 160 33 165 23 16 41 46 2 214 37 134 40 146 28 137 10 114 58 177 26 152 27 212 24
62 25 1787 130 9 116 33 186 27 226 35 239 10 10 36 233 57 229 28 113 33 188 38 162 6 208 25 215 34 193 27 223 36 132 12 165 27 164 10 96 39 46 36 131 17 42 15 64 40 12 38 51 16
63 25 1608 145 47 95 12 191 20 214 59 52 21 41 23 87 59 168 58 234 29 84 12 39 42 63 15 7 2 116 25 66 37 172 60 245 18 83 55 197 48 196 41 219 26 3 5 226 53 93 52 181 28
64 25 1616 83 21 221 17 175 48 78 22 114 15 160 35 57 4 152 9 191 20 37 36 50 5 223 55 161 60 177 55 111 59 234 45 29 15 41 45 182 11 48 57 215 48 33 23 213 14 12 33 235 28
65 25 1539 140 25 154 52 41 16 14 49 21 34 27 24 157 38 61 33 241 13 110 19 200 17 72 52 56 23 136 11 232 16 177 57 239 29 153 42 137 15 228 55 28 18 23 8 58 15 180 33 194 41
66 25 1743 242 53 41 53 96 7 248 51 239 49 6 35 68 57 233 50 98 11 75 5 225 54 7 32 84 53 94 46 238 34 117 12 179 47 102 46 28 60 135 26 74 31 190 45 181 30 240 45 246 4
67 25 1500 179 4 128 44 148 13 239 16 38 15 87 23 135 14 145 23 13 6 169 17 44 44 233 28 58 5 227 24 92 2 194 26 57 5 93 5 80 10 1 47 173 48 152 47 150 34 4 50 162 7
68 25 1503 13 29 132 60 198 38 78 24 69 59 157 16 140 46 61 52 212 40 214 45 158 26 52 1 54 41 74 47 120 16 206 2 126 19 233 36 166 42 139 54 30 7 202 51 64 22 105 26 3 28
69 25 1609 90 11 203 33 71 48 45 37 16 34 84 11 147 11 159 11 236 16 142 36 160 23 123 11 146 18 224 40 63 16 169 44 238 43 246 21 80 12 9 55 157 32 168 3 4 18 135 20 104 48
70 25 1653 215 35 151 29 77 16 227 52 147 21 127 45 247 17 37 12 229 48 134 17 164 60 180 31 195 13 111 51 24 6 59 11 209 31 108 56 9 42 100 57 168 26 55 36 189 33 23 44 121 48
71 25 1255 66 12 221 22 187 51 42 40 146 42 152 27 12 13 34 17 241 24 220 50 130 7 37 25 44 28 69 56 1 30 206 38 91 46 29 57 6 3 89 23 124 10 179 6 22 14 104 35 59 56
72 25 1689 56 40 164 23 224 28 22 45 125 52 186 50 190 38 5 20 7 2 242 55 114 58 144 3 60 17 58 44 117 55 229 17 249 13 232 8 46 56 182 38 61 4 109 39 220 18 195 32 141 55
73 25 1812 239 46 191 23 237 59 160 36 187 21 22 5 15 3 94 11 231 17 230 51 240 38 81 50 117 17 143 18 119 59 126 37 129 8 33 48 170 53 243 46 35 14 142 21 118 45 211 58 111 10
74 25 1772 241 13 129 53 14 18 152 6 235 60 196 13 66 45 132 51 202 41 245 46 8 39 161 59 179 58 242 48 198 23 70 40 162 12 15 11 143 22 95 5 217 49 182 53 41 22 94 41 126 1
75 25 1467 201 26 151 41 37 41 186 38 8 43 60 47 134 53 170 30 35 3 21 40 179 59 140 30 232 20 242 7 123 39 168 43 77 58 23 13 98 30 207 4 51 43 177 26 55 38 10 27 150 51
76 25 1793 147 19 131 46 220 22 99 8 34 60 165 48 246 13 83 8 182 32 139 36 1 13 214 46 77 22 88 55 141 40 43 51 162 49 200 4 249 8 209 60 167 55 48 59 224 60 140 34 177 55
77 25 1713 94 41 2 3 234 21 169 34 121 52 105 42 112 16 207 40 205 46 232 21 82 18 68 32 72 29 173 45 220 50 21 24 240 3 86 23 213 14 198 23 67 4 217 28 162 33 38 18 88 31
78 25 1974 238 51 218 16 202 59 56 7 136 26 76 6 191 17 30 58 241 15 233 18 177 60 194 25 227 17 168 26 174 7 236 4 230 44 69 11 94 46 157 1 1 4 89 51 118 40 240 12 153 60
79 25 1588 241 42 75 57 178 21 4 34 204 53 131 57 192 56 137 44 30 53 233 22 215 56 50 38 168 10 177 57 231 59 38 53 112 50 60 12 15 5 198 27 85 54 20 21 153 44 152 37 78 3
80 25 1669 183 23 163 60 60 32 117 19 14 7 106 29 179 58 98 18 211 44 44 58 43 38 174 2 178 37 3 4 234 26 226 19 130 18 140 3 134 58 28 32 166 6 210 45 63 27 195 7 240 43
81 25 1548 69 10 128 2 71 45 139 14 200 34 41 5 54 2 192 24 184 47 3 33 209 60 29 28 4 53 217 29 58 3 241 19 132 53 52 56 213 7 135 48 17 31 92 30 205 47 175 31 237 41
82 25 1384 159 35 211 34 208 39 64 18 188 48 19 7 199 53 118 54 55 6 120 54 212 51 35 11 87 11 25 57 162 23 10 52 128 30 37 17 100 11 214 47 168 34 103 57 28 52 102 24 17 2
83 25 1746 128 30 104 42 32 10 185 58 8 38 21 19 221 10 190 37 186 39 107 51 76 45 187 10 243 34 102 14 148 50 167 15 152 42 38 43 163 24 193 33 213 51 93 54 81 50 249 9 206 9
84 25 1883 194 12 185 44 74 59 177 50 148 18 186 2 149 38 61 4 72 5 228 44 7 12 235 10 105 57 199 23 35 26 203 31 190 48 156 13 138 34 134 25 181 50 58 12 229 50 217 30 206 34
85 25 1980 144 43 235 40 164 49 146 34 191 32 71 33 214 20 132 59 125 41 154 18 7 7 77 14 118 17 136 16 207 41 129 52 155 33 181 58 201 58 133 23 209 14 237 23 213 59 143 49 239 37
86 25 1540 197 36 85 5 161 44 32 28 239 60 117 43 245 11 175 5 133 2 47 45 60 32 213 44 65 21 227 53 172 25 51 19 61 56 31 34 59 19 204 60 19 10 142 33 2 46 177 34 167 56
87 25 1385 110 8 177 32 14 23 5 32 96 36 216 58 46 38 173 36 241 53 106 34 82 4 115 33 239 38 140 57 101 56 92 20 236 19 31 39 111 35 90 48 62 57 56 47 34 30 35 36 163 52
88 25 1751 171 6 116 27 69 16 104 48 222 14 64 25 101 14 147 1 44 34 142 42 197 58 9 6 183 40 190 50 102 3 182 60 68 38 205 11 177 17 226 52 92 32 244 25 90 6 170 3 187 43
89 25 1510 172 56 233 27 18 33 118 59 126 40 210 25 150 47 42 34 49 11 132 56 112 45 69 8 201 49 3 11 133 20 95 4 25 38 130 25 247 23 227 39 235 52 148 33 45 33 14 55 87 1
90 25 1647 79 51 60 56 214 60 140 46 202 19 30 46 206 59 237 42 86 4 37 44 210 18 83 23 84 15 199 21 76 29 34 55 16 47 204 15 182 28 234 1 115 51 170 11 242 59 38 27 117 43
91 25 1827 177 26 55 39 240 32 186 60 112 41 168 47 248 43 243 13 87 56 60 22 237 36 212 48 127 35 88 46 22 47 239 10 43 48 201 24 233 30 98 25 9 46 92 31 189 57 130 14 158 41
92 25 1605 52 4 115 41 162 19 101 27 42 57 165 21 118 40 240 39 45 44 160 54 169 49 190 52 211 50 108 30 193 8 141 57 51 47 109 52 127 39 138 1 217 13 111 35 214 13 5 38 26 56
93 25 1613 2 56 184 11 158 55 170 27 86 54 234 18 162 44 21 27 163 41 235 53 48 49 145 34 102 17 238 9 123 33 212 8 39 42 177 55 173 6 120 27 129 28 15 23 111 15 1 17 179 50
94 25 1766 85 4 133 36 170 60 147 24 224 8 164 24 112 2 34 7 222 32 68 31 172 52 3 41 44 60 193 41 178 12 75 53 113 5 195 41 18 41 218 43 236 29 225 6 215 43 59 6 230 39
95 25 1929 157 3 183 10 207 22 42 59 212 36 225 4 209 47 40 26 197 28 128 7 192 45 18 42 161 21 110 59 12 28 155 27 121 44 233 4 148 43 217 43 107 3 193 56 172 60 242 21 177 20
96 25 1258 23 34 57 52 45 39 72 5 67 36 92 4 212 14 179 46 70 46 178 16 60 44 20 3 79 4 154 53 124 43 134 38 176 42 140 30 111 33 29 8 68 44 209 11 133 46 52 60 33 20
97 25 1388 120 49 209 14 99 32 127 3 228 49 7 25 234 48 114 26 10 27 179 41 26 48 94 27 81 46 192 2 138 17 71 49 97 42 82 15 133 60 68 60 119 16 187 44 75 10 9 55 78 60
98 25 1599 225 46 137 58 42 37 146 15 201 5 161 51 243 27 152 54 54 37 133 43 98 33 148 44 57 52 186 17 158 13 58 12 70 55 52 1 13 29 196 53 183 38 86 17 215 7 100 38 84 20
99 25 1816 73 27 239 46 95 52 143 43 220 28 171 33 77 37 106 18 81 54 235 44 188 2 231 34 8 17 165 27 44 21 218 46 139 46 85 38 68 47 237 5 219 31 151 5 147 30 118 50 174 23
100 25 1443 90 48 243 25 77 41 172 4 104 12 171 1 160 19 246 54 63 32 84 57 11 24 37 57 20 47 164 2 2 6 113 11 17 48 81 60 203 34 61 23 107 52 102 37 198 34 209 21 152 1
101 25 1373 7 38 117 48 16 33 49 40 160 33 190 60 132 29 10 41 141 35 84 26 151 35 68 42 174 26 17 12 148 28 54 6 208 60 134 13 154 42 92 46 195 34 95 56 72 46 98 13 181 38
102 25 1314 3 38 145 46 111 52 123 44 12 12 147 27 99 38 150 14 174 54 15 39 128 30 35 55 72 60 4 44 91 25 213 15 122 39 51 34 221 45 29 44 166 55 100 57 194 30 40 9 183 6
103 25 1535 57 22 156 53 68 7 182 21 112 55 107 54 171 30 32 1 15 54 97 3 187 33 69 47 231 5 138 30 83 22 27 60 185 54 82 34 116 46 223 22 133 18 12 52 180 15 227 35 181 41
104 25 1445 72 15 190 50 25 34 97 56 136 10 173 37 54 8 61 17 170 56 182 32 119 16 40 30 230 31 214 46 205 27 178 8 41 47 87 16 35 3 158 54 34 29 145 54 67 24 121 31 57 49
105 25 1592 16 28 221 45 18 46 52 55 32 40 54 53 198 51 240 30 175 2 127 21 139 52 239 35 208 26 78 48 4 59 23 12 120 1 174 31 247 58 2 41 232 20 43 41 169 49 124 7 249 44
106 25 1716 158 50 248 35 247 7 45 54 51 43 26 54 101 35 126 58 23 33 21 5 164 10 217 46 240 15 110 56 136 55 146 5 175 12 221 11 156 4 123 38 226 20 98 24 196 45 128 35 50 34
107 25 1801 107 18 129 26 152 30 84 47 165 59 11 29 90 53 161 58 158 24 215 9 111 55 106 24 82 32 191 1 108 2 204 26 209 53 14 51 172 57 249 38 177 12 128 48 194 29 174 12 212 44
108 25 1516 168 39 100 39 242 10 59 59 132 13 165 30 197 60 52 18 126 41 158 34 14 45 21 39 73 58 12 48 119 13 138 43 83 36 234 32 194 35 105 18 201 57 4 50 98 32 207 40 131 10
109 25 1530 13 55 232 54 90 19 185 47 39 20 170 16 2 32 163 38 226 57 22 30 16 54 228 20 53 26 243 19 177 53 220 12 37 41 215 38 122 11 165 2 10 26 40 24 202 53 15 40 176 6
110 25 1685 176 49 174 57 153 41 39 41 129 23 232 40 49 32 236 39 155 47 43 9 246 20 58 31 119 1 13 45 21 18 181 18 186 6 94 28 158 44 100 6 183 46 146 7 191 44 121 59 168 29
111 25 1612 25 58 48 37 116 39 100 51 31 9 133 20 177 30 125 26 97 8 68 12 103 60 189 10 216 2 124 19 10 31 179 6 140 17 223 26 237 34 208 49 164 40 90 9 172 6 227 31 23 10
112 25 1310 85 14 1 44 90 52 57 30 93 60 58 49 89 16 53 36 122 48 153 42 241 14 81 14 14 58 200 34 12 22 228 25 76 3 172 5 187 11 13 25 62 28 69 57 146 40 213 47 105 44
113 25 1216 69 59 217 28 28 13 39 12 55 42 131 44 227 27 183 17 51 29 10 51 18 27 172 25 236 3 132 41 71 40 8 8 90 32 48 20 113 33 168 55 127 44 21 49 92 52 102 42 25 40
114 25 1812 145 49 247 50 144 10 171 24 190 50 194 39 101 1 8 3 195 51 232 19 118 15 50 16 69 23 183 12 196 49 241 40 200 19 219 13 68 51 56 9 20 51 137 52 37 8 237 18 167 54
115 25 1837 245 58 132 23 142 34 186 7 123 8 176 52 116 6 164 45 89 31 144 20 172 32 182 57 230 58 104 19 235 22 24 31 189 5 143 22 219 10 18 53 207 5 72 3 29 19 231 1 102 10
116 25 1445 224 43 223 10 213 2 44 53 129 27 156 39 58 1 204 59 131 33 7 23 90 23 188 23 45 28 73 7 18 44 169 34 9 21 33 53 35 48 205 23 195 40 121 52 22 24 240 2 59 8
117 25 1366 76 30 1 5 114 47 182 17 24 52 110 2 145 10 184 59 42 28 207 46 130 53 208 43 4 49 28 25 131 38 193 58 187 55 173 43 191 26 89 34 7 50 3 60 134 53 10 10 159 42
118 25 1658 92 56 94 37 196 13 41 26 161 25 236 57 129 18 101 60 113 29 135 52 91 52 76 2 184 39 124 23 48 24 36 41 249 19 187 47 204 18 224 14 62 19 43 36 163 52 229 53 98 2
119 25 1634 43 59 127 4 24 56 230 29 235 13 104 16 214 43 162 10 38 41 233 11 155 32 212 7 159 36 160 9 179 57 40 23 98 27 121 14 158 29 88 20 63 43 77 52 164 59 166 5 18 29
120 25 1524 121 26 57 52 165 25 241 36 159 28 222 57 60 15 96 49 15 8 143 49 52 51 107 34 136 6 153 10 239 51 173 6 187 56 32 3 146 8 34 3 161 22 43 8 68 3 102 25 137 50
121 25 1644 86 17 137 31 244 54 202 36 65 32 128 7 160 5 143 1 189 30 28 32 123 9 194 47 26 3 159 9 147 15 8 24 153 46 167 28 111 30 245 26 114 12 162 23 38 26 213 7 46 23
122 25 1637 50 20 133 15 36 30 207 46 238 35 192 27 141 6 195 37 193 35 128 27 230 51 160 24 13 38 1 28 26 28 22 57 19 4 54 25 228 21 104 55 142 20 175 9 246 13 131 51 210 59
123 25 1634 132 1 79 57 213 58 228 32 5 57 163 21 246 8 54 19 182 44 102 25 168 35 87 14 34 52 26 16 234 35 185 8 37 35 194 40 94 41 243 48 148 16 130 13 175 24 43 47 67 46
124 25 1380 243 36 91 39 29 4 13 6 139 48 140 25 65 7 141 59 28 14 31 32 183 60 129 53 24 54 98 19 160 6 164 42 101 24 83 21 229 27 136 30 44 57 144 1 155 45 71 24 120 13
125 25 1756 156 43 233 34 217 16 87 34 26 58 181 30 102 3 45 44 113 56 232 40 95 7 226 10 189 23 124 49 16 36 212 41 194 7 216 21 143 1 77 23 61 8 193 44 229 47 139 30 6 3
126 25 1893 86 53 73 35 65 58 135 1 245 16 103 34 141 39 209 34 154 1 222 26 89 19 147 54 167 33 93 8 160 27 165 43 101 9 159 21 176 41 123 14 239 44 204 19 92 20 194 30 244 21
127 25 1784 23 52 245 47 239 35 144 26 249 44 46 57 96 41 248 41 94 43 181 39 246 9 117 5 172 6 10 46 167 6 58 49 219 42 156 48 151 5 56 16 110 5 92 11 164 52 174 16 112 44
128 25 1487 53 42 100 37 114 27 119 31 113 26 138 33 44 1 58 53 99 40 167 24 56 27 70 7 209 53 180 34 188 23 217 41 186 46 151 12 69 11 124 54 220 36 11 36 40 39 97 49 152 15
129 25 1683 36 60 43 58 181 16 58 55 242 38 111 9 248 23 170 59 94 15 62 55 22 51 27 9 243 55 156 31 101 9 237 46 161 19 5 41 16 57 211 26 55 31 238 16 229 13 220 12 200 3
130 25 1760 95 16 152 37 213 19 239 35 67 35 227 53 156 8 158 18 185 6 30 52 62 40 1 9 68 36 60 12 235 32 210 35 242 44 63 40 188 20 204 29 208 58 97 37 64 11 74 25 222 57
131 25 1512 35 33 225 4 8 34 15 34 37 20 155 32 13 59 4 24 218 35 149 29 193 18 5 49 124 50 232 19 114 53 148 17 9 14 136 44 229 41 240 4 122 24 164 27 198 1 212 16 39 6
132 25 1564 154 3 176 49 212 37 30 58 64 7 90 25 130 46 170 40 56 40 41 29 73 34 102 10 193 15 113 29 123 60 44 38 247 34 81 14 53 18 217 39 37 48 245 36 133 54 116 17 229 8
133 25 1525 151 33 89 3 119 3 233 21 124 8 110 31 4 11 126 58 50 2 228 36 101 22 104 14 238 10 24 33 179 14 142 9 138 33 23 16 237 18 99 21 87 18 83 42 208 40 152 11 1 21
134 25 1418 192 56 240 12 211 44 42 5 187 30 54 39 244 50 108 33 10 10 142 19 152 23 69 9 34 10 9 53 58 9 215 2 197 24 157 7 6 43 83 47 127 44 72 58 163 27 47 42 18 25
135 25 1442 133 22 35 41 88 56 101 60 16 51 116 57 157 19 183 34 67 18 136 21 164 24 56 57 151 28 213 19 199 22 34 30 25 51 8 55 22 13 86 37 241 24 57 53 225 2 145 7 227 20
136 25 1573 133 53 113 22 26 51 3 37 176 55 242 48 210 54 85 54 235 9 21 3 51 55 131 53 123 27 184 39 34 42 81 28 74 23 219 41 205 11 160 31 8 21 60 57 217 6 152 41 204 5
137 25 1578 26 14 241 8 78 25 215 43 186 60 124 46 117 49 208 7 14 10 159 26 17 51 55 55 127 32 88 30 105 32 57 50 204 4 139 39 130 13 104 21 221 47 30 46 228 13 245 16 39 1
138 25 1320 148 5 95 47 97 22 56 13 146 4 115 59 27 33 17 29 106 2 89 13 44 28 161 13 123 58 218 7 125 56 229 3 200 53 149 36 201 51 19 35 100 57 67 18 7 44 42 58 59 15
139 25 1385 85 9 10 29 209 37 27 3 84 25 105 15 77 45 33 14 12 23 35 30 47 46 29 55 55 35 239 58 232 19 135 56 219 24 226 17 222 42 6 16 189 14 173 11 218 24 2 46 101 9
140 25 1284 94 16 143 38 156 53 110 4 77 57 22 20 3 39 43 54 60 9 112 5 239 5 197 32 12 13 116 55 48 17 203 1 32 58 18 17 140 39 92 38 6 25 139 40 163 51 215 44 129 16
141 25 1521 99 19 121 37 30 44 129 46 201 46 112 25 168 25 54 8 33 55 16 44 123 8 232 3 32 9 176 52 124 26 231 36 23 60 182 43 155 42 31 38 136 58 190 5 246 14 103 9 96 55
142 25 1556 59 57 13 59 107 40 240 10 166 60 178 60 230 49 42 36 92 54 104 27 122 7 18 48 63 52 162 33 199 17 193 25 47 35 225 33 245 5 234 12 184 11 51 55 121 52 1 12 16 36
143 25 1426 41 29 124 8 48 6 161 30 71 19 198 3 106 24 70 50 248 36 44 21 177 50 244 49 94 14 170 6 178 17 3 48 127 7 175 4 38 6 234 56 35 29 1 50 20 13 37 6 209 55
144 25 1711 55 12 143 31 168 14 48 35 201 53 164 59 131 52 205 54 179 40 130 17 76 40 177 55 211 23 237 57 142 23 93 23 45 5 112 18 95 58 10 17 221 31 229 55 245 52 37 3 69 42
145 25 1609 184 18 169 54 58 51 222 56 242 44 189 17 168 35 48 58 79 46 89 7 178 59 155 42 124 49 35 40 133 35 123 17 52 41 200 60 244 32 57 25 45 25 23 55 82 21 144 42 176 12
146 25 1499 189 45 213 45 97 58 75 23 199 8 187 41 24 41 214 33 52 37 246 18 43 3 205 26 59 26 136 32 47 43 35 47 117 37 134 45 184 40 149 2 17 48 55 2 28 48 217 59 76 22
147 25 1435 38 8 104 42 183 4 129 18 215 6 82 2 114 11 98 59 115 4 159 46 117 17 53 31 169 60 40 45 10 25 96 57 85 22 39 57 65 37 187 52 194 58 233 10 170 22 8 47 167 38
148 25 1518 2 6 45 4 56 5 133 38 199 44 164 46 40 18 49 18 117 16 97 13 172 51 92 4 59 48 131 58 81 26 74 14 173 48 118 22 188 51 238 14 150 25 234 40 101 19 176 35 147 37
149 25 1633 177 59 118 30 143 26 199 15 205 19 242 59 162 16 166 31 90 14 241 37 39 42 61 22 71 24 221 38 120 49 165 18 148 12 17 42 59 47 13 5 109 41 108 26 238 55 14 10 141 42
150 25 1661 72 24 175 4 169 27 92 28 216 56 38 55 139 16 106 27 223 23 209 59 183 42 27 58 12 16 75 15 48 15 178 1 120 34 66 8 201 37 166 24 215 2 152 20 87 48 194 51 159 13
151 25 1586 195 22 241 12 225 38 28 11 107 3 130 47 214 23 143 32 33 11 31 30 165 47 66 6 219 36 12 41 26 24 175 29 216 59 213 23 156 43 30 40 192 48 126 30 67 9 103 17 60 7
152 25 1926 193 53 184 60 161 21 123 32 76 26 168 4 211 16 128 26 202 2 117 41 233 14 164 11 26 2 119 8 178 40 246 12 222 59 84 23 230 6 126 47 54 3 73 26 89 10 203 12 242 9
153 25 1525 92 36 245 28 36 50 189 56 249 39 244 42 7 44 227 21 3 35 116 42 88 9 84 15 99 25 8 30 126 58 183 4 172 32 89 53 197 41 232 34 44 10 58 33 81 12 157 36 25 56
154 25 1635 206 8 150 46 243 59 247 60 39 12 23 52 173 44 105 27 12 25 209 23 31 45 82 60 227 2 203 15 210 48 80 57 187 11 192 49 1 50 200 5 41 35 190 17 33 51 142 34 45 24
155 25 1322 198 29 65 26 242 17 10 51 244 41 70 43 21 22 63 52 12 3 43 54 40 6 38 31 182 20 134 55 163 18 50 2 156 24 89 60 131 58 200 36 19 18 161 42 71 4 124 5 119 37
156 25 1709 126 34 76 27 87 7 90 34 12 49 163 53 127 7 164 26 9 1 177 14 151 28 94 43 159 26 136 44 4 12 228 39 247 36 246 14 125 51 107 55 123 41 221 39 96 9 207 45 243 7
157 25 1475 172 38 121 12 203 18 66 24 112 7 31 2 86 16 219 11 42 9 37 9 52 47 209 12 61 7 119 43 155 57 54 12 197 57 44 54 152 29 17 51 230 19 178 17 107 58 41 38 246 39
158 25 1480 189 42 89 22 124 5 4 2 229 8 68 32 101 26 119 16 170 12 195 28 214 46 176 41 172 15 100 32 95 2 164 59 181 15 134 57 111 48 6 40 45 7 221 3 7 6 34 31 12 41
159 25 1409 194 27 99 5 209 33 36 52 106 51 114 9 39 54 125 42 70 55 149 25 105 6 214 17 58 42 244 13 52 56 13 28 42 11 34 42 195 49 124 42 199 19 22 19 132 57 11 53 233 21
160 25 1456 230 9 56 25 115 25 116 39 9 10 114 22 117 47 132 60 109 59 70 54 80 19 172 22 107 15 100 29 59 52 38 1 137 24 135 24 152 55 212 31 60 5 139 7 217 50 27 35 209 20
161 25 1377 76 39 133 27 38 37 26 36 197 20 87 35 82 16 20 28 131 11 163 22 193 42 177 31 245 12 64 21 25 18 211 47 95 18 45 12 106 42 33 54 78 34 119 57 182 39 18 24 210 57
162 25 1702 221 3 205 57 214 50 159 38 247 26 5 2 8 60 244 35 143 28 9 32 242 29 168 55 80 27 220 44 99 6 94 53 192 50 158 32 68 36 58 15 14 22 17 13 213 30 88 37 239 16
163 25 1894 28 42 176 28 106 35 84 45 128 44 63 3 126 24 232 34 65 41 139 24 248 24 138 4 202 25 159 13 160 26 195 58 233 22 192 39 79 50 141 52 180 4 226 23 61 8 203 6 225 38
164 25 1605 23 58 35 17 112 20 235 27 111 52 21 38 107 42 240 15 161 28 242 34 7 16 231 31 48 1 183 47 182 38 125 27 134 58 66 20 16 26 241 28 224 47 162 5 223 33 77 13 5 20
165 25 1317 159 60 63 60 39 13 104 51 9 58 130 35 13 25 21 32 42 26 75 60 23 1 187 58 103 3 107 15 10 8 91 56 233 57 209 21 184 58 78 9 203 4 36 35 206 60 74 39 235 26
166 25 1517 15 2 119 50 183 7 76 32 175 14 33 2 168 49 222 40 114 30 87 42 42 50 149 49 115 41 214 53 95 40 60 38 200 21 62 36 116 3 52 21 137 36 218 27 37 27 180 28 166 41
167 25 1602 61 59 90 40 97 37 70 53 101 56 142 60 145 53 52 56 218 19 60 2 69 37 187 18 13 35 217 55 23 14 225 53 144 57 93 33 213 35 175 30 248 37 224 50 238 41 9 7 91 10
168 25 1846 177 59 168 47 3 13 133 47 117 28 22 51 111 10 195 13 114 49 207 18 89 44 224 4 245 34 47 34 172 7 235 8 127 13 14 49 247 8 176 23 67 49 163 58 190 27 232 23 218 41
169 25 1374 90 26 96 26 71 41 81 57 94 22 105 48 201 51 82 15 212 8 64 59 42 41 139 35 160 28 163 31 130 60 33 21 37 19 88 38 219 28 76 4 169 21 93 2 13 35 186 34 104 21
170 25 1831 212 56 231 10 202 30 177 6 133 18 96 55 229 14 145 16 193 3 86 9 128 16 51 41 77 23 247 32 139 32 215 12 97 45 52 40 187 50 116 51 90 43 85 38 46 50 235 39 194 20
171 25 1581 7 34 28 7 246 44 221 12 218 9 45 52 61 2 228 34 143 34 145 18 84 14 70 1 153 56 102 28 104 17 59 12 172 6 120 47 190 30 10 49 199 25 9 18 167 24 183 38 198 48
172 25 1846 202 7 240 26 234 13 195 19 90 24 150 11 191 31 30 2 211 39 11 3 31 21 140 28 194 2 232 21 129 39 214 7 89 30 83 31 114 11 222 29 23 3 160 3 243 3 152 25 113 17
173 25 1609 115 53 88 4 28 29 145 49 249 34 4 36 184 13 180 14 139 30 186 47 222 60 118 57 133 11 69 56 47 24 232 11 70 15 146 8 71 16 87 34 189 4 99 4 215 23 102 44 100 60
174 25 1331 238 11 178 34 103 30 124 48 186 47 72 58 127 31 22 30 195 29 18 30 99 53 209 22 17 53 15 51 222 35 20 22 2 53 146 23 96 45 3 36 227 49 48 11 128 15 162 17 6 40
175 25 1750 50 14 72 16 188 36 98 9 12 17 202 55 89 27 107 17 184 26 141 39 113 51 139 43 122 56 109 13 114 52 163 30 215 29 117 13 178 28 164 35 79 9 235 8 237 51 211 43 161 41
176 25 1488 87 43 189 41 4 56 9 38 170 44 32 12 5 58 162 24 192 43 16 16 31 16 72 38 132 25 120 6 207 21 44 60 109 44 195 17 54 3 186 48 216 19 134 13 209 15 222 41 180 39
177 25 1653 44 37 232 33 160 36 73 6 235 25 59 44 203 45 18 1 158 2 6 27 19 35 171 22 7 1 246 40 142 57 240 45 221 17 112 49 61 29 233 45 140 8 210 14 27 30 151 1 138 28
178 25 1544 99 4 210 30 120 30 27 51 183 45 40 39 209 12 106 33 212 16 151 24 71 30 203 30 135 30 161 36 60 28 75 38 136 60 132 37 68 32 110 33 73 18 181 27 35 13 248 13 44 5
179 25 1305 247 48 4 2 77 16 19 38 64 15 248 6 80 7 208 58 106 11 69 18 166 39 111 44 33 55 51 55 22 26 59 19 44 24 2 22 32 32 210 15 66 59 170 7 97 59 206 42 220 25
180 25 1375 132 27 23 34 40 37 158 2 94 12 138 14 50 33 20 33 4 1 24 45 145 41 123 26 187 39 247 34 171 26 18 4 54 60 93 29 154 54 142 15 86 45 164 60 161 34 113 15 210 43
181 25 1328 98 58 91 28 224 55 190 31 204 43 94 36 89 6 144 15 71 55 131 4 179 57 93 56 160 58 21 25 118 25 84 27 16 33 170 32 43 10 155 55 53 50 90 45 29 40 105 30 4 24
182 25 1612 116 51 46 10 130 30 185 46 87 48 245 38 182 26 45 38 108 26 243 59 141 2 209 41 212 5 80 9 121 3 104 27 96 29 88 5 119 35 153 5 14 59 95 5 55 11 112 4 238 25
183 25 1254 63 30 16 3 1 59 37 12 158 40 15 31 246 52 12 25 38 50 59 30 186 12 41 12 95 14 230 48 212 6 22 11 201 44 191 30 33 25 39 22 91 51 139 22 162 43 89 23 132 31
184 25 1495 79 45 171 12 173 27 36 42 76 7 87 48 39 9 93 30 20 57 56 58 120 16 209 28 197 22 183 37 115 36 17 53 220 57 106 12 53 21 145 29 239 23 78 28 222 30 109 53 147 34
185 25 1646 151 36 59 31 126 25 182 58 141 36 223 60 90 44 48 8 186 11 188 32 81 39 15 30 56 26 179 46 180 17 80 45 89 22 170 15 176 29 85 33 153 6 196 54 62 23 249 55 128 49
186 25 1627 179 47 184 6 65 31 195 54 229 7 138 47 120 9 11 25 237 8 220 29 245 34 84 58 45 19 183 35 83 10 24 53 48 9 230 33 110 4 58 28 152 55 7 22 103 59 168 31 137 59
187 25 1676 163 60 14 60 164 12 185 59 116 46 82 60 144 30 59 58 249 53 165 29 134 1 47 7 63 25 175 25 83 11 183 17 181 8 98 26 32 24 197 30 187 27 123 7 85 60 177 59 246 27
188 25 1190 155 6 13 51 120 18 187 24 112 38 8 40 30 45 157 5 136 39 81 15 20 49 211 2 195 47 223 54 168 50 190 22 25 5 84 46 21 1 47 60 78 16 1 14 12 27 52 47 54 31
189 25 1434 26 56 64 22 114 16 147 11 105 19 204 51 243 28 78 28 160 28 224 41 77 19 131 11 90 37 180 44 216 35 93 22 128 56 17 45 15 50 222 13 103 24 47 32 132 54 3 11 49 53
190 25 1276 208 7 13 18 68 32 49 1 139 55 227 21 138 36 98 54 72 2 53 53 166 48 199 24 101 52 37 24 62 57 88 1 63 3 131 34 38 13 162 32 121 24 11 46 91 25 148 25 69 42
191 25 1689 220 38 240 54 29 41 172 4 233 59 71 43 171 13 93 13 148 22 48 41 106 28 154 16 244 27 30 3 151 31 34 20 128 34 5 48 194 7 241 48 35 54 57 58 177 2 186 28 211 8
192 25 1440 13 38 102 21 223 30 112 45 200 22 249 31 42 54 176 9 67 34 40 47 90 45 179 18 92 15 59 9 114 29 77 39 30 59 221 49 70 18 130 4 138 30 25 31 175 29 132 16 125 51
193 25 1635 120 23 219 42 9 19 90 3 18 33 248 17 161 10 125 12 107 4 167 4 156 23 106 14 218 55 216 3 159 26 5 24 6 36 174 37 157 38 236 7 100 45 73 40 154 28 194 13 53 50
194 25 1345 208 40 153 34 144 60 200 29 4 20 146 48 23 4 75 27 240 24 94 47 110 14 161 52 55 16 231 28 130 26 108 28 195 22 3 58 54 18 86 23 46 54 138 59 20 24 38 23 29 24
195 25 1645 212 24 126 36 231 1 226 20 23 11 39 40 158 50 214 5 232 27 145 8 131 10 13 38 90 52 203 29 135 12 194 58 157 29 193 19 211 19 69 33 107 4 38 49 9 25 127 39 8 40
196 25 1803 21 55 159 25 228 7 39 51 182 36 217 10 31 28 62 11 126 55 181 4 90 59 192 9 205 34 225 45 142 2 154 55 7 54 169 44 152 57 146 33 44 42 184 16 245 26 248 49 157 2
197 25 1315 129 47 125 39 181 18 53 45 2 17 20 26 143 45 184 48 186 32 123 60 137 46 63 47 47 20 104 16 46 37 66 54 162 24 156 31 48 22 22 54 41 27 178 57 72 45 112 25 231 12
198 25 1631 215 3 216 13 80 25 128 37 3 25 184 26 178 29 32 60 226 33 72 52 196 20 189 42 134 26 86 38 74 36 99 40 201 46 62 52 21 32 23 48 183 8 235 1 31 16 188 36 207 41
199 25 1542 131 29 240 54 152 55 189 19 110 27 150 40 159 45 163 40 85 54 39 29 11 23 209 57 183 39 233 12 174 21 23 26 59 14 112 22 48 10 157 28 12 38 166 16 171 55 13 54 95 31
200 25 1445 135 7 179 23 201 30 65 25 45 56 47 53 16 30 164 58 59 5 190 27 73 1 75 48 26 5 38 58 241 41 104 18 39 47 210 60 1 54 205 8 132 27 224 31 170 33 234 2 18 58
201 25 1448 42 14 146 9 188 12 59 7 32 59 11 31 49 1 219 21 86 3 109 48 179 4 8 50 61 15 177 10 193 30 123 50 238 32 231 56 68 14 66 60 155 15 80 37 93 21 92 45 191 9
202 25 1633 45 36 169 46 61 11 130 39 10 12 234 1 247 5 93 25 64 7 210 34 213 16 175 11 28 45 162 34 95 33 40 60 241 15 232 1 117 32 182 18 181 45 51 60 59 3 26 22 201 17
203 25 1560 217 35 23 12 85 30 148 17 46 5 171 25 16 23 72 50 185 38 21 26 227 44 30 57 190 52 62 3 222 58 232 27 170 45 71 52 122 19 219 28 89 3 84 13 226 5 137 3 55 52
204 25 1875 140 60 133 46 246 34 187 7 87 21 205 10 247 26 144 49 149 17 190 47 185 50 170 60 83 7 154 29 160 20 73 51 20 5 168 45 129 57 174 7 217 40 236 55 85 14 97 34 72 1
205 25 1710 154 33 150 26 90 55 56 49 215 58 1 26 185 58 202 25 124 45 231 2 104 38 6 21 48 31 14 54 216 17 27 19 30 46 206 29 183 22 219 47 241 39 232 5 136 13 191 22 160 51
206 25 1396 53 5 90 11 25 57 103 50 133 28 77 29 39 56 186 6 224 38 209 32 14 30 160 27 226 37 132 47 110 13 189 13 7 49 175 42 17 39 171 19 48 37 57 28 102 53 34 47 212 52
207 25 1321 118 38 43 19 26 39 128 27 37 37 49 45 1 48 105 47 189 2 155 51 122 23 208 51 242 51 125 15 190 56 119 39 163 11 38 29 31 37 197 57 3 18 144 46 5 50 132 33 73 49
208 25 1606 5 55 193 42 225 44 99 51 164 6 179 32 199 51 211 59 222 57 37 20 82 54 135 39 138 35 22 22 57 50 187 11 204 10 77 20 76 57 50 19 63 58 163 33 20 3 203 11 202 59
209 25 1609 233 45 123 59 25 42 203 16 146 50 58 32 112 41 183 31 9 27 151 9 231 58 11 45 236 7 240 29 136 54 110 53 49 31 97 26 218 58 3 41 172 56 84 12 217 4 130 48 42 43
210 25 1420 97 55 157 58 242 26 188 60 143 23 156 12 7 6 74 24 1 52 61 46 192 2 73 37 45 19 70 35 8 44 137 27 220 35 154 1 50 53 92 22 158 47 164 52 119 37 52 42 180 59
211 25 1555 55 43 81 34 58 42 205 22 229 48 220 57 137 56 43 9 118 57 40 1 244 46 206 10 189 16 128 43 39 27 101 53 70 12 126 49 153 23 210 23 100 31 122 19 98 16 37 5 102 19
212 25 1734 126 8 214 23 207 25 108 54 97 26 243 47 90 14 230 28 142 42 203 57 201 25 88 1 182 23 30 39 56 38 124 33 23 6 209 57 15 35 225 60 239 42 101 44 151 28 145 5 19 39
213 25 1698 203 52 33 52 212 36 96 11 64 31 50 49 6 13 196 44 201 20 210 56 221 40 199 4 53 51 193 7 85 32 247 39 131 30 244 7 125 17 112 58 136 53 133 60 198 1 10 30 38 52
214 25 1613 59 16 5 32 186 10 160 53 11 7 145 37 143 60 85 19 76 39 246 4 153 8 123 52 178 3 63 57 170 17 245 57 103 36 193 12 118 47 162 4 177 38 69 38 99 20 223 29 35 56
215 25 1244 151 35 11 34 192 45 17 58 115 2 23 17 80 17 119 27 233 12 72 20 40 45 187 35 33 6 149 45 20 49 91 41 5 9 88 51 73 31 44 31 140 22 9 18 195 3 206 44 196 55
216 25 1611 172 50 6 4 115 31 182 21 132 42 91 42 197 39 31 49 223 33 214 24 83 16 224 42 120 8 131 15 201 36 211 52 157 18 8 1 180 49 22 41 233 44 4 21 34 1 87 57 165 22
217 25 1457 161 2 26 2 61 43 14 47 146 41 49 9 98 57 126 50 46 37 93 9 149 47 212 11 23 38 231 59 176 57 86 58 38 39 100 30 233 8 25 25 237 4 224 35 121 4 102 27 138 10
218 25 1512 37 36 124 27 68 1 150 19 146 18 41 11 38 18 51 37 59 25 177 26 160 23 181 3 219 11 178 50 88 56 232 54 213 15 43 51 75 34 161 32 143 31 154 50 28 14 169 18 89 55
219 25 1720 123 20 109 3 232 57 104 12 248 43 77 21 166 21 185 40 171 41 205 11 182 48 133 45 129 20 141 47 98 21 72 40 249 15 161 37 228 4 27 2 100 27 139 31 144 9 13 26 5 36
220 25 1553 140 44 78 6 83 20 216 59 39 16 122 60 225 20 234 48 149 33 11 47 184 53 133 3 55 58 123 39 127 14 81 14 198 55 16 53 171 53 14 20 138 36 227 16 178 9 12 32 153 14
221 25 1625 36 7 124 28 126 27 136 51 81 8 236 60 82 28 247 47 140 30 90 60 149 37 35 35 162 22 65 53 175 28 169 2 26 2 71 3 207 54 182 46 79 13 208 9 160 26 188 19 77 39
222 25 1637 217 4 243 53 17 17 109 40 83 46 210 55 102 31 215 14 23 59 33 39 230 15 208 48 206 43 67 14 169 6 92 4 18 16 41 16 245 22 9 20 5 23 71 37 244 54 175 56 242 6
223 25 1701 72 41 33 58 143 20 153 23 227 27 39 16 232 9 22 16 160 32 148 20 136 50 92 26 46 25 151 53 212 34 180 5 44 43 162 28 164 57 201 10 13 1 235 56 169 48 239 31 129 36
224 25 1766 240 12 34 38 156 4 62 47 178 11 103 43 55 37 111 38 33 53 209 47 3 56 242 53 153 45 202 54 235 2 219 27 104 4 158 10 127 26 169 27 228 21 172 44 101 41 115 12 124 59
225 25 1622 97 28 241 41 132 12 94 19 123 55 45 25 120 40 134 9 236 21 29 14 89 60 227 4 222 58 12 37 121 57 55 59 204 18 169 28 115 38 64 51 52 50 102 53 174 51 248 6 139 53
226 25 1595 224 20 30 30 232 59 223 10 219 21 76 57 117 53 57 4 164 31 61 39 153 54 118 55 226 13 217 25 29 57 127 44 8 13 50 16 37 51 74 58 248 2 214 11 19 29 236 51 31 54
227 25 1492 194 54 33 50 71 26 16 47 204 14 225 19 142 13 224 3 88 60 113 34 209 11 172 13 95 50 20 46 83 41 17 25 230 57 97 35 197 60 12 36 62 34 79 24 183 50 69 18 149 11
228 25 1455 125 52 213 39 212 42 104 23 166 4 150 2 115 38 126 11 72 11 136 19 44 51 209 39 15 59 169 53 149 49 187 20 161 15 31 44 111 16 11 26 17 15 206 50 71 30 43 3 67 52
229 25 1428 198 37 30 49 164 58 217 56 76 16 14 46 178 30 28 54 130 45 136 18 13 20 88 59 101 60 150 34 165 59 215 12 244 60 24 27 105 31 144 48 71 10 78 36 119 14 82 18 87 1
230 25 1390 35 37 62 17 158 27 61 46 21 14 45 6 36 34 241 32 131 34 157 30 79 39 170 15 60 24 106 57 182 48 144 38 81 30 97 7 202 55 9 37 219 55 112 32 217 13 124 30 31 44
231 25 1476 103 40 62 12 134 1 117 41 230 28 8 3 237 1 14 14 77 47 110 56 143 58 5 21 130 9 195 60 160 18 242 41 81 5 106 24 84 6 33 43 55 7 220 25 122 45 174 8 111 22
232 25 1581 193 44 38 53 153 27 59 12 178 36 135 60 159 2 5 22 185 30 96 7 106 24 238 11 75 14 126 44 7 36 147 21 9 15 64 23 203 32 55 52 200 31 131 58 244 7 171 40 186 28
233 25 1576 49 21 71 16 243 27 30 48 212 18 205 58 41 25 144 44 78 28 77 14 179 58 24 1 87 60 147 57 149 34 226 17 148 25 69 24 216 49 207 55 65 25 58 10 200 7 8 7 220 56
234 25 1696 6 55 199 43 214 55 99 25 29 47 13 15 74 49 25 8 164 3 174 21 158 30 215 17 150 37 53 9 145 34 46 30 218 44 242 22 191 43 248 59 119 10 175 12 209 11 11 24 216 27
235 25 1758 194 3 126 21 41 27 27 25 237 23 68 23 172 25 26 56 216 38 65 26 178 17 62 9 135 33 130 38 78 46 154 32 143 26 122 14 138 18 166 55 140 19 239 38 204 57 233 43 223 31
236 25 1458 190 19 182 49 135 16 40 55 75 37 248 16 51 33 69 52 8 38 132 13 12 33 111 43 140 37 11 15 179 33 95 51 234 28 29 8 24 30 212 20 78 1 178 58 175 8 152 2 156 35
237 25 1783 206 17 7 29 19 17 85 29 223 15 114 7 97 26 215 36 171 56 130 21 63 22 48 43 217 55 194 40 152 58 58 49 186 6 189 12 162 60 156 16 183 32 213 21 120 47 196 50 163 17
238 25 1549 160 27 219 49 119 17 56 24 36 7 93 33 127 9 170 26 212 31 135 38 107 9 191 59 151 50 97 16 202 11 125 41 40 3 22 38 129 57 174 6 118 31 12 6 130 7 210 31 63 39
239 25 1627 169 23 221 7 233 21 185 50 84 38 54 24 187 16 67 36 126 25 119 32 130 27 102 53 234 1 69 25 43 13 223 31 65 34 49 9 76 56 78 29 132 44 129 13 114 45 117 35 248 48
240 25 1601 71 9 90 16 181 30 201 16 94 35 36 60 70 7 158 37 22 6 7 34 219 33 172 27 185 17 203 13 221 10 103 43 150 32 49 11 54 31 156 27 227 3 157 57 229 26 145 10 3 22
241 25 1711 105 31 66 46 170 30 15 44 4 45 174 26 128 3 150 18 5 43 12 1 104 25 209 32 135 45 147 27 127 10 91 30 215 39 221 16 233 54 171 9 219 7 196 42 176 53 148 30 202 60
242 25 1573 180 16 66 49 159 32 115 35 38 23 56 59 144 22 199 46 187 1 160 18 101 18 236 37 21 3 121 21 94 53 32 53 230 19 13 38 229 5 174 40 18 47 74 6 33 30 248 4 219 58
243 25 1523 23 46 246 56 170 47 166 3 41 19 138 30 247 20 9 26 231 3 135 4 5 42 72 28 219 14 189 28 249 20 18 22 65 43 19 45 184 47 123 34 134 12 80 46 3 35 218 5 62 41
244 25 1494 161 13 44 58 34 28 177 3 248 58 220 41 102 55 139 38 167 4 37 50 7 42 33 46 9 55 13 56 192 44 198 22 138 42 23 1 118 26 238 47 47 9 210 31 247 18 150 1 36 19
245 25 1646 177 7 73 15 66 50 127 13 151 10 91 2 189 22 193 12 174 2 187 41 168 13 121 20 216 30 115 22 14 15 70 17 134 17 186 30 232 38 61 2 42 20 5 36 63 28 248 59 190 17
246 25 1789 83 33 246 30 132 4 116 23 237 40 142 49 99 16 247 46 137 18 74 60 151 55 155 22 213 44 49 23 226 8 138 35 147 9 91 12 141 19 32 34 87 32 159 56 117 18 163 32 197 16
247 25 1942 8 27 172 40 59 16 210 21 183 29 117 50 244 15 190 26 127 12 114 10 65 43 241 26 238 49 223 42 103 59 167 30 89 1 175 36 231 27 228 51 115 59 156 2 91 28 121 47 217 27
248 25 1833 109 9 112 58 119 26 199 1 104 28 81 40 56 23 246 23 183 4 32 44 211 22 149 52 221 32 249 51 148 47 127 46 227 1 203 35 26 13 66 42 220 58 53 27 200 59 181 5 144 12
249 25 1860 80 44 243 60 247 33 171 45 155 48 163 24 175 1 224 59 188 41 84 55 82 35 204 35 134 3 35 34 239 18 128 38 222 38 130 27 170 57 191 40 241 56 14 12 1 55 21 52 178 25
250 25 1248 35 32 78 31 67 2 55 51 71 5 110 30 70 21 239 9 117 51 27 20 100 8 187 25 101 18 59 33 141 8 97 5 22 56 48 48 107 14 218 49 38 57 121 59 10 1 158 56 221 56
251 25 1325 137 20 155 14 35 57 11 55 79 23 33 17 29 34 52 46 141 1 30 51 169 39 128 48 74 7 126 34 172 42 114 49 187 30 49 16 216 31 78 22 80 43 146 27 226 26 36 46 148 27
252 25 1631 176 41 184 4 84 32 199 57 93 12 92 13 249 3 158 7 239 55 98 28 216 19 151 33 35 58 220 3 15 48 81 50 128 54 13 51 185 23 189 49 125 21 2 33 223 51 21 41 87 8
253 25 1865 231 52 248 11 15 55 210 14 159 34 203 9 163 20 104 16 142 10 238 41 18 4 111 51 188 15 233 59 69 58 228 53 176 50 89 10 169 14 70 22 127 58 156 18 13 51 200 52 171 52
254 25 1712 21 16 94 32 174 58 226 42 25 57 59 24 119 46 63 49 247 53 232 36 224 8 225 50 18 7 62 37 138 44 98 39 70 11 152 43 229 16 197 45 136 60 95 32 113 13 195 15 212 52
255 25 1777 111 9 63 59 188 59 128 28 68 20 201 32 240 10 239 56 156 16 87 11 49 59 153 49 246 37 106 58 233 27 119 13 117 3 124 17 31 21 206 50 171 57 213 52 93 59 135 53 77 16
256 25 1406 98 25 181 36 50 8 218 9 18 23 187 50 36 35 183 46 151 24 58 7 197 9 96 19 219 38 27 4 133 54 39 22 150 21 67 52 220 15 20 59 49 18 138 54 3 22 119 3 156 49
257 25 1460 61 22 97 56 202 36 195 49 21 39 184 41 10 43 83 49 134 12 65 25 140 23 165 49 196 27 153 46 171 48 194 21 11 23 238 24 60 24 144 12 213 37 92 54 12 44 2 37 77 28
258 25 1551 2 48 30 28 196 57 184 30 243 6 7 8 186 9 32 25 183 3 58 36 124 42 5 5 16 40 49 44 66 37 217 13 246 4 181 15 167 10 19 54 239 56 159 19 190 35 132 23 171 26
259 25 1500 214 15 72 39 42 2 208 5 127 16 122 40 123 45 190 47 124 21 65 27 159 31 108 58 162 12 110 43 234 50 48 30 56 30 60 17 33 39 104 49 144 55 20 27 181 31 63 56 232 48
260 25 1809 3 30 100 52 109 41 103 59 155 29 55 50 156 36 149 44 58 28 207 46 161 43 236 39 214 36 92 9 129 31 223 49 170 6 229 12 241 49 186 21 240 10 117 58 9 4 35 28 242 38
261 25 1648 100 39 76 15 226 7 136 25 89 30 225 8 246 3 141 28 2 29 118 12 168 57 157 7 4 37 60 11 84 51 188 6 129 55 52 35 134 27 61 22 249 55 82 16 237 32 183 40 150 30
262 25 1356 91 60 36 57 56 19 14 7 31 29 18 8 86 18 83 38 204 56 176 34 39 36 48 30 121 17 92 33 226 53 102 47 12 19 165 49 130 60 136 50 229 53 230 46 2 44 155 46 231 11
263 25 1593 219 39 106 39 139 37 5 10 131 42 174 55 186 13 165 34 54 54 91 24 24 5 193 60 97 48 94 44 188 16 224 56 132 32 210 18 175 22 99 16 136 21 45 1 4 59 182 9 114 26
264 25 1604 113 3 224 60 249 7 7 16 101 5 109 24 10 30 242 5 112 33 135 59 105 22 41 40 212 5 240 35 215 33 21 18 8 24 108 23 6 43 73 22 92 46 181 21 209 17 183 11 213 18
265 25 1473 74 13 187 46 149 18 30 14 130 12 191 9 248 31 96 50 46 11 144 9 22 41 134 60 216 18 2 49 70 59 242 24 77 49 73 4 11 46 86 12 228 46 120 14 82 26 54 15 234 17
266 25 1517 86 55 60 47 51 39 8 21 190 19 62 14 77 21 186 53 201 23 220 24 52 15 225 51 120 58 188 43 133 34 70 20 113 46 10 51 185 12 71 23 244 46 160 56 221 4 88 45 13 31
267 25 997 198 47 127 40 27 15 10 41 19 13 2 18 242 36 15 24 96 59 35 58 32 10 53 33 165 5 86 4 21 60 7 38 106 43 40 44 49 17 139 53 240 8 26 15 92 31 152 1 16 30
268 25 1349 174 7 74 38 14 1 5 7 71 4 123 11 161 8 32 25 126 60 133 55 12 12 92 59 76 56 120 49 178 27 100 1 233 14 20 36 24 35 146 29 87 48 239 6 169 25 172 50 117 48
269 25 1709 111 60 231 32 17 36 221 6 45 27 195 7 189 28 16 27 193 1 1 11 219 59 180 30 235 49 146 58 198 35 147 11 204 9 12 51 97 34 66 51 40 10 138 50 230 33 218 54 70 56
270 25 1676 216 51 246 7 197 26 23 44 245 27 202 5 90 20 18 42 26 3 227 39 242 39 156 44 68 60 243 53 55 43 9 11 173 34 147 19 199 1 174 53 157 57 200 19 8 19 10 56 22 29
271 25 1507 154 15 177 9 38 6 218 33 125 15 46 27 219 11 245 49 99 36 214 54 24 30 195 4 49 53 234 24 34 24 189 21 100 57 140 35 67 42 84 13 68 10 39 26 30 5 224 21 2 39
272 25 1501 124 26 80 48 101 29 182 24 164 38 109 33 68 8 201 7 4 9 81 58 161 28 69 51 184 18 186 59 180 27 150 35 64 29 222 5 209 46 100 33 73 59 77 12 18 17 50 24 146 50
273 25 1677 63 46 130 11 209 3 228 24 173 50 182 14 164 18 153 38 114 31 243 25 85 37 125 51 158 5 40 49 118 25 189 40 92 48 60 30 232 9 45 26 148 19 180 22 28 14 49 41 146 13
274 25 1579 205 31 59 12 243 28 176 4 126 43 68 46 74 22 85 3 163 58 123 28 174 53 138 55 36 5 186 37 135 8 111 5 238 44 210 15 69 13 32 33 13 8 134 40 38 22 245 47 77 27
275 25 1493 234 31 152 20 20 27 156 4 16 29 121 13 12 2 159 3 126 32 145 30 91 13 115 55 154 35 128 18 101 44 14 37 86 7 186 27 205 44 212 42 62 14 176 23 5 13 228 52 82 58
276 25 1463 34 49 144 47 53 51 187 35 76 32 43 23 69 59 219 55 172 3 197 45 216 14 157 23 160 24 25 37 117 8 56 2 6 2 188 10 174 44 165 10 28 47 114 46 37 5 72 10 217 60
277 25 1730 144 14 94 53 216 23 18 10 241 14 198 8 135 5 199 54 215 53 150 59 224 37 187 17 124 14 123 45 89 45 29 33 10 1 88 12 50 10 104 13 229 1 67 23 52 12 247 54 227 39
278 25 1462 167 56 187 22 239 60 87 23 148 43 3 42 12 15 62 35 84 51 80 26 219 20 184 23 131 56 202 6 118 18 6 45 193 23 176 13 2 4 8 39 116 50 123 9 147 54 205 10 26 54
279 25 1738 98 36 216 11 198 18 158 41 104 26 179 59 162 3 153 7 108 34 53 27 155 40 78 17 249 4 62 15 204 37 89 33 182 14 183 1 1 41 232 46 218 32 167 59 86 49 67 25 75 59
280 25 1276 11 19 139 59 5 19 62 28 145 7 4 33 19 7 138 14 119 1 246 32 48 43 65 6 91 21 135 37 47 9 128 28 39 58 146 45 208 19 102 26 167 57 46 5 176 9 173 26 94 27
281 25 1704 66 28 41 1 248 33 117 37 90 55 236 29 113 53 144 49 162 4 170 23 81 6 51 17 140 37 77 5 244 3 243 49 180 35 190 38 30 36 36 1 233 1 219 27 225 14 56 36 17 7
282 25 1728 98 13 51 46 154 37 152 10 20 4 14 11 104 59 120 3 178 27 111 60 218 8 116 23 215 11 49 21 102 8 203 52 73 39 30 47 230 50 244 52 205 2 201 9 171 9 208 40 190 59
283 25 1880 239 57 214 11 63 36 69 23 20 49 158 11 93 26 201 19 197 12 21 60 183 15 235 16 103 53 223 14 104 14 112 22 132 24 157 53 117 26 221 34 96 13 241 58 232 47 101 24 229 3
284 25 1603 180 31 119 45 14 24 20 27 137 13 101 19 181 32 102 49 34 20 114 4 93 50 169 35 209 32 224 40 105 52 194 24 112 13 81 27 96 60 216 32 144 6 172 46 47 24 115 53 228 48
285 25 1552 38 29 206 54 100 19 47 39 163 50 102 29 212 16 231 30 111 20 5 15 75 12 218 60 219 3 114 33 186 14 40 5 84 8 183 26 91 31 146 15 71 49 60 11 101 13 232 25 69 36
286 25 1524 27 6 157 17 129 53 201 46 66 60 92 31 189 31 184 25 137 6 117 5 22 37 195 42 89 55 206 60 2 4 227 40 59 53 78 9 5 28 204 42 17 35 173 26 136 8 152 24 185 28
287 25 1472 110 17 56 57 140 34 201 35 65 2 220 51 81 30 25 20 169 12 37 32 53 14 19 57 111 56 136 4 231 1 131 31 27 18 247 58 181 9 214 7 103 53 137 35 62 23 45 52 144 41
288 25 1666 56 19 236 14 227 8 181 3 61 11 183 33 103 11 80 59 78 32 41 38 102 15 196 36 238 49 180 20 204 11 2 48 152 39 46 32 193 6 242 35 149 15 37 20 45 36 192 4 108 21
289 25 1153 145 12 197 33 21 27 62 50 210 4 66 4 22 47 144 39 150 6 24 52 88 60 104 54 165 25 28 32 45 54 55 23 8 5 201 12 13 7 82 16 70 41 71 28 152 38 12 25 171 25
290 25 1427 232 60 138 8 34 14 197 57 181 50 211 5 80 35 76 11 51 58 235 13 17 47 85 34 194 37 33 14 4 6 141 13 220 57 129 26 59 51 188 43 30 22 8 60 125 25 78 49 109 6
291 25 1438 95 13 52 2 238 8 14 23 171 60 37 44 164 56 42 13 233 10 243 52 32 52 244 20 153 40 134 50 78 13 28 54 79 47 25 18 223 57 121 24 116 46 117 3 29 39 58 18 151 59
292 25 1424 11 32 174 20 176 43 36 48 72 60 35 55 18 45 202 34 164 6 223 56 229 38 21 55 162 49 4 39 28 6 48 59 30 33 190 35 216 57 212 9 206 48 234 56 37 29 78 42 43 13
293 25 1618 40 20 86 56 144 26 91 22 14 27 11 14 126 24 195 22 151 12 246 39 79 23 124 54 109 2 225 56 73 57 214 9 85 32 142 3 105 18 238 48 191 5 51 45 147 33 156 2 193 47
294 25 1371 234 37 240 2 78 46 129 13 83 41 68 51 65 11 74 19 113 38 126 20 145 6 47 43 63 51 60 44 144 16 39 22 238 1 241 33 111 55 135 21 15 57 8 45 140 56 97 60 49 24
295 25 1483 241 15 213 3 27 33 103 40 158 40 18 39 87 30 210 60 111 16 24 23 170 3 60 35 82 48 1 31 81 19 167 31 115 21 216 21 245 50 120 3 19 30 223 48 91 2 97 53 88 52
296 25 1746 106 59 164 7 13 18 126 54 200 48 218 11 29 38 196 41 193 25 243 17 235 2 169 32 72 43 140 45 142 2 82 50 127 58 224 36 128 36 133 3 113 31 191 8 44 45 24 36 181 1
297 25 1376 119 41 154 12 153 34 18 14 155 39 146 13 49 18 209 4 137 44 108 19 226 51 200 58 130 45 104 14 136 6 100 7 19 51 91 2 159 27 68 9 132 41 9 31 11 24 27 24 92 5
298 25 1765 71 32 106 41 191 30 44 26 181 32 61 20 118 52 171 50 243 41 46 13 141 29 215 10 169 25 235 45 218 6 102 30 239 27 80 42 157 24 79 37 155 22 219 24 173 59 35 57 81 9
299 25 1588 61 49 143 12 130 17 47 16 186 34 27 26 213 24 155 36 242 50 174 40 136 55 148 51 87 18 146 4 160 8 32 51 38 57 134 27 245 22 93 1 6 31 108 50 204 44 165 57 96 58
