0 25 1728 119 78 81 73 208 55 238 47 48 3 51 5 221 58 69 47 145 59 45 52 41 45 120 29 91 34 166 29 192 20 204 40 229 64 82 26 70 2 222 77 196 44 143 26 172 32 142 78 162 29
1 25 1838 52 23 203 1 13 6 146 69 134 48 210 69 249 40 222 23 226 41 104 9 10 11 173 22 168 26 113 11 215 47 199 8 79 64 141 71 149 58 121 54 225 2 72 16 43 38 197 5 213 67
2 25 1853 194 55 19 16 132 16 60 52 133 66 93 30 116 26 242 77 96 80 179 19 206 41 152 71 82 56 140 60 230 24 226 6 168 37 121 71 14 72 193 26 70 5 248 15 232 29 243 27 118 2
3 25 1770 157 36 32 8 206 75 205 38 94 74 151 19 209 11 165 51 71 59 213 75 176 4 149 43 68 12 14 61 58 3 232 66 158 55 225 64 79 39 163 22 215 33 92 63 233 79 156 9 20 70
4 25 1528 64 63 169 39 220 32 102 12 162 64 113 7 94 79 202 69 157 70 221 20 196 73 22 69 118 42 176 63 120 65 42 13 97 72 123 78 224 10 77 80 14 3 3 33 106 41 101 8 133 3
5 25 1318 33 25 6 33 134 7 178 58 106 22 50 20 70 53 13 18 128 38 37 24 247 12 7 41 96 44 197 51 145 61 84 42 186 48 147 64 116 15 129 59 56 10 159 48 132 16 146 70 34 51
6 25 1465 68 37 59 51 133 73 135 59 175 52 111 10 145 16 48 1 69 63 47 69 1 42 168 39 222 62 156 37 223 31 169 60 78 68 162 20 250 49 140 54 30 20 34 64 147 73 66 17 95 63
7 25 1829 217 47 214 66 208 65 137 43 153 49 6 44 1 45 151 74 144 42 162 45 27 61 236 62 216 2 94 12 50 28 118 75 209 23 92 66 240 26 200 51 173 50 245 63 66 30 74 37 226 71
8 25 1297 20 41 12 45 194 26 16 43 145 1 110 31 72 23 222 67 54 40 66 33 42 9 55 9 163 62 128 79 198 64 189 19 64 72 9 71 102 6 34 44 136 25 210 11 33 9 88 77 232 26
9 25 1862 43 10 239 44 248 79 64 63 219 32 118 10 37 7 131 38 181 48 241 46 123 5 223 4 117 27 124 64 243 46 132 38 225 42 151 22 150 46 26 58 198 74 86 32 119 33 152 28 135 47
10 25 1470 81 1 71 66 197 39 240 63 22 75 134 19 69 65 161 23 4 17 20 1 26 3 109 41 237 80 6 68 37 70 219 23 159 75 19 38 176 51 61 50 154 21 190 10 231 24 113 39 204 33
11 25 1383 186 68 194 29 204 3 154 74 59 75 180 70 69 10 66 70 127 71 210 49 10 66 109 41 75 12 235 60 102 50 22 38 7 15 38 43 89 23 6 30 39 47 129 18 226 34 47 55 184 78
12 25 1772 243 15 73 44 197 10 145 23 141 8 72 32 135 61 229 14 67 36 248 28 105 56 46 22 213 31 110 37 126 57 12 52 142 7 219 33 211 33 133 68 175 36 45 5 124 78 97 33 236 36
13 25 1739 210 70 81 58 153 25 198 54 62 46 80 25 197 21 241 27 65 43 120 57 212 36 93 78 68 28 13 5 172 34 177 51 208 71 180 1 234 55 2 28 154 35 22 39 141 16 218 16 178 15
14 25 1548 137 57 204 56 59 38 32 32 123 58 212 50 131 43 2 4 200 64 124 73 180 25 68 29 117 23 96 54 182 12 141 11 78 68 189 75 210 80 18 9 83 67 149 75 201 13 24 36 136 36
15 25 1680 235 20 102 12 90 68 57 77 221 20 161 53 220 78 243 78 132 72 29 9 111 28 38 80 233 51 205 80 39 71 181 20 194 3 209 52 159 31 44 71 96 53 158 28 23 12 141 63 40 2
16 25 1808 14 79 182 51 240 46 213 16 235 11 86 48 242 72 140 52 233 80 83 18 71 70 141 10 219 25 221 51 167 73 172 50 203 46 82 53 45 68 58 67 176 7 139 17 168 20 67 54 19 29
17 25 1623 5 51 69 43 25 11 183 33 3 17 75 58 162 6 234 62 89 63 199 74 87 42 236 68 63 35 104 33 143 68 193 53 81 29 204 75 111 18 71 15 217 24 216 48 244 57 62 2 170 3
18 25 1437 130 44 70 70 6 64 213 80 219 50 84 51 2 62 86 27 114 36 39 41 212 13 93 70 42 46 186 73 105 75 111 10 7 70 155 72 182 56 50 54 129 73 207 22 120 15 98 45 214 8
19 25 1465 77 48 90 48 229 17 143 3 8 59 120 49 249 6 88 45 207 42 51 67 225 61 41 51 15 20 106 2 127 21 109 75 108 60 12 78 178 54 186 32 239 44 102 34 141 17 71 74 9 49
20 25 1398 88 49 71 11 155 30 78 36 106 80 226 40 207 7 23 64 55 6 115 30 30 44 145 41 217 57 89 59 1 77 169 58 238 69 60 32 137 68 28 46 133 40 44 22 62 79 166 78 154 37
21 25 1447 119 9 151 59 75 37 88 16 37 16 86 17 23 15 138 45 145 35 174 32 112 78 63 48 19 15 46 74 214 11 190 62 159 42 182 56 229 11 3 37 157 48 195 39 14 73 158 59 118 62
22 25 1359 70 16 244 9 44 50 77 60 183 17 121 74 138 3 48 75 41 28 9 54 16 74 105 30 151 59 96 49 72 37 66 46 189 77 22 28 139 35 137 23 232 33 195 80 241 43 75 17 8 1
23 25 1454 36 5 182 24 92 80 146 69 95 43 54 15 199 37 5 80 176 15 55 15 47 38 227 11 139 48 45 74 76 73 244 61 49 57 141 56 33 49 172 77 154 37 248 22 163 67 107 77 23 43
24 25 1692 203 11 202 75 151 41 89 24 96 23 210 68 144 26 195 64 64 58 134 7 174 49 245 41 70 57 140 18 63 32 117 74 102 31 75 14 40 69 196 1 228 39 87 62 122 12 149 37 88 45
25 25 1881 245 13 95 74 239 16 92 74 100 24 20 73 195 13 199 10 236 49 88 61 89 37 27 18 141 38 237 30 218 53 94 20 209 28 140 25 101 33 144 14 165 48 240 27 217 19 34 17 198 64
26 25 1616 247 4 233 44 53 76 153 29 75 72 168 11 112 37 13 66 129 35 151 24 219 8 163 27 134 3 152 72 72 46 39 5 98 4 238 75 128 19 140 23 19 22 244 17 24 1 28 11 201 11
27 25 1441 68 4 18 24 238 19 95 40 136 55 96 16 185 10 168 43 111 9 47 41 170 80 129 6 40 36 226 40 107 26 7 42 162 79 116 77 118 1 93 66 86 13 10 64 58 50 210 78 189 79
28 25 1385 166 4 140 42 61 69 30 77 188 41 131 9 11 76 207 61 247 40 46 44 142 35 3 19 22 18 77 12 19 13 158 6 106 19 195 14 26 77 125 6 157 52 183 47 70 34 182 44 79 16
29 25 1484 79 17 174 30 56 32 161 66 94 8 186 1 16 34 157 39 151 33 235 36 62 19 160 18 128 63 232 13 69 60 219 19 198 22 98 13 95 41 31 49 20 46 35 79 58 16 139 22 116 25
30 25 1698 40 46 73 18 120 56 150 31 215 10 39 62 213 49 16 68 99 56 98 40 113 68 107 51 157 64 91 31 85 47 95 77 232 17 246 71 174 27 243 58 217 22 151 19 20 49 236 30 166 73
31 25 1433 41 29 183 37 129 69 72 19 187 28 6 13 111 74 158 13 198 36 56 27 222 7 88 11 208 66 238 9 123 73 69 21 105 66 132 73 67 33 104 53 82 21 17 2 234 74 4 31 32 79
32 25 1384 118 53 145 27 5 64 14 63 232 36 165 21 37 59 20 3 184 12 18 79 53 18 55 24 212 41 247 14 112 68 111 74 52 17 119 8 32 23 89 48 229 51 204 7 108 3 161 34 46 71
33 25 1414 182 20 8 46 193 71 66 31 65 59 198 27 143 42 46 13 209 7 177 79 244 15 140 29 151 9 123 13 94 28 25 47 53 23 161 33 30 72 39 39 1 16 204 43 17 2 163 55 97 34
34 25 1291 183 59 2 66 11 68 75 26 222 44 108 66 204 52 68 27 121 36 8 8 30 21 46 55 140 28 239 24 186 72 59 44 245 76 146 52 40 11 16 3 58 1 139 50 120 65 112 65 4 49
35 25 1518 126 57 171 63 139 60 131 43 47 12 221 40 16 16 226 80 77 68 75 42 188 47 150 19 247 16 40 13 2 28 219 28 187 11 62 47 103 62 89 19 65 61 81 52 96 68 93 35 185 17
36 25 1652 36 24 146 75 152 44 80 21 86 13 230 66 18 29 163 75 203 46 135 53 20 16 33 74 243 2 17 9 165 24 52 60 88 74 155 60 246 62 202 46 248 64 95 28 216 51 172 6 104 3
37 25 1466 173 17 198 15 178 24 34 26 8 67 58 79 127 3 73 48 108 34 199 45 13 54 30 12 172 72 113 35 47 27 89 49 103 17 236 12 130 11 240 59 159 79 157 65 11 29 32 80 244 23
38 25 1725 155 47 38 66 218 49 57 51 5 6 149 24 26 71 130 53 234 79 85 55 247 44 223 65 162 5 78 66 61 24 133 18 154 14 106 36 198 63 143 69 86 62 153 71 132 8 246 20 231 18
39 25 1788 234 30 155 48 123 11 248 58 121 33 203 60 86 68 127 53 47 20 6 10 228 73 211 80 114 35 219 29 174 9 178 10 59 4 179 63 244 66 103 56 109 47 135 36 154 72 69 52 51 76
40 25 1681 241 50 119 4 111 4 248 40 44 43 130 61 134 70 155 13 73 30 90 45 216 48 81 40 244 76 213 44 137 25 89 28 96 27 33 27 40 52 138 13 154 17 156 18 57 42 202 11 161 11
41 25 1490 155 76 91 17 78 46 172 2 99 58 7 47 37 4 246 19 12 7 200 79 72 36 18 77 95 6 240 66 156 60 188 70 128 70 248 27 65 49 198 43 56 42 115 10 49 65 21 25 235 70
42 25 1267 6 10 39 24 136 74 73 63 119 25 220 30 54 80 27 10 16 67 57 29 124 43 232 58 122 40 125 42 66 49 163 12 150 51 7 55 164 32 67 52 138 33 59 29 189 48 105 5 76 75
43 25 1748 211 78 116 10 59 7 174 43 62 52 215 65 33 28 242 19 181 3 87 75 30 37 227 48 165 78 107 79 104 2 5 34 120 40 114 80 218 47 184 20 171 51 203 78 224 20 29 40 216 18
44 25 1716 136 25 247 13 62 15 23 7 137 68 81 48 249 4 239 57 230 25 98 52 25 63 205 24 70 20 45 30 191 41 110 39 157 48 163 13 86 31 130 36 129 71 197 41 224 14 192 78 6 78
45 25 1650 141 17 129 16 127 60 48 78 248 24 45 68 23 59 32 8 209 32 126 70 142 66 120 28 26 53 131 70 91 68 169 23 165 68 143 79 167 80 216 52 145 64 185 66 204 15 189 19 80 4
46 25 1444 34 69 42 26 1 3 68 49 233 51 5 40 20 7 100 69 228 5 10 33 209 56 139 57 59 54 175 49 150 67 152 63 125 33 160 36 7 68 216 40 230 40 121 61 116 21 93 57 195 48
47 25 1595 208 74 184 46 69 80 106 8 66 17 2 41 52 61 168 68 240 63 149 69 102 10 70 19 92 50 161 38 162 7 175 9 142 28 236 62 68 51 29 45 200 10 103 23 194 72 32 46 180 44
48 25 1377 97 41 185 9 100 7 168 35 67 79 234 5 223 73 1 38 148 43 164 30 27 58 12 70 35 72 64 3 137 62 75 72 174 30 140 58 188 20 34 32 22 16 41 65 73 48 109 47 237 56
49 25 1953 199 16 230 42 10 55 174 26 157 70 69 11 23 78 222 23 26 51 106 9 145 13 9 51 216 47 229 64 236 7 249 14 212 68 155 21 123 50 219 31 29 47 213 3 227 24 225 54 204 22
50 25 1687 72 60 75 13 70 52 231 10 195 6 216 73 1 70 22 25 102 6 186 40 228 16 209 60 218 35 123 43 38 29 124 21 128 50 245 70 191 75 51 55 42 79 179 2 148 43 48 29 233 21
51 25 1531 26 18 129 15 16 45 88 30 54 46 35 56 245 15 111 74 127 67 197 74 229 55 42 20 64 66 68 54 244 32 84 21 200 4 85 37 228 4 126 3 141 30 249 6 96 51 31 63 147 7
52 25 1728 188 55 143 31 247 38 27 56 222 50 67 37 242 8 73 56 184 72 202 61 35 12 173 53 79 38 243 32 92 11 40 59 218 3 110 44 238 51 63 59 47 72 100 17 144 7 52 55 228 73
53 25 1560 181 62 135 53 102 24 57 13 198 70 103 38 117 37 39 2 228 56 162 31 134 60 214 65 178 37 112 40 3 41 192 44 248 4 33 27 128 20 56 50 160 54 116 8 94 16 70 16 61 21
54 25 1445 51 66 159 9 7 8 11 17 181 46 161 8 44 26 140 72 103 20 209 43 131 12 50 68 38 65 153 27 82 4 87 52 211 47 217 54 3 45 164 28 175 51 193 12 13 64 105 54 202 79
55 25 1511 114 65 190 53 72 15 196 60 16 11 219 50 221 25 139 59 49 11 53 74 41 10 187 63 183 79 227 57 34 68 177 37 213 37 189 6 153 16 18 80 98 76 19 40 152 30 60 2 2 25
56 25 1639 116 62 146 24 25 38 204 11 217 57 30 53 235 34 111 5 82 43 113 9 33 62 186 43 232 7 162 71 139 64 107 4 205 32 9 41 80 32 81 36 198 33 188 4 158 49 58 9 163 12
57 25 1485 87 37 84 4 200 15 211 23 207 19 228 4 204 35 65 32 115 56 173 78 41 22 10 51 5 79 231 64 8 13 186 56 42 69 70 1 185 70 55 23 128 13 56 13 67 13 144 41 168 70
58 25 1536 111 79 191 1 245 50 171 38 217 15 195 32 206 53 83 16 249 32 1 62 91 35 149 3 201 3 18 73 43 55 63 53 73 33 169 2 115 17 30 69 21 74 87 6 126 52 84 68 134 57
59 25 1739 180 60 76 45 70 18 72 5 90 17 217 44 181 51 38 80 135 54 28 14 150 7 221 37 83 34 171 62 199 23 209 24 7 19 174 61 35 65 187 41 219 11 98 80 205 2 197 61 236 79
60 25 1426 177 26 35 61 59 67 134 70 6 49 209 51 195 79 54 15 123 29 163 13 229 44 45 36 153 22 29 42 174 16 2 52 71 26 63 52 93 58 231 40 236 21 80 13 129 54 9 71 154 54
61 25 1597 225 42 7 42 59 11 75 18 64 48 55 75 199 58 203 3 209 17 13 21 96 70 184 65 132 12 160 13 165 23 16 21 46 2 214 77 134 60 146 48 137 30 114 78 177 46 152 67 212 44
62 25 1787 130 69 116 33 186 67 226 75 239 30 10 16 233 17 229 48 113 13 188 58 162 6 208 5 215 14 193 67 223 16 132 72 165 47 164 10 96 19 46 16 131 37 42 35 64 80 12 18 51 76
63 25 1608 145 67 95 12 191 80 214 39 52 61 41 23 87 19 168 58 234 49 84 52 39 2 63 35 7 2 116 25 66 17 172 20 245 38 83 55 197 28 196 21 219 66 3 25 226 73 93 72 181 48
64 25 1616 83 41 221 77 175 8 78 62 114 75 160 35 57 64 152 29 191 60 37 36 50 65 223 75 161 40 177 75 111 59 234 25 29 75 41 45 182 51 48 17 215 8 33 43 213 74 12 13 235 48
65 25 1539 140 5 154 52 41 56 14 49 21 74 27 44 157 38 61 73 241 73 110 39 200 57 72 32 56 23 136 71 232 76 177 37 239 9 153 42 137 15 228 35 28 38 23 48 58 55 180 53 194 61
66 25 1743 242 33 41 73 96 7 248 11 239 69 6 55 68 37 233 70 98 71 75 25 225 54 7 12 84 13 94 6 238 14 117 52 179 67 102 6 28 20 135 26 74 71 190 25 181 30 240 5 246 24
67 25 1500 179 44 128 44 148 53 239 76 38 15 87 3 135 34 145 43 13 46 169 17 44 24 233 48 58 45 227 64 92 2 194 46 57 5 93 5 80 10 1 47 173 8 152 7 150 14 4 70 162 27
68 25 1503 13 69 132 60 198 38 78 64 69 39 157 36 140 46 61 52 212 40 214 5 158 26 52 21 54 61 74 67 120 16 206 62 126 39 233 36 166 62 139 34 30 27 202 31 64 62 105 26 3 48
69 25 1609 90 11 203 73 71 8 45 17 16 54 84 71 147 51 159 11 236 56 142 56 160 43 123 31 146 58 224 60 63 16 169 64 238 3 246 41 80 12 9 35 157 72 168 3 4 38 135 80 104 68
70 25 1653 215 55 151 9 77 56 227 32 147 21 127 45 247 57 37 12 229 8 134 57 164 40 180 51 195 73 111 71 24 6 59 31 209 71 108 16 9 2 100 77 168 66 55 76 189 53 23 4 121 28
71 25 1255 66 12 221 22 187 71 42 60 146 22 152 7 12 33 34 77 241 4 220 70 130 27 37 5 44 68 69 56 1 70 206 18 91 66 29 37 6 3 89 3 124 10 179 6 22 14 104 35 59 16
72 25 1689 56 80 164 63 224 48 22 45 125 72 186 10 190 18 5 80 7 2 242 55 114 58 144 63 60 57 58 44 117 15 229 57 249 33 232 8 46 56 182 58 61 24 109 59 220 18 195 52 141 55
73 25 1812 239 6 191 43 237 59 160 36 187 61 22 65 15 23 94 31 231 37 230 71 240 58 81 30 117 17 143 78 119 39 126 77 129 68 33 68 170 53 243 6 35 34 142 61 118 45 211 38 111 50
74 25 1772 241 13 129 13 14 38 152 26 235 20 196 13 66 25 132 11 202 61 245 66 8 79 161 39 179 58 242 48 198 23 70 80 162 72 15 71 143 2 95 25 217 69 182 73 41 2 94 1 126 21
75 25 1467 201 46 151 41 37 1 186 78 8 63 60 27 134 53 170 70 35 23 21 20 179 39 140 70 232 60 242 67 123 39 168 63 77 78 23 13 98 50 207 64 51 23 177 66 55 18 10 47 150 31
76 25 1793 147 79 131 66 220 2 99 48 34 80 165 28 246 53 83 48 182 52 139 36 1 53 214 6 77 2 88 75 141 80 43 71 162 9 200 24 249 68 209 80 167 35 48 19 224 80 140 74 177 15
77 25 1713 94 41 2 63 234 21 169 34 121 32 105 42 112 76 207 40 205 6 232 41 82 58 68 72 72 69 173 5 220 70 21 4 240 23 86 23 213 74 198 63 67 64 217 48 162 73 38 58 88 31
78 25 1974 238 51 218 56 202 19 56 7 136 46 76 26 191 57 30 18 241 75 233 38 177 20 194 65 227 17 168 26 174 7 236 44 230 64 69 51 94 46 157 41 1 4 89 11 118 60 240 12 153 80
79 25 1588 241 42 75 37 178 21 4 54 204 53 131 57 192 76 137 64 30 73 233 22 215 76 50 78 168 10 177 17 231 79 38 73 112 30 60 72 15 25 198 47 85 14 20 1 153 44 152 17 78 3
80 25 1669 183 63 163 80 60 52 117 39 14 7 106 49 179 58 98 18 211 24 44 38 43 78 174 2 178 77 3 44 234 46 226 79 130 78 140 43 134 58 28 12 166 66 210 25 63 27 195 7 240 63
81 25 1548 69 50 128 62 71 45 139 74 200 74 41 5 54 62 192 44 184 7 3 73 209 20 29 28 4 73 217 69 58 3 241 59 132 73 52 16 213 67 135 28 17 11 92 70 205 47 175 51 237 21
82 25 1384 159 15 211 34 208 39 64 38 188 8 19 27 199 73 118 74 55 6 120 54 212 11 35 51 87 71 25 57 162 3 10 32 128 30 37 57 100 71 214 67 168 14 103 57 28 32 102 64 17 2
83 25 1746 128 50 104 62 32 50 185 18 8 78 21 39 221 70 190 77 186 39 107 11 76 65 187 70 243 14 102 74 148 10 167 35 152 22 38 63 163 4 193 33 213 71 93 74 81 10 249 49 206 49
84 25 1883 194 12 185 64 74 39 177 30 148 78 186 22 149 78 61 24 72 25 228 4 7 12 235 70 105 37 199 43 35 26 203 31 190 68 156 73 138 34 134 45 181 30 58 72 229 70 217 30 206 54
85 25 1980 144 23 235 60 164 69 146 74 191 52 71 73 214 40 132 79 125 21 154 38 7 47 77 34 118 77 136 36 207 21 129 12 155 73 181 38 201 38 133 43 209 34 237 43 213 79 143 9 239 57
86 25 1540 197 36 85 65 161 44 32 28 239 40 117 3 245 31 175 65 133 62 47 5 60 32 213 64 65 21 227 33 172 65 51 59 61 16 31 34 59 59 204 20 19 70 142 53 2 46 177 14 167 36
87 25 1385 110 48 177 72 14 43 5 72 96 36 216 58 46 78 173 76 241 53 106 14 82 64 115 13 239 38 140 57 101 36 92 20 236 79 31 19 111 55 90 68 62 17 56 7 34 70 35 76 163 72
88 25 1751 171 66 116 27 69 76 104 8 222 34 64 5 101 14 147 1 44 54 142 42 197 58 9 6 183 60 190 50 102 63 182 40 68 38 205 51 177 37 226 72 92 72 244 65 90 6 170 43 187 63
89 25 1510 172 56 233 47 18 33 118 79 126 20 210 45 150 27 42 74 49 31 132 16 112 65 69 28 201 29 3 71 133 80 95 64 25 58 130 5 247 3 227 39 235 12 148 53 45 73 14 75 87 1
90 25 1647 79 71 60 76 214 20 140 46 202 59 30 26 206 59 237 22 86 24 37 64 210 78 83 23 84 55 199 61 76 69 34 15 16 27 204 75 182 28 234 41 115 71 170 11 242 39 38 67 117 3
91 25 1827 177 6 55 59 240 72 186 20 112 41 168 7 248 23 243 73 87 56 60 22 237 56 212 68 127 55 88 6 22 67 239 30 43 8 201 64 233 10 98 65 9 26 92 71 189 17 130 34 158 61
92 25 1605 52 44 115 21 162 79 101 67 42 17 165 21 118 20 240 79 45 4 160 54 169 9 190 12 211 10 108 70 193 48 141 77 51 27 109 72 127 79 138 1 217 53 111 55 214 33 5 58 26 76
93 25 1613 2 56 184 31 158 35 170 47 86 34 234 58 162 24 21 47 163 61 235 13 48 29 145 34 102 17 238 29 123 33 212 28 39 42 177 55 173 46 120 67 129 8 15 43 111 55 1 57 179 70
94 25 1766 85 4 133 56 170 60 147 24 224 48 164 64 112 2 34 47 222 12 68 11 172 12 3 41 44 60 193 21 178 72 75 33 113 5 195 21 18 21 218 63 236 29 225 26 215 63 59 66 230 39
95 25 1929 157 3 183 70 207 22 42 19 212 16 225 4 209 27 40 6 197 68 128 67 192 45 18 22 161 1 110 39 12 8 155 27 121 24 233 24 148 43 217 63 107 63 193 16 172 80 242 41 177 80
96 25 1258 23 54 57 12 45 19 72 45 67 36 92 44 212 54 179 6 70 66 178 56 60 4 20 43 79 44 154 33 124 3 134 78 176 62 140 50 111 53 29 8 68 4 209 71 133 26 52 40 33 60
97 25 1388 120 29 209 34 99 12 127 63 228 29 7 45 234 28 114 6 10 27 179 21 26 68 94 7 81 46 192 62 138 57 71 29 97 42 82 35 133 40 68 20 119 16 187 24 75 70 9 55 78 80
98 25 1599 225 66 137 18 42 77 146 55 201 5 161 51 243 67 152 14 54 17 133 23 98 73 148 4 57 32 186 77 158 73 58 32 70 15 52 1 13 49 196 53 183 38 86 37 215 67 100 78 84 20
99 25 1816 73 47 239 26 95 72 143 43 220 28 171 13 77 37 106 38 81 14 235 4 188 2 231 54 8 77 165 7 44 61 218 6 139 66 85 58 68 67 237 45 219 51 151 45 147 70 118 30 174 63
100 25 1443 90 68 243 5 77 21 172 4 104 72 171 41 160 79 246 74 63 12 84 37 11 64 37 17 20 27 164 62 2 26 113 31 17 28 81 60 203 74 61 43 107 52 102 77 198 34 209 61 152 61
101 25 1373 7 58 117 28 16 73 49 80 160 53 190 20 132 9 10 1 141 35 84 66 151 55 68 62 174 26 17 12 148 68 54 66 208 20 134 33 154 22 92 46 195 14 95 16 72 26 98 13 181 78
102 25 1314 3 58 145 46 111 32 123 24 12 32 147 7 99 18 150 14 174 74 15 59 128 10 35 35 72 20 4 44 91 5 213 15 122 79 51 74 221 25 29 4 166 15 100 37 194 30 40 29 183 46
103 25 1535 57 42 156 33 68 7 182 61 112 35 107 74 171 30 32 61 15 54 97 23 187 13 69 67 231 5 138 50 83 22 27 40 185 54 82 74 116 6 223 62 133 38 12 52 180 75 227 35 181 1
104 25 1445 72 75 190 30 25 74 97 76 136 50 173 17 54 48 61 57 170 36 182 72 119 36 40 30 230 11 214 66 205 7 178 8 41 7 87 76 35 23 158 34 34 49 145 34 67 44 121 71 57 69
105 25 1592 16 48 221 65 18 26 52 55 32 20 54 33 198 51 240 10 175 2 127 21 139 12 239 35 208 46 78 68 4 39 23 32 120 41 174 31 247 18 2 61 232 60 43 61 169 49 124 7 249 64
106 25 1716 158 10 248 15 247 47 45 74 51 23 26 14 101 35 126 18 23 33 21 65 164 30 217 46 240 15 110 56 136 75 146 45 175 72 221 11 156 44 123 78 226 60 98 44 196 5 128 55 50 14
107 25 1801 107 78 129 6 152 70 84 47 165 39 11 29 90 13 161 38 158 64 215 9 111 15 106 64 82 32 191 21 108 62 204 26 209 13 14 71 172 77 249 18 177 32 128 48 194 69 174 72 212 24
108 25 1516 168 39 100 79 242 70 59 59 132 53 165 30 197 20 52 18 126 41 158 34 14 65 21 19 73 38 12 8 119 33 138 23 83 16 234 12 194 55 105 38 201 77 4 30 98 72 207 40 131 30
109 25 1530 13 75 232 34 90 19 185 7 39 40 170 16 2 12 163 58 226 17 22 70 16 74 228 60 53 66 243 19 177 13 220 72 37 61 215 38 122 31 165 62 10 66 40 4 202 13 15 60 176 26
110 25 1685 176 69 174 77 153 61 39 61 129 43 232 60 49 72 236 39 155 67 43 69 246 20 58 11 119 61 13 5 21 18 181 58 186 26 94 48 158 4 100 26 183 6 146 47 191 4 121 59 168 9
111 25 1612 25 58 48 77 116 39 100 31 31 69 133 40 177 70 125 26 97 48 68 52 103 60 189 10 216 2 124 79 10 51 179 46 140 17 223 6 237 14 208 69 164 80 90 69 172 6 227 71 23 50
112 25 1310 85 54 1 44 90 12 57 30 93 60 58 69 89 36 53 76 122 28 153 62 241 14 81 34 14 78 200 54 12 2 228 45 76 23 172 25 187 71 13 65 62 48 69 57 146 40 213 7 105 64
113 25 1216 69 39 217 28 28 53 39 12 55 2 131 24 227 67 183 17 51 69 10 31 18 7 172 45 236 3 132 61 71 40 8 28 90 32 48 20 113 13 168 55 127 4 21 49 92 72 102 22 25 40
114 25 1812 145 69 247 10 144 70 171 24 190 50 194 59 101 1 8 43 195 51 232 19 118 55 50 16 69 3 183 12 196 29 241 20 200 39 219 73 68 51 56 9 20 51 137 52 37 48 237 18 167 34
115 25 1837 245 78 132 3 142 54 186 7 123 48 176 52 116 6 164 65 89 11 144 60 172 12 182 17 230 78 104 79 235 2 24 71 189 65 143 62 219 70 18 73 207 45 72 3 29 59 231 1 102 70
116 25 1445 224 63 223 30 213 2 44 73 129 47 156 39 58 41 204 59 131 53 7 23 90 43 188 3 45 8 73 7 18 64 169 54 9 1 33 73 35 48 205 3 195 40 121 12 22 24 240 62 59 68
117 25 1366 76 70 1 5 114 27 182 37 24 52 110 62 145 50 184 59 42 48 207 26 130 73 208 43 4 49 28 25 131 78 193 18 187 75 173 43 191 66 89 54 7 50 3 20 134 13 10 50 159 2
118 25 1658 92 56 94 77 196 13 41 6 161 65 236 77 129 78 101 80 113 69 135 52 91 72 76 42 184 39 124 23 48 44 36 1 249 19 187 27 204 18 224 74 62 39 43 36 163 12 229 33 98 22
119 25 1634 43 39 127 64 24 76 230 69 235 33 104 36 214 63 162 30 38 1 233 71 155 52 212 47 159 56 160 9 179 57 40 63 98 67 121 14 158 49 88 20 63 23 77 52 164 19 166 5 18 9
120 25 1524 121 26 57 12 165 25 241 16 159 68 222 37 60 15 96 49 15 28 143 49 52 71 107 54 136 6 153 10 239 51 173 66 187 56 32 43 146 68 34 63 161 22 43 68 68 63 102 25 137 50
121 25 1644 86 17 137 31 244 74 202 56 65 12 128 47 160 45 143 1 189 50 28 72 123 9 194 47 26 43 159 29 147 55 8 44 153 66 167 68 111 30 245 46 114 52 162 23 38 66 213 7 46 43
122 25 1637 50 20 133 75 36 30 207 46 238 55 192 7 141 26 195 77 193 35 128 7 230 51 160 44 13 58 1 48 26 48 22 77 19 44 54 25 228 1 104 35 142 40 175 29 246 33 131 51 210 79
123 25 1634 132 61 79 77 213 18 228 52 5 57 163 61 246 8 54 79 182 64 102 65 168 35 87 54 34 72 26 56 234 15 185 28 37 15 194 80 94 1 243 48 148 16 130 53 175 64 43 7 67 66
124 25 1380 243 16 91 79 29 4 13 26 139 48 140 65 65 67 141 19 28 14 31 52 183 60 129 73 24 74 98 19 160 6 164 22 101 24 83 41 229 27 136 70 44 57 144 21 155 5 71 44 120 73
125 25 1756 156 63 233 34 217 36 87 14 26 58 181 10 102 23 45 4 113 76 232 80 95 7 226 70 189 3 124 49 16 76 212 61 194 47 216 1 143 61 77 3 61 48 193 64 229 67 139 50 6 43
126 25 1893 86 73 73 35 65 58 135 41 245 76 103 14 141 19 209 74 154 41 222 46 89 79 147 14 167 13 93 68 160 67 165 23 101 29 159 61 176 41 123 14 239 4 204 59 92 60 194 10 244 21
127 25 1784 23 72 245 47 239 15 144 6 249 4 46 37 96 1 248 1 94 43 181 79 246 9 117 5 172 6 10 6 167 66 58 69 219 42 156 68 151 25 56 56 110 65 92 11 164 72 174 56 112 4
128 25 1487 53 62 100 37 114 67 119 31 113 66 138 53 44 1 58 13 99 60 167 4 56 47 70 27 209 33 180 14 188 23 217 41 186 46 151 32 69 11 124 14 220 36 11 76 40 59 97 9 152 55
129 25 1683 36 20 43 18 181 76 58 75 242 18 111 9 248 43 170 59 94 55 62 55 22 31 27 69 243 35 156 11 101 69 237 66 161 79 5 61 16 37 211 6 55 11 238 36 229 53 220 12 200 3
130 25 1760 95 36 152 77 213 19 239 55 67 55 227 53 156 28 158 38 185 66 30 72 62 60 1 49 68 76 60 12 235 12 210 35 242 64 63 40 188 60 204 29 208 18 97 37 64 71 74 45 222 77
131 25 1512 35 53 225 24 8 54 15 54 37 40 155 52 13 79 4 64 218 35 149 49 193 78 5 49 124 50 232 59 114 53 148 57 9 14 136 24 229 41 240 44 122 64 164 67 198 61 212 76 39 66
132 25 1564 154 3 176 69 212 57 30 18 64 7 90 25 130 46 170 20 56 40 41 69 73 74 102 70 193 75 113 69 123 60 44 58 247 34 81 54 53 78 217 39 37 8 245 56 133 14 116 37 229 8
133 25 1525 151 33 89 23 119 23 233 1 124 8 110 31 4 71 126 58 50 22 228 56 101 62 104 34 238 10 24 33 179 34 142 29 138 53 23 76 237 78 99 61 87 38 83 62 208 40 152 51 1 21
134 25 1418 192 16 240 32 211 64 42 65 187 10 54 59 244 30 108 73 10 50 142 79 152 43 69 9 34 10 9 73 58 9 215 22 197 44 157 27 6 23 83 27 127 44 72 38 163 47 47 2 18 45
135 25 1442 133 22 35 21 88 16 101 80 16 71 116 37 157 39 183 54 67 58 136 1 164 4 56 57 151 28 213 39 199 2 34 10 25 31 8 75 22 73 86 57 241 64 57 53 225 62 145 47 227 20
136 25 1573 133 73 113 22 26 51 3 17 176 75 242 48 210 54 85 34 235 49 21 43 51 35 131 33 123 7 184 39 34 62 81 48 74 23 219 21 205 71 160 31 8 61 60 57 217 6 152 21 204 45
137 25 1578 26 34 241 8 78 5 215 63 186 20 124 6 117 49 208 7 14 30 159 66 17 71 55 55 127 52 88 30 105 12 57 10 204 4 139 79 130 73 104 21 221 7 30 46 228 13 245 36 39 41
138 25 1320 148 45 95 67 97 62 56 73 146 44 115 19 27 13 17 49 106 42 89 73 44 28 161 33 123 38 218 67 125 76 229 3 200 73 149 56 201 31 19 35 100 77 67 18 7 4 42 18 59 35
139 25 1385 85 9 10 69 209 17 27 23 84 65 105 35 77 45 33 14 12 43 35 30 47 46 29 75 55 55 239 58 232 59 135 36 219 64 226 17 222 62 6 16 189 54 173 71 218 44 2 26 101 29
140 25 1284 94 56 143 58 156 53 110 64 77 37 22 80 3 19 43 74 60 9 112 25 239 45 197 12 12 33 116 15 48 57 203 61 32 38 18 37 140 39 92 58 6 5 139 40 163 71 215 64 129 56
141 25 1521 99 19 121 77 30 4 129 26 201 6 112 45 168 65 54 8 33 75 16 24 123 28 232 3 32 49 176 32 124 26 231 76 23 80 182 3 155 2 31 58 136 58 190 65 246 74 103 69 96 55
142 25 1556 59 57 13 59 107 20 240 30 166 60 178 20 230 9 42 36 92 14 104 7 122 7 18 8 63 32 162 73 199 77 193 5 47 75 225 73 245 25 234 12 184 31 51 15 121 52 1 32 16 16
143 25 1426 41 9 124 28 48 26 161 70 71 39 198 43 106 4 70 10 248 36 44 1 177 70 244 29 94 54 170 6 178 17 3 28 127 27 175 4 38 46 234 56 35 49 1 50 20 13 37 46 209 55
144 25 1711 55 12 143 71 168 34 48 55 201 33 164 59 131 72 205 14 179 80 130 17 76 20 177 15 211 43 237 77 142 23 93 3 45 5 112 58 95 58 10 17 221 71 229 35 245 72 37 43 69 22
145 25 1609 184 78 169 54 58 31 222 56 242 44 189 57 168 75 48 78 79 6 89 27 178 79 155 2 124 29 35 80 133 55 123 37 52 41 200 80 244 32 57 45 45 45 23 15 82 1 144 2 176 52
146 25 1499 189 5 213 65 97 58 75 3 199 68 187 61 24 61 214 33 52 77 246 18 43 43 205 46 59 6 136 52 47 3 35 67 117 57 134 45 184 80 149 42 17 8 55 42 28 28 217 79 76 42
147 25 1435 38 48 104 62 183 44 129 58 215 26 82 22 114 51 98 79 115 64 159 46 117 17 53 31 169 40 40 5 10 65 96 37 85 2 39 77 65 37 187 12 194 18 233 10 170 62 8 67 167 38
148 25 1518 2 6 45 4 56 65 133 78 199 64 164 66 40 78 49 38 117 16 97 33 172 11 92 24 59 8 131 78 81 26 74 74 173 68 118 42 188 51 238 74 150 5 234 60 101 59 176 15 147 77
149 25 1633 177 79 118 70 143 6 199 75 205 19 242 39 162 16 166 31 90 34 241 17 39 22 61 22 71 4 221 38 120 69 165 18 148 32 17 42 59 67 13 5 109 61 108 6 238 15 14 30 141 2
150 25 1661 72 4 175 4 169 7 92 8 216 76 38 15 139 16 106 47 223 43 209 39 183 2 27 38 12 36 75 15 48 35 178 21 120 54 66 28 201 17 166 44 215 22 152 60 87 68 194 71 159 53
151 25 1586 195 42 241 12 225 78 28 31 107 3 130 67 214 3 143 52 33 11 31 70 165 67 66 46 219 16 12 61 26 64 175 49 216 79 213 23 156 63 30 80 192 8 126 50 67 29 103 17 60 67
152 25 1926 193 13 184 80 161 61 123 32 76 26 168 4 211 16 128 26 202 2 117 61 233 54 164 11 26 62 119 68 178 40 246 32 222 19 84 23 230 26 126 67 54 23 73 6 89 10 203 52 242 29
153 25 1525 92 56 245 68 36 10 189 56 249 79 244 62 7 4 227 41 3 55 116 22 88 69 84 15 99 5 8 30 126 58 183 24 172 32 89 53 197 1 232 34 44 50 58 73 81 72 157 56 25 56
154 25 1635 206 8 150 6 243 19 247 60 39 32 23 72 173 44 105 47 12 45 209 43 31 25 82 20 227 22 203 15 210 8 80 57 187 11 192 49 1 10 200 25 41 15 190 77 33 31 142 74 45 24
155 25 1322 198 69 65 66 242 37 10 71 244 21 70 43 21 62 63 12 12 43 43 14 40 6 38 71 182 40 134 75 163 78 50 2 156 44 89 60 131 18 200 76 19 38 161 62 71 64 124 5 119 57
156 25 1709 126 74 76 47 87 27 90 54 12 49 163 13 127 67 164 46 9 1 177 14 151 48 94 43 159 46 136 24 4 32 228 39 247 56 246 14 125 71 107 75 123 21 221 79 96 49 207 25 243 27
157 25 1475 172 18 121 52 203 78 66 64 112 27 31 2 86 16 219 11 42 9 37 69 52 7 209 52 61 27 119 3 155 57 54 52 197 77 44 74 152 49 17 51 230 39 178 57 107 58 41 18 246 39
158 25 1480 189 2 89 42 124 65 4 42 229 48 68 12 101 46 119 36 170 32 195 28 214 46 176 1 172 75 100 72 95 62 164 39 181 75 134 37 111 28 6 40 45 67 221 43 7 46 34 11 12 61
159 25 1409 194 47 99 45 209 73 36 12 106 11 114 69 39 14 125 2 70 55 149 25 105 26 214 57 58 22 244 53 52 56 13 28 42 31 34 42 195 29 124 42 199 79 22 39 132 77 11 13 233 21
160 25 1456 230 49 56 65 115 65 116 79 9 70 114 22 117 27 132 40 109 59 70 74 80 59 172 2 107 35 100 9 59 32 38 1 137 4 135 44 152 55 212 31 60 5 139 7 217 70 27 35 209 20
161 25 1377 76 19 133 7 38 77 26 76 197 20 87 15 82 36 20 28 131 11 163 62 193 62 177 71 245 12 64 61 25 18 211 27 95 58 45 12 106 2 33 14 78 34 119 17 182 79 18 64 210 77
162 25 1702 221 43 205 57 214 30 159 58 247 6 5 62 8 80 244 15 143 8 9 32 242 29 168 55 80 27 220 24 99 66 94 73 192 30 158 32 68 56 58 55 14 22 17 33 213 30 88 37 239 76
163 25 1894 28 62 176 68 106 35 84 25 128 44 63 63 126 44 232 34 65 61 139 24 248 64 138 24 202 5 159 73 160 26 195 18 233 42 192 59 79 30 141 12 180 24 226 43 61 68 203 26 225 18
164 25 1605 23 78 35 57 112 80 235 27 111 72 21 58 107 42 240 15 161 68 242 54 7 16 231 71 48 1 183 7 182 18 125 27 134 38 66 40 16 66 241 48 224 67 162 25 223 53 77 53 5 40
165 25 1317 159 60 63 40 39 53 104 71 9 58 130 15 13 5 21 72 42 46 75 20 23 61 187 58 103 3 107 75 10 8 91 36 233 37 209 61 184 18 78 49 203 64 36 35 206 80 74 19 235 66
166 25 1517 15 2 119 70 183 47 76 12 175 14 33 42 168 69 222 60 114 70 87 2 42 30 149 9 115 1 214 73 95 80 60 58 200 1 62 16 116 3 52 61 137 16 218 7 37 7 180 8 166 41
167 25 1602 61 19 90 80 97 77 70 73 101 56 142 80 145 73 52 56 218 79 60 62 69 77 187 38 13 15 217 75 23 74 225 53 144 57 93 53 213 15 175 10 248 57 224 30 238 1 9 7 91 50
168 25 1846 177 39 168 7 3 13 133 67 117 28 22 71 111 30 195 13 114 29 207 58 89 64 224 64 245 74 47 34 172 27 235 48 127 33 14 9 247 8 176 63 67 49 163 58 190 47 232 63 218 1
169 25 1374 90 66 96 26 71 61 81 17 94 2 105 48 201 11 82 55 212 28 64 79 42 1 139 15 160 28 163 31 130 40 33 1 37 79 88 58 219 28 76 24 169 21 93 62 13 55 186 34 104 1
170 25 1831 212 76 231 30 202 10 177 6 133 18 96 55 229 54 145 76 193 63 86 9 128 36 51 61 77 43 247 52 139 52 215 12 97 5 52 40 187 50 116 71 90 43 85 38 46 50 235 79 194 40
171 25 1581 7 54 28 67 246 44 221 52 218 9 45 52 61 22 228 14 143 54 145 58 84 34 70 41 153 36 102 8 104 57 59 72 172 26 120 47 190 70 10 69 199 25 9 78 167 64 183 78 198 48
172 25 1846 202 7 240 6 234 33 195 59 90 44 150 71 191 11 30 42 211 39 11 63 31 1 140 68 194 22 232 61 129 39 214 47 89 50 83 31 114 51 222 9 23 63 160 63 243 63 152 5 113 57
173 25 1609 115 13 88 44 28 9 145 9 249 74 4 16 184 53 180 54 139 10 186 27 222 60 118 77 133 31 69 56 47 24 232 11 70 55 146 28 71 56 87 34 189 44 99 64 215 63 102 44 100 60
174 25 1331 238 71 178 54 103 50 124 28 186 7 72 78 127 31 22 10 195 49 18 30 99 33 209 42 17 53 15 31 222 55 20 22 2 13 146 43 96 5 3 16 227 29 48 31 128 75 162 77 6 80
175 25 1750 50 14 72 16 188 36 98 49 12 37 202 35 89 47 107 77 184 26 141 19 113 11 139 3 122 56 109 53 114 52 163 50 215 49 117 33 178 68 164 35 79 29 235 8 237 31 211 3 161 61
176 25 1488 87 23 189 41 4 36 9 58 170 24 32 72 5 58 162 44 192 63 16 56 31 16 72 78 132 25 120 26 207 21 44 60 109 24 195 37 54 43 186 68 216 19 134 33 209 75 222 21 180 39
177 25 1653 44 77 232 73 160 56 73 46 235 5 59 24 203 5 18 41 158 2 6 67 19 55 171 42 7 21 246 80 142 17 240 5 221 77 112 29 61 29 233 65 140 48 210 14 27 30 151 41 138 48
178 25 1544 99 24 210 10 120 50 27 71 183 45 40 79 209 32 106 73 212 56 151 4 71 30 203 30 135 10 161 56 60 28 75 18 136 60 132 37 68 32 110 53 73 78 181 27 35 53 248 33 44 25
179 25 1305 247 28 4 2 77 16 19 38 64 15 248 46 80 67 208 38 106 71 69 78 166 19 111 44 33 15 51 75 22 26 59 79 44 24 2 42 32 72 210 35 66 39 170 7 97 39 206 2 220 65
180 25 1375 132 47 23 74 40 77 158 42 94 32 138 74 50 73 20 13 4 41 24 65 145 41 123 26 187 79 247 74 171 46 18 64 54 60 93 9 154 14 142 15 86 25 164 40 161 34 113 75 210 3
181 25 1328 98 38 91 48 224 75 190 51 204 63 94 16 89 66 144 55 71 55 131 64 179 17 93 56 160 58 21 45 118 5 84 27 16 13 170 32 43 50 155 75 53 50 90 25 29 60 105 30 4 4
182 25 1612 116 31 46 50 130 10 185 46 87 28 245 78 182 46 45 18 108 66 243 59 141 42 209 41 212 5 80 49 121 43 104 47 96 9 88 45 119 15 153 65 14 39 95 65 55 31 112 64 238 5
183 25 1254 63 10 16 3 1 19 37 72 158 80 15 71 246 12 12 45 38 50 59 50 186 52 41 32 95 14 230 28 212 26 22 71 201 24 191 10 33 65 39 62 91 51 139 62 162 23 89 3 132 71
184 25 1495 79 5 171 52 173 27 36 62 76 47 87 28 39 29 93 30 20 17 56 18 120 16 209 8 197 22 183 17 115 16 17 13 220 37 106 12 53 1 145 69 239 63 78 68 222 50 109 33 147 14
185 25 1646 151 16 59 71 126 25 182 38 141 36 223 80 90 24 48 48 186 51 188 12 81 79 15 70 56 6 179 66 180 57 80 25 89 62 170 35 176 69 85 13 153 26 196 14 62 3 249 15 128 9
186 25 1627 179 27 184 46 65 11 195 74 229 27 138 67 120 49 11 65 237 48 220 29 245 74 84 38 45 79 183 15 83 10 24 53 48 49 230 53 110 4 58 68 152 15 7 22 103 59 168 51 137 79
187 25 1676 163 60 14 40 164 72 185 79 116 6 82 40 144 70 59 78 249 13 165 69 134 41 47 47 63 5 175 25 83 71 183 17 181 48 98 66 32 64 197 10 187 67 123 27 85 80 177 39 246 47
188 25 1190 155 66 13 31 120 78 187 64 112 58 8 60 30 5 157 45 136 39 81 55 20 49 211 2 195 67 223 54 168 10 190 42 25 45 84 66 21 1 47 20 78 16 1 74 12 27 52 7 54 71
189 25 1434 26 36 64 2 114 56 147 31 105 59 204 11 243 48 78 48 160 28 224 61 77 19 131 11 90 37 180 44 216 75 93 62 128 36 17 65 15 50 222 53 103 44 47 72 132 74 3 51 49 13
190 25 1276 208 47 13 78 68 12 49 61 139 55 227 41 138 56 98 54 72 22 53 73 166 48 199 4 101 12 37 24 62 57 88 1 63 43 131 54 38 53 162 32 121 4 11 26 91 25 148 5 69 42
191 25 1689 220 78 240 34 29 41 172 44 233 39 71 23 171 73 93 53 148 62 48 41 106 28 154 16 244 27 30 23 151 71 34 60 128 14 5 8 194 27 241 28 35 34 57 58 177 2 186 68 211 48
192 25 1440 13 38 102 1 223 70 112 65 200 62 249 31 42 14 176 9 67 54 40 47 90 45 179 18 92 55 59 29 114 29 77 59 30 59 221 29 70 78 130 64 138 30 25 11 175 29 132 36 125 51
193 25 1635 120 43 219 22 9 39 90 43 18 53 248 37 161 50 125 32 107 64 167 44 156 63 106 54 218 35 216 43 159 6 5 24 6 16 174 17 157 18 236 47 100 25 73 20 154 68 194 73 53 50
194 25 1345 208 80 153 74 144 40 200 9 4 40 146 28 23 24 75 7 240 44 94 27 110 14 161 12 55 76 231 68 130 66 108 8 195 22 3 38 54 78 86 3 46 74 138 19 20 24 38 63 29 4
195 25 1645 212 44 126 36 231 1 226 80 23 51 39 60 158 10 214 25 232 7 145 68 131 50 13 58 90 32 203 29 135 32 194 38 157 69 193 39 211 59 69 73 107 4 38 69 9 25 127 79 8 80
196 25 1803 21 55 159 25 228 47 39 71 182 76 217 50 31 8 62 31 126 15 181 24 90 59 192 49 205 54 225 65 142 2 154 75 7 34 169 64 152 57 146 13 44 22 184 56 245 6 248 49 157 2
197 25 1315 129 27 125 19 181 18 53 45 2 57 20 46 143 45 184 48 186 72 123 40 137 26 63 7 47 40 104 56 46 17 66 34 162 44 156 31 48 42 22 74 41 47 178 17 72 25 112 5 231 32
198 25 1631 215 23 216 13 80 25 128 37 3 45 184 66 178 9 32 40 226 73 72 52 196 40 189 62 134 6 86 58 74 76 99 40 201 26 62 32 21 32 23 28 183 68 235 41 31 76 188 76 207 21
199 25 1542 131 29 240 54 152 55 189 59 110 27 150 80 159 45 163 60 85 34 39 49 11 63 209 17 183 39 233 72 174 1 23 26 59 14 112 62 48 30 157 8 12 58 166 56 171 15 13 14 95 71
200 25 1445 135 27 179 43 201 50 65 25 45 56 47 13 16 50 164 18 59 25 190 47 73 21 75 68 26 5 38 18 241 41 104 58 39 7 210 20 1 34 205 68 132 67 224 71 170 73 234 2 18 38
201 25 1448 42 34 146 49 188 12 59 7 32 59 11 51 49 61 219 21 86 23 109 68 179 64 8 70 61 75 177 30 193 30 123 10 238 52 231 16 68 14 66 60 155 55 80 77 93 41 92 45 191 29
202 25 1633 45 16 169 26 61 11 130 79 10 52 234 61 247 25 93 25 64 47 210 14 213 56 175 11 28 25 162 74 95 33 40 40 241 55 232 1 117 12 182 78 181 45 51 80 59 43 26 22 201 57
203 25 1560 217 55 23 52 85 30 148 37 46 5 171 5 16 43 72 10 185 38 21 66 227 44 30 77 190 72 62 23 222 58 232 7 170 45 71 72 122 59 219 28 89 3 84 73 226 65 137 3 55 52
204 25 1875 140 80 133 66 246 34 187 27 87 41 205 50 247 46 144 69 149 37 190 67 185 30 170 40 83 67 154 9 160 60 73 11 20 45 168 5 129 37 174 7 217 20 236 75 85 54 97 14 72 41
205 25 1710 154 13 150 66 90 55 56 69 215 38 1 46 185 58 202 65 124 65 231 42 104 78 6 21 48 51 14 74 216 17 27 59 30 66 206 29 183 22 219 27 241 79 232 45 136 73 191 22 160 51
206 25 1396 53 45 90 51 25 17 103 10 133 68 77 29 39 56 186 26 224 38 209 52 14 10 160 7 226 57 132 67 110 73 189 13 7 69 175 22 17 19 171 79 48 57 57 68 102 73 34 67 212 12
207 25 1321 118 78 43 39 26 59 128 67 37 77 49 65 1 48 105 7 189 42 155 51 122 63 208 51 242 11 125 15 190 56 119 19 163 31 38 9 31 57 197 37 3 38 144 46 5 10 132 73 73 29
208 25 1606 5 75 193 22 225 44 99 11 164 46 179 32 199 51 211 59 222 17 37 80 82 74 135 19 138 15 22 22 57 50 187 11 204 70 77 40 76 77 50 19 63 38 163 13 20 43 203 51 202 59
209 25 1609 233 65 123 39 25 2 203 56 146 70 58 72 112 21 183 71 9 67 151 69 231 18 11 25 236 47 240 29 136 14 110 53 49 31 97 6 218 78 3 61 172 36 84 52 217 44 130 28 42 3
210 25 1420 97 55 157 38 242 26 188 20 143 63 156 32 7 46 74 44 1 52 61 66 192 22 73 57 45 19 70 15 8 4 137 27 220 75 154 1 50 33 92 22 158 67 164 32 119 77 52 22 180 19
211 25 1555 55 43 81 14 58 42 205 2 229 68 220 17 137 76 43 29 118 17 40 21 244 66 206 50 189 76 128 3 39 67 101 53 70 12 126 49 153 3 210 43 100 51 122 19 98 76 37 45 102 79
212 25 1734 126 28 214 43 207 65 108 74 97 6 243 7 90 74 230 28 142 22 203 17 201 45 88 21 182 23 30 39 56 18 124 13 23 66 209 17 15 35 225 60 239 42 101 24 151 48 145 65 19 59
213 25 1698 203 32 33 12 212 16 96 71 64 51 50 29 6 73 196 24 201 20 210 76 221 40 199 4 53 31 193 47 85 32 247 79 131 10 244 47 125 57 112 78 136 33 133 40 198 1 10 30 38 32
214 25 1613 59 16 5 52 186 70 160 13 11 27 145 57 143 20 85 79 76 59 246 44 153 8 123 72 178 3 63 57 170 57 245 77 103 16 193 32 118 7 162 44 177 38 69 58 99 20 223 69 35 16
215 25 1244 151 55 11 54 192 5 17 58 115 22 23 17 80 57 119 7 233 52 72 80 40 5 187 15 33 6 149 65 20 9 91 61 5 69 88 31 73 11 44 11 140 22 9 38 195 63 206 24 196 55
216 25 1611 172 10 6 64 115 51 182 61 132 62 91 42 197 39 31 9 223 73 214 44 83 76 224 62 120 68 131 35 201 16 211 52 157 38 8 21 180 9 22 21 233 4 4 1 34 41 87 37 165 22
217 25 1457 161 42 26 42 61 63 14 27 146 61 49 29 98 57 126 10 46 57 93 69 149 47 212 31 23 78 231 19 176 37 86 78 38 39 100 50 233 48 25 65 237 24 224 75 121 64 102 47 138 30
218 25 1512 37 56 124 27 68 61 150 19 146 38 41 11 38 78 51 57 59 5 177 26 160 43 181 43 219 71 178 30 88 36 232 34 213 75 43 11 75 14 161 52 143 71 154 70 28 14 169 18 89 55
219 25 1720 123 40 109 43 232 37 104 12 248 23 77 61 166 41 185 20 171 61 205 31 182 68 133 45 129 40 141 7 98 61 72 20 249 15 161 17 228 64 27 22 100 47 139 71 144 49 13 66 5 56
220 25 1553 140 4 78 46 83 20 216 19 39 36 122 80 225 60 234 28 149 13 11 47 184 73 133 63 55 18 123 39 127 14 81 74 198 15 16 33 171 13 14 40 138 76 227 56 178 9 12 52 153 34
221 25 1625 36 47 124 48 126 7 136 51 81 48 236 60 82 8 247 47 140 50 90 40 149 57 35 35 162 62 65 53 175 28 169 2 26 42 71 63 207 34 182 46 79 53 208 69 160 26 188 59 77 59
222 25 1637 217 64 243 33 17 37 109 20 83 6 210 55 102 51 215 14 23 79 33 19 230 15 208 48 206 23 67 34 169 46 92 44 18 16 41 56 245 62 9 80 5 63 71 77 244 14 175 36 242 6
223 25 1701 72 61 33 58 143 40 153 63 227 27 39 56 232 69 22 36 160 12 148 40 136 50 92 6 46 25 151 73 212 34 180 45 44 3 162 48 164 17 201 30 13 41 235 36 169 68 239 11 129 76
224 25 1766 240 52 34 58 156 4 62 7 178 31 103 3 55 57 111 58 33 33 209 67 3 76 242 53 153 45 202 14 235 22 219 67 104 44 158 30 127 26 169 27 228 21 172 4 101 21 115 12 124 79
225 25 1622 97 68 241 21 132 52 94 39 123 75 45 65 120 20 134 49 236 61 29 74 89 40 227 44 222 58 12 37 121 37 55 59 204 38 169 8 115 78 64 11 52 50 102 73 174 31 248 66 139 33
226 25 1595 224 40 30 70 232 79 223 10 219 1 76 77 117 33 57 64 164 11 61 59 153 34 118 35 226 33 217 65 29 17 127 44 8 33 50 36 37 71 74 78 248 2 214 51 19 69 236 71 31 54
227 25 1492 194 34 33 30 71 66 16 27 204 14 225 79 142 33 224 3 88 60 113 74 209 11 172 13 95 50 20 46 83 41 17 45 230 77 97 55 197 80 12 16 62 34 79 24 183 10 69 78 149 11
228 25 1455 125 32 213 79 212 62 104 3 166 4 150 22 115 18 126 11 72 11 136 19 44 11 209 39 15 59 169 13 149 49 187 60 161 35 31 4 111 16 11 66 17 35 206 70 71 30 43 63 67 12
229 25 1428 198 17 30 69 164 38 217 76 76 76 14 46 178 50 28 54 130 25 136 18 13 20 88 19 101 80 150 34 165 39 215 12 244 80 24 27 105 31 144 48 71 50 78 76 119 14 82 18 87 1
230 25 1390 35 77 62 77 158 27 61 66 21 54 45 46 36 14 241 32 131 74 157 30 79 79 170 55 60 24 106 17 182 68 144 78 81 10 97 7 202 75 9 57 219 75 112 32 217 13 124 30 31 44
231 25 1476 103 60 62 12 134 41 117 21 230 68 8 23 237 21 14 74 77 67 110 56 143 38 5 21 130 69 195 20 160 78 242 1 81 65 106 64 84 6 33 23 55 47 220 65 122 65 174 48 111 42
232 25 1581 193 4 38 13 153 7 59 12 178 76 135 60 159 2 5 2 185 50 96 27 106 24 238 31 75 34 126 4 7 76 147 61 9 15 64 23 203 72 55 32 200 51 131 38 244 7 171 40 186 48
233 25 1576 49 21 71 36 243 27 30 28 212 58 205 58 41 5 144 64 78 28 77 14 179 58 24 21 87 20 147 37 149 34 226 77 148 65 69 4 216 69 207 15 65 5 58 50 200 27 8 27 220 56
234 25 1696 6 55 199 3 214 55 99 5 29 27 13 15 74 49 25 8 164 43 174 21 158 50 215 37 150 77 53 49 145 54 46 10 218 4 242 22 191 3 248 19 119 10 175 32 209 71 11 64 216 47
235 25 1758 194 23 126 61 41 67 27 25 237 63 68 43 172 25 26 36 216 38 65 26 178 17 62 49 135 33 130 58 78 6 154 72 143 26 122 34 138 58 166 55 140 39 239 18 204 77 233 63 223 51
236 25 1458 190 19 182 49 135 76 40 55 75 77 248 36 51 13 69 72 8 78 132 13 12 53 111 3 140 77 11 15 179 33 95 11 234 28 29 48 24 50 212 20 78 41 178 78 175 28 152 2 156 55
237 25 1783 206 77 7 49 19 17 85 29 223 55 114 47 97 26 215 16 171 76 130 21 63 62 48 23 217 55 194 20 152 18 58 29 186 66 189 12 162 40 156 36 183 72 213 21 120 47 196 50 163 57
238 25 1549 160 67 219 49 119 57 56 4 36 7 93 13 127 49 170 46 212 11 135 38 107 9 191 19 151 30 97 16 202 11 125 21 40 63 22 38 129 77 174 66 118 31 12 46 130 67 210 71 63 79
239 25 1627 169 63 221 7 233 41 185 10 84 18 54 44 187 16 67 36 126 45 119 72 130 27 102 53 234 1 69 65 43 13 223 11 65 74 49 69 76 56 78 9 132 4 129 53 114 5 117 55 248 48
240 25 1601 71 49 90 56 181 10 201 56 94 55 36 80 70 67 158 17 22 66 7 34 219 13 172 47 185 17 203 33 221 30 103 23 150 52 49 31 54 71 156 67 227 23 157 77 229 6 145 50 3 22
241 25 1711 105 71 66 26 170 50 15 24 4 65 174 66 128 3 150 38 5 3 12 21 104 45 209 52 135 45 147 7 127 70 91 10 215 19 221 56 233 54 171 29 219 27 196 62 176 73 148 50 202 20
242 25 1573 180 76 66 29 159 52 115 15 38 43 56 19 144 42 199 66 187 1 160 58 101 18 236 17 21 3 121 61 94 13 32 73 230 79 13 38 229 5 174 40 18 27 74 66 33 50 248 4 219 78
243 25 1523 23 46 246 36 170 7 166 3 41 79 138 10 247 80 9 46 231 3 135 4 5 22 72 28 219 74 189 8 249 40 18 2 65 3 19 5 184 7 123 34 134 52 80 66 3 75 218 5 62 1
244 25 1494 161 73 44 58 34 8 177 23 248 78 220 21 102 15 139 38 167 44 37 50 7 62 33 26 9 55 13 76 192 24 198 42 138 42 23 1 118 6 238 7 47 9 210 31 247 78 150 61 36 39
245 25 1646 177 7 73 35 66 50 127 33 151 30 91 22 189 22 193 12 174 2 187 41 168 33 121 80 216 50 115 62 14 75 70 37 134 17 186 30 232 18 61 62 42 40 5 16 63 8 248 19 190 57
246 25 1789 83 33 246 50 132 4 116 63 237 80 142 69 99 76 247 26 137 38 74 20 151 35 155 2 213 44 49 63 226 28 138 35 147 29 91 72 141 79 32 14 87 12 159 56 117 18 163 32 197 16
247 25 1942 8 47 172 20 59 16 210 41 183 49 117 70 244 75 190 26 127 12 114 10 65 43 241 66 238 9 223 62 103 39 167 10 89 61 175 16 231 7 228 51 115 79 156 42 91 28 121 7 217 67
248 25 1833 109 9 112 18 119 6 199 41 104 28 81 80 56 63 246 43 183 4 32 4 211 2 149 12 221 72 249 11 148 27 127 46 227 1 203 35 26 13 66 2 220 78 53 67 200 79 181 45 144 32
249 25 1860 80 4 243 40 247 33 171 5 155 28 163 24 175 1 224 39 188 61 84 15 82 75 204 15 134 23 35 74 239 78 128 18 222 58 130 27 170 37 191 20 241 76 14 52 1 35 21 32 178 5
250 25 1248 35 32 78 11 67 22 55 71 71 5 110 10 70 41 239 69 117 11 27 40 100 28 187 25 101 38 59 53 141 48 97 65 22 56 48 28 107 34 218 69 38 17 121 59 10 1 158 76 221 56
251 25 1325 137 40 155 54 35 17 11 75 79 63 33 77 29 74 52 26 141 1 30 71 169 39 128 48 74 27 126 14 172 62 114 69 187 70 49 16 216 11 78 22 80 3 146 67 226 26 36 46 148 47
252 25 1631 176 1 184 4 84 52 199 17 93 12 92 73 249 43 158 27 239 55 98 68 216 79 151 53 35 78 220 63 15 28 81 30 128 54 13 31 185 63 189 29 125 21 2 73 223 51 21 41 87 8
253 25 1865 231 52 248 51 15 55 210 54 159 74 203 49 163 60 104 56 142 30 238 41 18 64 111 31 188 75 233 59 69 18 228 13 176 50 89 30 169 74 70 42 127 18 156 38 13 71 200 52 171 72
254 25 1712 21 76 94 12 174 78 226 62 25 37 59 64 119 6 63 69 247 33 232 36 224 8 225 10 18 27 62 77 138 44 98 59 70 71 152 43 229 56 197 5 136 20 95 12 113 73 195 55 212 72
255 25 1777 111 49 63 39 188 19 128 8 68 80 201 52 240 30 239 56 156 16 87 71 49 79 153 9 246 37 106 18 233 47 119 13 117 63 124 77 31 61 206 10 171 17 213 32 93 39 135 53 77 16
256 25 1406 98 25 181 56 50 68 218 49 18 23 187 10 36 75 183 6 151 4 58 47 197 49 96 39 219 58 27 24 133 14 39 2 150 41 67 72 220 35 20 39 49 38 138 34 3 42 119 63 156 9
257 25 1460 61 62 97 56 202 16 195 49 21 79 184 61 10 3 83 9 134 32 65 65 140 3 165 69 196 7 153 26 171 28 194 1 11 43 238 44 60 24 144 32 213 57 92 54 12 64 2 37 77 8
258 25 1551 2 68 30 28 196 77 184 70 243 6 7 8 186 9 32 45 183 43 58 16 124 42 5 5 16 20 49 24 66 37 217 53 246 24 181 75 167 50 19 14 239 56 159 59 190 15 132 3 171 46
259 25 1500 214 55 72 59 42 22 208 65 127 76 122 60 123 5 190 67 124 41 65 27 159 11 108 38 162 12 110 23 234 50 48 10 56 70 60 17 33 59 104 49 144 15 20 47 181 51 63 16 232 68
260 25 1809 3 70 100 72 109 1 103 79 155 49 55 10 156 16 149 24 58 8 207 26 161 23 236 59 214 56 92 9 129 31 223 9 170 26 229 12 241 49 186 61 240 70 117 18 9 4 35 8 242 38
261 25 1648 100 19 76 55 226 27 136 45 89 50 225 68 246 23 141 8 2 49 118 72 168 57 157 7 4 77 60 51 84 71 188 66 129 55 52 35 134 7 61 42 249 35 82 36 237 12 183 80 150 30
262 25 1356 91 40 36 37 56 79 14 7 31 69 18 8 86 38 83 78 204 16 176 54 39 76 48 70 121 17 92 73 226 13 102 7 12 59 165 49 130 60 136 10 229 53 230 6 2 64 155 66 231 71
263 25 1593 219 39 106 79 139 17 5 30 131 62 174 15 186 73 165 14 54 74 91 44 24 25 193 80 97 28 94 4 188 56 224 16 132 72 210 38 175 2 99 16 136 41 45 61 4 79 182 69 114 26
264 25 1604 113 23 224 60 249 47 7 16 101 5 109 64 10 50 242 25 112 73 135 19 105 42 41 20 212 5 240 55 215 73 21 58 8 44 108 43 6 23 73 62 92 66 181 1 209 37 183 31 213 78
265 25 1473 74 33 187 46 149 18 30 14 130 52 191 9 248 11 96 10 46 71 144 49 22 61 134 20 216 58 2 49 70 79 242 64 77 69 73 64 11 66 86 12 228 66 120 34 82 6 54 15 234 77
266 25 1517 86 35 60 47 51 59 8 21 190 79 62 74 77 1 186 13 201 63 220 4 52 55 225 71 120 18 188 63 133 34 70 20 113 26 10 71 185 12 71 23 244 26 160 56 221 64 88 5 13 51
267 25 997 198 27 127 80 27 35 10 1 19 13 2 78 242 56 15 24 96 79 35 78 32 10 53 73 165 45 86 64 21 60 7 58 106 3 40 24 49 57 139 33 240 68 26 75 92 71 152 41 16 70
268 25 1349 174 67 74 38 14 41 5 67 71 24 123 51 161 8 32 5 126 80 133 35 12 32 92 79 76 16 120 49 178 47 100 21 233 34 20 36 24 55 146 29 87 68 239 66 169 45 172 30 117 48
269 25 1709 111 40 231 12 17 36 221 66 45 47 195 47 189 8 16 67 193 61 1 51 219 19 180 50 235 69 146 18 198 55 147 31 204 69 12 31 97 74 66 51 40 70 138 70 230 73 218 14 70 16
270 25 1676 216 51 246 47 197 26 23 24 245 67 202 25 90 60 18 62 26 43 227 39 242 19 156 24 68 80 243 13 55 63 9 51 173 34 147 39 199 61 174 53 157 37 200 79 8 79 10 36 22 9
271 25 1507 154 75 177 49 38 26 218 33 125 15 46 7 219 51 245 69 99 36 214 34 24 70 195 64 49 13 234 24 34 4 189 1 100 17 140 55 67 2 84 53 68 30 39 46 30 65 224 61 2 19
272 25 1501 124 6 80 28 101 29 182 64 164 78 109 53 68 48 201 47 4 69 81 18 161 48 69 51 184 78 186 79 180 7 150 55 64 9 222 65 209 26 100 73 73 19 77 52 18 17 50 24 146 50
273 25 1677 63 46 130 71 209 63 228 4 173 30 182 14 164 38 153 38 114 11 243 5 85 37 125 31 158 25 40 9 118 5 189 40 92 28 60 50 232 49 45 6 148 79 180 2 28 74 49 41 146 53
274 25 1579 205 71 59 52 243 48 176 4 126 43 68 66 74 42 85 63 163 38 123 48 174 13 138 15 36 65 186 57 135 8 111 65 238 24 210 15 69 73 32 13 13 8 134 60 38 42 245 67 77 7
275 25 1493 234 51 152 80 20 7 156 4 16 29 121 13 12 42 159 23 126 32 145 50 91 33 115 75 154 15 128 38 101 24 14 17 86 47 186 67 205 24 212 2 62 74 176 23 5 53 228 32 82 78
276 25 1463 34 49 144 27 53 11 187 15 76 12 43 43 69 79 219 15 172 3 197 25 216 14 157 63 160 44 25 77 117 8 56 42 6 2 188 70 174 4 165 30 28 67 114 26 37 5 72 70 217 40
277 25 1730 144 34 94 13 216 43 18 50 241 34 198 48 135 65 199 14 215 13 150 59 224 17 187 17 124 14 123 65 89 25 29 13 10 61 88 72 50 30 104 53 229 61 67 23 52 12 247 74 227 19
278 25 1462 167 36 187 22 239 40 87 3 148 63 3 62 12 15 62 35 84 71 80 6 219 60 184 3 131 16 202 66 118 38 6 25 193 23 176 73 2 4 8 79 116 30 123 29 147 54 205 30 26 14
279 25 1738 98 56 216 71 198 18 158 41 104 66 179 39 162 23 153 7 108 74 53 27 155 60 78 37 249 4 62 55 204 37 89 53 182 14 183 21 1 1 232 66 218 12 167 59 86 69 67 65 75 59
280 25 1276 11 39 139 19 5 79 62 68 145 7 4 73 19 67 138 54 119 21 246 52 48 23 65 46 91 1 135 17 47 49 128 28 39 18 146 65 208 19 102 26 167 77 46 45 176 9 173 6 94 7
281 25 1704 66 68 41 41 248 53 117 37 90 75 236 49 113 33 144 49 162 64 170 3 81 46 51 77 140 17 77 45 244 3 243 49 180 55 190 58 30 36 36 1 233 61 219 47 225 14 56 76 17 67
282 25 1728 98 33 51 66 154 77 152 70 20 24 14 51 104 79 120 23 178 47 111 80 218 28 116 23 215 71 49 61 102 8 203 32 73 39 30 47 230 30 244 32 205 2 201 9 171 9 208 20 190 59
283 25 1880 239 17 214 51 63 76 69 23 20 29 158 31 93 26 201 19 197 72 21 40 183 75 235 36 103 73 223 54 104 74 112 62 132 24 157 73 117 26 221 34 96 73 241 18 232 47 101 4 229 63
284 25 1603 180 31 119 65 14 24 20 7 137 73 101 19 181 12 102 49 34 40 114 24 93 50 169 35 209 12 224 60 105 72 194 44 112 73 81 7 96 60 216 52 144 6 172 26 47 64 115 53 228 28
285 25 1552 38 69 206 34 100 39 47 19 163 10 102 49 212 36 231 70 111 40 5 55 75 72 218 20 219 43 114 13 186 34 40 65 84 68 183 26 91 31 146 75 71 29 60 11 101 33 232 5 69 76
286 25 1524 27 66 157 37 129 13 201 46 66 40 92 51 189 31 184 5 137 46 117 65 22 17 195 22 89 15 206 60 2 44 227 80 59 53 78 9 5 68 204 62 17 35 173 6 136 48 152 4 185 28
287 25 1472 110 37 56 17 140 54 201 15 65 2 220 71 81 70 25 20 169 12 37 52 53 34 19 57 111 56 136 64 231 21 131 31 27 38 247 18 181 29 214 27 103 73 137 15 62 43 45 12 144 41
288 25 1666 56 79 236 54 227 48 181 63 61 71 183 73 103 11 80 19 78 72 41 18 102 35 196 76 238 29 180 60 204 71 2 48 152 39 46 12 193 46 242 55 149 55 37 20 45 76 192 24 108 61
289 25 1153 145 72 197 33 21 27 62 50 210 4 66 44 22 27 144 19 150 6 24 72 88 60 104 54 165 5 28 12 45 34 55 63 8 25 201 32 13 67 82 16 70 1 71 8 152 38 12 45 171 45
290 25 1427 232 60 138 48 34 74 197 77 181 30 211 25 80 55 76 31 51 38 235 53 17 7 85 14 194 37 33 74 4 66 141 33 220 17 129 66 59 11 188 3 30 22 8 40 125 25 78 29 109 46
291 25 1438 95 33 52 62 238 48 14 3 171 40 37 24 164 76 42 53 233 50 243 12 32 72 244 40 153 40 134 70 78 13 28 54 79 67 25 78 223 57 121 64 116 6 117 43 29 59 58 78 151 19
292 25 1424 11 32 174 40 176 43 36 68 72 20 35 35 18 5 202 54 164 46 223 16 229 78 21 35 162 49 4 79 28 6 48 79 30 53 190 35 216 77 212 29 206 28 234 16 37 69 78 2 43 33
293 25 1618 40 80 86 16 144 6 91 22 14 67 11 34 126 44 195 42 151 52 246 39 79 43 124 34 109 42 225 76 73 57 214 9 85 72 142 23 105 58 238 28 191 45 51 65 147 33 156 22 193 7
294 25 1371 234 77 240 42 78 46 129 33 83 1 68 31 65 31 74 39 113 18 126 40 145 26 47 43 63 51 60 64 144 36 39 22 238 41 241 73 111 75 135 61 15 77 8 65 140 36 97 60 49 24
295 25 1483 241 15 213 23 27 13 103 40 158 40 18 59 87 30 210 60 111 16 24 23 170 23 60 35 82 8 1 11 81 79 167 71 115 61 216 21 245 50 120 63 19 50 223 28 91 62 97 73 88 32
296 25 1746 106 79 164 67 13 38 126 54 200 68 218 11 29 78 196 21 193 25 243 37 235 2 169 12 72 43 140 25 142 2 82 70 127 58 224 36 128 76 133 63 113 31 191 8 44 65 24 36 181 1
297 25 1376 119 1 154 52 153 14 18 34 155 19 146 53 49 78 209 64 137 44 108 39 226 71 200 18 130 25 104 14 136 46 100 7 19 51 91 22 159 67 68 49 132 41 9 71 11 44 27 4 92 5
298 25 1765 71 72 106 61 191 50 44 66 181 52 61 60 118 72 171 10 243 61 46 33 141 69 215 10 169 65 235 25 218 6 102 30 239 7 80 2 157 24 79 37 155 2 219 4 173 79 35 37 81 69
299 25 1588 61 29 143 32 130 77 47 16 186 74 27 46 213 4 155 56 242 30 174 80 136 75 148 11 87 78 146 24 160 48 32 31 38 57 134 67 245 2 93 21 6 31 108 50 204 24 165 77 96 18
