0 25 1728 119 73 81 23 208 60 238 37 48 48 51 50 221 48 69 102 145 99 45 32 41 40 120 84 91 124 166 114 192 55 204 60 229 34 82 61 70 47 222 117 196 124 143 41 172 87 142 43 162 39
1 25 1838 52 78 203 46 13 21 146 54 134 88 210 64 249 40 222 58 226 41 104 49 10 26 173 27 168 71 113 36 215 2 199 118 79 4 141 91 149 13 121 9 225 57 72 76 43 8 197 60 213 97
2 25 1853 194 90 19 96 132 66 60 42 133 61 93 125 116 96 242 82 96 5 179 104 206 111 152 31 82 46 140 5 230 79 226 26 168 97 121 26 14 32 193 21 70 35 248 60 232 114 243 77 118 47
3 25 1770 157 51 32 58 206 90 205 73 94 59 151 69 209 46 165 56 71 54 213 115 176 9 149 48 68 107 14 61 58 108 232 66 158 115 225 114 79 54 163 47 215 63 92 48 233 109 156 14 20 20
4 25 1528 64 28 169 89 220 2 102 7 162 84 113 102 94 79 202 59 157 5 221 55 196 33 22 119 118 107 176 23 120 70 42 58 97 62 123 43 224 50 77 35 14 53 3 93 106 61 101 88 133 8
5 25 1318 33 40 6 3 134 112 178 8 106 122 50 15 70 88 13 113 128 88 37 79 247 27 7 101 96 89 197 51 145 56 84 37 186 63 147 24 116 30 129 89 56 120 159 18 132 21 146 95 34 76
6 25 1465 68 37 59 21 133 23 135 79 175 7 111 110 145 46 48 41 69 38 47 49 1 102 168 34 222 27 156 117 223 41 169 40 78 103 162 85 250 24 140 49 30 125 34 49 147 58 66 67 95 113
7 25 1829 217 72 214 111 208 60 137 113 153 109 6 49 1 60 151 14 144 2 162 10 27 66 236 37 216 7 94 32 50 63 118 10 209 103 92 121 240 56 200 61 173 75 245 73 66 115 74 102 226 101
8 25 1297 20 86 12 110 194 106 16 118 145 11 110 6 72 88 222 67 54 5 66 3 42 114 55 14 163 97 128 89 198 104 189 69 64 52 9 46 102 6 34 64 136 105 210 46 33 89 88 12 232 76
9 25 1862 43 120 239 14 248 54 64 78 219 7 118 20 37 102 131 83 181 113 241 96 123 95 223 59 117 107 124 79 243 106 132 13 225 97 151 97 150 66 26 118 198 19 86 97 119 43 152 83 135 122
10 25 1470 81 81 71 116 197 29 240 3 22 95 134 34 69 105 161 18 4 102 20 121 26 38 109 111 237 80 6 13 37 15 219 73 159 85 19 63 176 21 61 20 154 71 190 110 231 59 113 59 204 108
11 25 1383 186 93 194 24 204 23 154 69 59 20 180 5 69 65 66 65 127 116 210 39 10 91 109 51 75 67 235 40 102 40 22 38 7 90 38 63 89 43 6 125 39 37 129 108 226 69 47 80 184 108
12 25 1772 243 45 73 79 197 125 145 33 141 98 72 37 135 56 229 24 67 66 248 43 105 11 46 87 213 91 110 42 126 92 12 22 142 67 219 118 211 103 133 58 175 21 45 105 124 68 97 43 236 71
13 25 1739 210 90 81 108 153 20 198 114 62 51 80 50 197 96 241 17 65 53 120 72 212 21 93 108 68 28 13 120 172 79 177 6 208 71 180 71 234 105 2 33 154 75 22 14 141 86 218 36 178 75
14 25 1548 137 97 204 61 59 68 32 82 123 83 212 80 131 118 2 114 200 4 124 103 180 100 68 4 117 28 96 4 182 22 141 6 78 53 189 20 210 20 18 19 83 97 149 75 201 13 24 56 136 1
15 25 1680 235 110 102 52 90 93 57 37 221 90 161 88 220 113 243 33 132 77 29 24 111 98 38 25 233 61 205 95 39 41 181 15 194 123 209 102 159 31 44 46 96 13 158 88 23 17 141 28 40 87
16 25 1808 14 114 182 51 240 16 213 46 235 1 86 18 242 7 140 52 233 25 83 3 71 30 141 80 219 15 221 86 167 113 172 55 203 81 82 68 45 113 58 22 176 52 139 57 168 65 67 124 19 114
17 25 1623 5 11 69 98 25 16 183 43 3 82 75 58 162 31 234 52 89 18 199 14 87 47 236 3 63 30 104 58 143 108 193 63 81 69 204 115 111 58 71 60 217 84 216 68 244 32 62 67 170 108
18 25 1437 130 69 70 110 6 99 213 40 219 70 84 31 2 27 86 117 114 121 39 26 212 123 93 30 42 86 186 103 105 85 111 25 7 95 155 82 182 46 50 104 129 58 207 7 120 50 98 115 214 123
19 25 1465 77 63 90 83 229 27 143 58 8 99 120 119 249 1 88 5 207 122 51 7 225 31 41 56 15 35 106 112 127 46 109 55 108 50 12 63 178 29 186 2 239 54 102 114 141 107 71 114 9 54
20 25 1398 88 39 71 121 155 105 78 16 106 100 226 35 207 2 23 19 55 51 115 115 30 104 145 6 217 12 89 14 1 97 169 88 238 114 60 17 137 33 28 111 133 40 44 112 62 39 166 113 154 7
21 25 1447 119 109 151 124 75 37 88 66 37 36 86 102 23 75 138 40 145 25 174 47 112 33 63 8 19 125 46 59 214 51 190 82 159 67 182 86 229 121 3 117 157 88 195 54 14 83 158 84 118 57
22 25 1359 70 26 244 54 44 95 77 80 183 2 121 14 138 63 48 75 41 43 9 74 16 79 105 30 151 39 96 19 72 17 66 71 189 12 22 18 139 60 137 53 232 63 195 25 241 78 75 7 8 31
23 25 1454 36 20 182 74 92 75 146 109 95 63 54 10 199 52 5 120 176 120 55 40 47 13 227 116 139 93 45 89 76 53 244 111 49 27 141 101 33 124 172 72 154 57 248 57 163 117 107 32 23 123
24 25 1692 203 36 202 45 151 21 89 114 96 118 210 58 144 111 195 34 64 103 134 87 174 14 245 46 70 32 140 28 63 37 117 49 102 36 75 99 40 69 196 101 228 89 87 47 122 2 149 107 88 50
25 25 1881 245 83 95 64 239 86 92 29 100 94 20 23 195 33 199 20 236 114 88 56 89 42 27 88 141 28 237 100 218 13 94 50 209 33 140 45 101 43 144 69 165 18 240 72 217 9 34 57 198 89
26 25 1616 247 114 233 24 53 101 153 39 75 97 168 21 112 52 13 31 129 55 151 49 219 43 163 17 134 23 152 42 72 116 39 60 98 39 238 50 128 124 140 8 19 12 244 47 24 1 28 56 201 1
27 25 1441 68 114 18 54 238 44 95 60 136 110 96 86 185 10 168 63 111 34 47 106 170 40 129 46 40 31 226 65 107 101 7 72 162 59 116 7 118 1 93 66 86 93 10 39 58 20 210 38 189 124
28 25 1385 166 109 140 72 61 79 30 37 188 101 131 99 11 121 207 106 247 50 46 59 142 45 3 84 22 43 77 62 19 118 158 41 106 89 195 119 26 22 125 101 157 97 183 12 70 84 182 4 79 111
29 25 1484 79 37 174 100 56 102 161 51 94 58 186 111 16 24 157 9 151 53 235 1 62 59 160 73 128 118 232 108 69 60 219 124 198 17 98 3 95 111 31 64 20 91 35 114 58 21 139 87 116 125
30 25 1698 40 26 73 43 120 31 150 41 215 95 39 37 213 114 16 58 99 46 98 95 113 123 107 101 157 104 91 96 85 82 95 102 232 42 246 101 174 122 243 13 217 32 151 54 20 19 236 95 166 83
31 25 1433 41 29 183 22 129 89 72 59 187 28 6 38 111 24 158 63 198 6 56 62 222 87 88 26 208 106 238 29 123 48 69 26 105 91 132 68 67 78 104 3 82 86 17 67 234 49 4 56 32 59
32 25 1384 118 3 145 57 5 79 14 118 232 11 165 51 37 19 20 63 184 97 18 39 53 103 55 119 212 81 247 119 112 33 111 114 52 42 119 108 32 88 89 43 229 116 204 122 108 98 161 19 46 31
33 25 1414 182 75 8 111 193 71 66 41 65 29 198 27 143 102 46 113 209 77 177 24 244 30 140 49 151 99 123 38 94 43 25 117 53 113 161 123 30 77 39 59 1 66 204 88 17 37 163 10 97 29
34 25 1291 183 99 2 56 11 73 75 56 222 44 108 61 204 82 68 7 121 1 8 38 30 86 46 100 140 113 239 24 186 17 59 34 245 91 146 67 40 76 16 83 58 76 139 15 120 20 112 120 4 24
35 25 1518 126 67 171 18 139 10 131 38 47 22 221 80 16 61 226 60 77 28 75 12 188 2 150 54 247 21 40 93 2 63 219 68 187 116 62 52 103 67 89 24 65 36 81 57 96 33 93 25 185 42
36 25 1652 36 99 146 60 152 119 80 66 86 58 230 31 18 124 163 70 203 81 135 78 20 46 33 54 243 42 17 79 165 29 52 60 88 79 155 20 246 92 202 101 248 54 95 98 216 16 172 26 104 43
37 25 1466 173 12 198 40 178 94 34 6 8 62 58 44 127 113 73 123 108 39 199 60 13 104 30 87 172 22 113 70 47 92 89 94 103 37 236 7 130 121 240 114 159 24 157 35 11 104 32 95 244 83
38 25 1725 155 7 38 36 218 84 57 81 5 81 149 94 26 1 130 113 234 9 85 75 247 119 223 5 162 55 78 96 61 84 133 73 154 69 106 86 198 38 143 64 86 22 153 46 132 113 246 105 231 93
39 25 1788 234 110 155 68 123 61 248 93 121 58 203 45 86 123 127 23 47 40 6 65 228 68 211 5 114 70 219 109 174 74 178 10 59 59 179 33 244 51 103 91 109 32 135 46 154 12 69 52 51 51
40 25 1681 241 5 119 54 111 84 248 80 44 23 130 96 134 40 155 63 73 125 90 50 216 73 81 100 244 86 213 39 137 115 89 3 96 82 33 82 40 7 138 83 154 17 156 38 57 37 202 106 161 41
41 25 1490 155 1 91 87 78 61 172 17 99 58 7 62 37 79 246 69 12 12 200 24 72 81 18 102 95 51 240 46 156 25 188 60 128 5 248 57 65 44 198 38 56 77 115 10 49 35 21 60 235 45
42 25 1267 6 65 39 84 136 89 73 33 119 75 220 30 54 100 27 110 16 47 57 54 124 113 232 113 122 30 125 17 66 109 163 72 150 76 7 35 164 57 67 32 138 38 59 89 189 43 105 110 76 10
43 25 1748 211 63 116 50 59 122 174 53 62 32 215 110 33 18 242 44 181 48 87 65 30 77 227 88 165 18 107 19 104 57 5 64 120 120 114 30 218 37 184 30 171 1 203 18 224 50 29 60 216 58
44 25 1716 136 45 247 28 62 80 23 17 137 28 81 108 249 69 239 92 230 25 98 2 25 88 205 19 70 30 45 75 191 11 110 54 157 83 163 103 86 26 130 41 129 86 197 66 224 44 192 123 6 123
45 25 1650 141 52 129 61 127 70 48 88 248 79 45 78 23 59 32 108 209 37 126 45 142 86 120 88 26 93 131 70 91 113 169 83 165 48 143 94 167 105 216 97 145 119 185 51 204 120 189 79 80 39
46 25 1444 34 19 42 1 1 88 68 114 233 26 5 30 20 22 100 39 228 65 10 103 209 106 139 112 59 9 175 114 150 107 152 58 125 68 160 1 7 103 216 115 230 95 121 101 116 96 93 12 195 73
47 25 1595 208 84 184 16 69 85 106 93 66 7 2 66 52 36 168 58 240 8 149 94 102 20 70 69 92 60 161 103 162 82 175 119 142 108 236 62 68 91 29 110 200 30 103 43 194 12 32 76 180 24
48 25 1377 97 21 185 109 100 97 168 25 67 59 234 30 223 28 1 13 148 8 164 125 27 108 12 35 35 47 64 78 137 12 75 72 174 20 140 73 188 50 34 92 22 61 41 125 73 63 109 112 237 71
49 25 1953 199 21 230 97 10 20 174 21 157 100 69 106 23 88 222 73 26 21 106 94 145 18 9 121 216 72 229 54 236 67 249 59 212 103 155 96 123 55 219 6 29 37 213 28 227 59 225 104 204 57
50 25 1687 72 75 75 58 70 17 231 25 195 91 216 68 1 30 22 30 102 121 186 70 228 66 209 65 218 60 123 68 38 54 124 86 128 50 245 50 191 100 51 10 42 119 179 42 148 53 48 124 233 46
51 25 1531 26 48 129 90 16 40 88 60 54 16 35 116 245 85 111 44 127 62 197 114 229 65 42 20 64 71 68 39 244 27 84 121 200 64 85 67 228 24 126 8 141 35 249 11 96 86 31 98 147 102
52 25 1728 188 125 143 81 247 58 27 41 222 20 67 32 242 118 73 76 184 27 202 36 35 92 173 33 79 18 243 87 92 116 40 29 218 58 110 89 238 106 63 109 47 72 100 17 144 27 52 45 228 88
53 25 1560 181 47 135 88 102 4 57 63 198 25 103 78 117 12 39 57 228 26 162 41 134 60 214 85 178 107 112 105 3 66 192 59 248 89 33 32 128 105 56 105 160 24 116 73 94 76 70 111 61 106
54 25 1445 51 21 159 9 7 13 11 72 181 46 161 108 44 101 140 52 103 120 209 83 131 107 50 78 38 120 153 107 82 89 87 7 211 97 217 109 3 15 164 48 175 21 193 2 13 119 105 109 202 39
55 25 1511 114 35 190 43 72 60 196 30 16 11 219 125 221 65 139 39 49 16 53 64 41 80 187 108 183 74 227 37 34 53 177 22 213 117 189 11 153 111 18 20 98 111 19 45 152 10 60 52 2 90
56 25 1639 116 42 146 29 25 78 204 1 217 112 30 18 235 94 111 25 82 13 113 99 33 62 186 28 232 87 162 41 139 39 107 4 205 2 9 81 80 87 81 46 198 88 188 34 158 49 58 114 163 22
57 25 1485 87 47 84 124 200 65 211 88 207 99 228 64 204 35 65 87 115 121 173 48 41 97 10 81 5 19 231 39 8 18 186 71 42 19 70 116 185 30 55 118 128 33 56 58 67 98 144 56 168 80
58 25 1536 111 14 191 66 245 85 171 33 217 40 195 37 206 88 83 71 249 112 1 117 91 10 149 23 201 98 18 108 43 60 63 28 73 3 169 87 115 77 30 29 21 44 87 86 126 32 84 113 134 52
59 25 1739 180 120 76 55 70 48 72 30 90 7 217 94 181 71 38 100 135 4 28 39 150 82 221 87 83 104 171 47 199 78 209 24 7 29 174 56 35 115 187 1 219 71 98 45 205 102 197 96 236 74
60 25 1426 177 81 35 111 59 57 134 125 6 64 209 6 195 89 54 125 123 44 163 123 229 109 45 76 153 102 29 77 174 116 2 77 71 36 63 107 93 48 231 75 236 41 80 33 129 9 9 1 154 24
61 25 1597 225 7 7 122 59 11 75 88 64 123 55 65 199 103 203 113 209 22 13 41 96 100 184 50 132 62 160 118 165 63 16 116 46 22 214 82 134 15 146 73 137 75 114 63 177 66 152 112 212 39
62 25 1787 130 34 116 63 186 122 226 95 239 15 10 106 233 32 229 48 113 113 188 8 162 51 208 25 215 9 193 117 223 6 132 102 165 122 164 100 96 14 46 61 131 32 42 90 64 20 12 28 51 36
63 25 1608 145 102 95 22 191 80 214 34 52 71 41 28 87 14 168 38 234 34 84 22 39 92 63 105 7 82 116 35 66 42 172 85 245 118 83 60 197 23 196 101 219 111 3 55 226 23 93 62 181 28
64 25 1616 83 71 221 122 175 103 78 17 114 120 160 35 57 29 152 14 191 75 37 11 50 5 223 30 161 50 177 105 111 84 234 45 29 80 41 55 182 96 48 22 215 83 33 123 213 59 12 28 235 48
65 25 1539 140 35 154 112 41 41 14 69 21 124 27 4 157 83 61 63 241 8 110 114 200 67 72 7 56 83 136 41 232 26 177 112 239 69 153 2 137 25 228 15 28 123 23 88 58 85 180 43 194 21
66 25 1743 242 113 41 63 96 97 248 106 239 104 6 40 68 97 233 95 98 96 75 110 225 49 7 62 84 68 94 1 238 114 117 77 179 47 102 51 28 90 135 106 74 106 190 20 181 35 240 5 246 89
67 25 1500 179 104 128 114 148 73 239 11 38 105 87 43 135 9 145 38 13 86 169 22 44 94 233 113 58 120 227 39 92 42 194 71 57 70 93 45 80 5 1 42 173 113 152 67 150 39 4 45 162 47
68 25 1503 13 39 132 125 198 103 78 89 69 119 157 116 140 66 61 107 212 15 214 65 158 11 52 36 54 76 74 57 120 111 206 7 126 64 233 51 166 37 139 109 30 22 202 21 64 12 105 26 3 68
69 25 1609 90 36 203 118 71 108 45 122 16 39 84 96 147 61 159 106 236 51 142 101 160 23 123 111 146 38 224 125 63 101 169 4 238 98 246 36 80 17 9 95 157 92 168 53 4 53 135 115 104 3
70 25 1653 215 115 151 64 77 46 227 27 147 16 127 65 247 92 37 117 229 93 134 112 164 40 180 81 195 58 111 56 24 66 59 91 209 6 108 106 9 2 100 112 168 96 55 56 189 33 23 49 121 38
71 25 1255 66 27 221 112 187 81 42 85 146 77 152 52 12 33 34 117 241 19 220 90 130 12 37 60 44 78 69 66 1 65 206 43 91 51 29 27 6 48 89 3 124 115 179 11 22 64 104 115 59 51
72 25 1689 56 40 164 93 224 83 22 20 125 22 186 80 190 3 5 70 7 112 242 95 114 93 144 103 60 82 58 49 117 85 229 32 249 48 232 58 46 1 182 68 61 114 109 64 220 53 195 82 141 70
73 25 1812 239 76 191 68 237 124 160 116 187 116 22 60 15 3 94 61 231 2 230 41 240 88 81 85 117 2 143 13 119 64 126 47 129 68 33 3 170 68 243 106 35 14 142 26 118 110 211 98 111 65
74 25 1772 241 78 129 48 14 98 152 31 235 20 196 88 66 75 132 76 202 51 245 46 8 29 161 24 179 28 242 103 198 33 70 25 162 117 15 111 143 22 95 15 217 34 182 18 41 7 94 91 126 116
75 25 1467 201 6 151 76 37 31 186 28 8 8 60 77 134 73 170 125 35 63 21 5 179 89 140 110 232 55 242 52 123 94 168 73 77 68 23 113 98 60 207 44 51 33 177 101 55 28 10 117 150 116
76 25 1793 147 114 131 6 220 37 99 123 34 45 165 83 246 108 83 108 182 17 139 61 1 23 214 101 77 117 88 45 141 55 43 106 162 49 200 74 249 73 209 20 167 15 48 124 224 105 140 49 177 50
77 25 1713 94 16 2 23 234 66 169 124 121 87 105 32 112 31 207 110 205 41 232 21 82 98 68 57 72 24 173 120 220 100 21 64 240 23 86 98 213 4 198 83 67 29 217 53 162 48 38 93 88 121
78 25 1974 238 21 218 56 202 39 56 102 136 26 76 31 191 42 30 3 241 95 233 63 177 50 194 120 227 82 168 116 174 107 236 14 230 79 69 56 94 101 157 81 1 84 89 66 118 45 240 87 153 30
79 25 1588 241 77 75 87 178 31 4 44 204 88 131 92 192 61 137 99 30 113 233 87 215 66 50 8 168 20 177 32 231 79 38 73 112 35 60 17 15 80 198 102 85 39 20 21 153 119 152 117 78 113
80 25 1669 183 18 163 65 60 57 117 69 14 47 106 64 179 93 98 113 211 89 44 33 43 3 174 62 178 32 3 44 234 116 226 104 130 18 140 38 134 83 28 32 166 91 210 110 63 72 195 27 240 103
81 25 1548 69 95 128 107 71 55 139 74 200 99 41 50 54 22 192 69 184 52 3 63 209 20 29 43 4 68 217 74 58 28 241 4 132 98 52 61 213 102 135 38 17 36 92 15 205 12 175 6 237 66
82 25 1384 159 15 211 14 208 29 64 28 188 68 19 67 199 93 118 9 55 71 120 69 212 31 35 101 87 46 25 92 162 113 10 47 128 95 37 62 100 101 214 37 168 84 103 117 28 72 102 59 17 97
83 25 1746 128 80 104 37 32 65 185 33 8 73 21 119 221 125 190 7 186 39 107 1 76 25 187 30 243 89 102 94 148 95 167 25 152 122 38 58 163 74 193 23 213 16 93 64 81 100 249 119 206 124
84 25 1883 194 82 185 99 74 24 177 20 148 123 186 47 149 58 61 59 72 10 228 94 7 42 235 100 105 42 199 103 35 6 203 81 190 13 156 13 138 59 134 35 181 70 58 57 229 95 217 50 206 69
85 25 1980 144 88 235 105 164 89 146 89 191 32 71 18 214 10 132 119 125 121 154 8 7 62 77 64 118 32 136 61 207 91 129 77 155 113 181 68 201 53 133 118 209 79 237 48 213 119 143 64 239 47
86 25 1540 197 121 85 125 161 54 32 23 239 90 117 18 245 81 175 40 133 102 47 125 60 102 213 84 65 81 227 3 172 125 51 19 61 51 31 114 59 54 204 125 19 70 142 13 2 66 177 9 167 76
87 25 1385 110 78 177 72 14 93 5 92 96 51 216 123 46 3 173 76 241 83 106 69 82 124 115 98 239 93 140 17 101 56 92 85 236 19 31 124 111 35 90 58 62 32 56 107 34 80 35 1 163 117
88 25 1751 171 96 116 12 69 81 104 83 222 79 64 15 101 59 147 76 44 34 142 102 197 48 9 31 183 65 190 35 102 33 182 50 68 118 205 46 177 52 226 42 92 92 244 25 90 46 170 123 187 123
89 25 1510 172 86 233 77 18 48 118 29 126 25 210 50 150 27 42 104 49 71 132 1 112 75 69 83 201 34 3 121 133 65 95 54 25 78 130 20 247 48 227 124 235 27 148 113 45 103 14 115 87 116
90 25 1647 79 36 60 36 214 70 140 61 202 79 30 6 206 84 237 77 86 124 37 84 210 63 83 73 84 60 199 21 76 4 34 10 16 122 204 30 182 8 234 86 115 41 170 101 242 104 38 92 117 98
91 25 1827 177 31 55 124 240 92 186 40 112 11 168 122 248 58 243 53 87 26 60 47 237 26 212 8 127 55 88 16 22 57 239 50 43 48 201 9 233 115 98 95 9 71 92 66 189 122 130 89 158 51
92 25 1605 52 59 115 36 162 44 101 52 42 32 165 91 118 60 240 69 45 74 160 119 169 44 190 112 211 105 108 90 193 118 141 97 51 107 109 87 127 84 138 21 217 53 111 85 214 78 5 8 26 16
93 25 1613 2 46 184 66 158 20 170 117 86 89 234 78 162 34 21 97 163 81 235 58 48 14 145 109 102 97 238 109 123 3 212 43 39 27 177 35 173 21 120 12 129 73 15 108 111 20 1 72 179 25
94 25 1766 85 74 133 61 170 120 147 19 224 108 164 114 112 67 34 87 222 22 68 21 172 82 3 91 44 125 193 116 178 92 75 103 113 125 195 111 18 21 218 33 236 79 225 111 215 38 59 111 230 79
95 25 1929 157 38 183 100 207 57 42 49 212 111 225 64 209 87 40 6 197 58 128 17 192 90 18 52 161 56 110 124 12 63 155 27 121 4 233 29 148 8 217 8 107 8 193 46 172 50 242 81 177 110
96 25 1258 23 119 57 17 45 69 72 30 67 61 92 74 212 64 179 46 70 76 178 36 60 34 20 3 79 44 154 48 124 58 134 123 176 42 140 95 111 63 29 123 68 79 209 6 133 106 52 60 33 65
97 25 1388 120 44 209 99 99 2 127 123 228 59 7 100 234 48 114 56 10 52 179 16 26 98 94 87 81 101 192 7 138 77 71 109 97 7 82 70 133 60 68 110 119 51 187 79 75 50 9 85 78 40
98 25 1599 225 81 137 68 42 92 146 85 201 10 161 21 243 7 152 74 54 12 133 98 98 103 148 34 57 97 186 42 158 13 58 7 70 70 52 111 13 49 196 88 183 83 86 27 215 112 100 18 84 115
99 25 1816 73 62 239 106 95 62 143 113 220 8 171 78 77 92 106 63 81 29 235 44 188 67 231 89 8 92 165 2 44 101 218 116 139 81 85 18 68 72 237 75 219 41 151 60 147 65 118 50 174 13
100 25 1443 90 93 243 30 77 61 172 79 104 22 171 71 160 104 246 119 63 42 84 12 11 124 37 47 20 102 164 47 2 51 113 71 17 23 81 40 203 59 61 123 107 72 102 42 198 39 209 31 152 71
101 25 1373 7 63 117 3 16 8 49 120 160 13 190 55 132 64 10 46 141 45 84 116 151 30 68 2 174 16 17 7 148 43 54 6 208 45 134 98 154 57 92 41 195 9 95 76 72 81 98 88 181 78
102 25 1314 3 63 145 106 111 12 123 94 12 17 147 17 99 43 150 49 174 59 15 89 128 125 35 55 72 115 4 34 91 60 213 70 122 84 51 84 221 25 29 84 166 50 100 117 194 125 40 94 183 31
103 25 1535 57 37 156 68 68 102 182 71 112 125 107 74 171 80 32 96 15 104 97 43 187 13 69 37 231 115 138 20 83 47 27 15 185 34 82 104 116 26 223 92 133 23 12 87 180 85 227 10 181 121
104 25 1445 72 45 190 85 25 54 97 21 136 120 173 2 54 58 61 32 170 51 182 17 119 41 40 5 230 71 214 81 205 122 178 3 41 117 87 66 35 63 158 29 34 59 145 94 67 64 121 101 57 114
105 25 1592 16 73 221 120 18 36 52 75 32 105 54 73 198 16 240 95 175 52 127 56 139 12 239 10 208 56 78 8 4 44 23 77 120 71 174 46 247 58 2 51 232 75 43 96 169 69 124 22 249 114
106 25 1716 158 90 248 115 247 47 45 4 51 88 26 104 101 20 126 43 23 58 21 50 164 95 217 111 240 35 110 11 136 75 146 100 175 112 221 96 156 99 123 118 226 70 98 104 196 15 128 35 50 19
107 25 1801 107 118 129 96 152 90 84 37 165 104 11 89 90 83 161 98 158 34 215 9 111 35 106 89 82 97 191 61 108 92 204 66 209 83 14 111 172 97 249 63 177 112 128 118 194 39 174 32 212 34
108 25 1516 168 44 100 124 242 40 59 99 132 13 165 90 197 30 52 118 126 51 158 29 14 35 21 59 73 88 12 98 119 98 138 118 83 11 234 122 194 60 105 58 201 47 4 105 98 122 207 125 131 110
109 25 1530 13 40 232 49 90 69 185 62 39 10 170 51 2 2 163 88 226 107 22 80 16 74 228 20 53 76 243 9 177 123 220 42 37 76 215 103 122 1 165 12 10 61 40 114 202 53 15 35 176 71
110 25 1685 176 124 174 47 153 101 39 36 129 13 232 45 49 57 236 4 155 112 43 19 246 80 58 86 119 111 13 110 21 63 181 48 186 81 94 88 158 109 100 36 183 81 146 92 191 24 121 29 168 14
111 25 1612 25 123 48 87 116 34 100 101 31 14 133 55 177 65 125 116 97 108 68 7 103 125 189 100 216 107 124 64 10 41 179 11 140 102 223 6 237 49 208 119 164 90 90 29 172 81 227 6 23 85
112 25 1310 85 124 1 59 90 107 57 5 93 75 58 104 89 11 53 71 122 78 153 92 241 94 81 99 14 13 200 19 12 12 228 10 76 118 172 80 187 121 13 40 62 23 69 7 146 35 213 12 105 79
113 25 1216 69 79 217 58 28 88 39 42 55 27 131 19 227 62 183 97 51 74 10 51 18 17 172 15 236 3 132 41 71 85 8 3 90 72 48 105 113 103 168 85 127 19 21 59 92 72 102 122 25 95
114 25 1812 145 39 247 5 144 105 171 89 190 30 194 29 101 116 8 88 195 116 232 29 118 125 50 51 69 98 183 22 196 59 241 90 200 89 219 93 68 116 56 109 20 101 137 97 37 13 237 18 167 104
115 25 1837 245 68 132 63 142 64 186 87 123 28 176 72 116 121 164 35 89 71 144 85 172 7 182 92 230 93 104 69 235 122 24 81 189 30 143 57 219 55 18 68 207 45 72 18 29 84 231 76 102 65
116 25 1445 224 108 223 65 213 42 44 8 129 17 156 84 58 61 204 114 131 8 7 73 90 28 188 13 45 68 73 2 18 49 169 94 9 16 33 73 35 53 205 38 195 110 121 2 22 74 240 27 59 98
117 25 1366 76 125 1 115 114 22 182 62 24 52 110 67 145 95 184 29 42 93 207 121 130 3 208 103 4 104 28 95 131 63 193 58 187 45 173 28 191 81 89 89 7 50 3 20 134 38 10 90 159 117
118 25 1658 92 116 94 72 196 98 41 76 161 85 236 97 129 33 101 70 113 64 135 97 91 17 76 87 184 84 124 68 48 9 36 116 249 4 187 47 204 103 224 114 62 84 43 116 163 112 229 78 98 52
119 25 1634 43 114 127 4 24 86 230 69 235 113 104 101 214 108 162 10 38 116 233 26 155 67 212 72 159 101 160 114 179 7 40 73 98 42 121 104 158 64 88 20 63 108 77 117 164 44 166 50 18 104
120 25 1524 121 51 57 7 165 110 241 56 159 88 222 87 60 75 96 124 15 93 143 54 52 121 107 44 136 26 153 75 239 6 173 16 187 31 32 23 146 88 34 108 161 97 43 88 68 18 102 35 137 30
121 25 1644 86 7 137 106 244 14 202 21 65 42 128 112 160 65 143 66 189 15 28 97 123 64 194 17 26 113 159 104 147 45 8 84 153 121 167 123 111 95 245 51 114 122 162 23 38 31 213 102 46 93
122 25 1637 50 20 133 95 36 10 207 46 238 80 192 97 141 71 195 57 193 55 128 62 230 116 160 119 13 73 1 78 26 23 22 52 19 29 54 15 228 76 104 35 142 75 175 64 246 83 131 51 210 44
123 25 1634 132 76 79 102 213 3 228 17 5 102 163 56 246 43 54 49 182 9 102 35 168 95 87 69 34 82 26 16 234 110 185 93 37 115 194 125 94 46 243 98 148 31 130 18 175 59 43 107 67 121
124 25 1380 243 86 91 79 29 124 13 31 139 98 140 50 65 52 141 9 28 109 31 122 183 30 129 63 24 54 98 44 160 16 164 27 101 4 83 106 229 72 136 95 44 2 144 86 155 35 71 34 120 78
125 25 1756 156 53 233 34 217 6 87 64 26 98 181 65 102 8 45 59 113 1 232 100 95 2 226 90 189 108 124 9 16 96 212 46 194 57 216 51 143 6 77 93 61 118 193 14 229 32 139 85 6 108
126 25 1893 86 83 73 25 65 48 135 81 245 96 103 119 141 34 209 44 154 66 222 121 89 64 147 79 167 53 93 103 160 52 165 118 101 64 159 1 176 91 123 69 239 14 204 49 92 5 194 70 244 91
127 25 1784 23 12 245 92 239 30 144 6 249 119 46 32 96 96 248 91 94 43 181 84 246 104 117 80 172 121 10 116 167 106 58 64 219 52 156 83 151 65 56 121 110 65 92 81 164 57 174 81 112 109
128 25 1487 53 67 100 7 114 72 119 81 113 76 138 28 44 41 58 103 99 60 167 29 56 27 70 22 209 108 180 109 188 18 217 116 186 66 151 12 69 106 124 19 220 26 11 61 40 109 97 59 152 85
129 25 1683 36 25 43 18 181 26 58 50 242 48 111 34 248 113 170 44 94 20 62 40 22 101 27 59 243 10 156 51 101 34 237 11 161 29 5 91 16 22 211 1 55 61 238 76 229 58 220 17 200 93
130 25 1760 95 101 152 87 213 34 239 40 67 100 227 3 156 68 158 93 185 31 30 37 62 90 1 114 68 36 60 62 235 27 210 30 242 24 63 105 188 5 204 89 208 58 97 2 64 61 74 70 222 112
131 25 1512 35 98 225 79 8 34 15 94 37 45 155 67 13 54 4 94 218 110 149 34 193 58 5 69 124 45 232 49 114 78 148 27 9 79 136 19 229 56 240 9 122 104 164 102 198 6 212 96 39 6
132 25 1564 154 43 176 4 212 32 30 53 64 52 90 50 130 101 170 75 56 100 41 64 73 19 102 50 193 85 113 39 123 95 44 18 247 24 81 29 53 8 217 94 37 33 245 41 133 39 116 7 229 63
133 25 1525 151 58 89 93 119 53 233 116 124 3 110 121 4 66 126 33 50 92 228 86 101 97 104 109 238 70 24 103 179 104 142 79 138 83 23 6 237 108 99 111 87 83 83 67 208 100 152 26 1 26
134 25 1418 192 86 240 12 211 69 42 65 187 120 54 19 244 60 108 78 10 70 142 69 152 83 69 109 34 95 9 88 58 9 215 102 197 79 157 22 6 73 83 102 127 79 72 38 163 2 47 107 18 115
135 25 1442 133 77 35 116 88 106 101 50 16 86 116 117 157 69 183 64 67 63 136 1 164 114 56 87 151 93 213 49 199 82 34 50 25 121 8 125 22 23 86 12 241 94 57 48 225 87 145 77 227 110
136 25 1573 133 63 113 77 26 36 3 107 176 60 242 78 210 89 85 84 235 84 21 98 51 115 131 98 123 82 184 119 34 12 81 18 74 68 219 76 205 96 160 6 8 26 60 92 217 121 152 76 204 25
137 25 1578 26 4 241 8 78 90 215 113 186 100 124 16 117 49 208 62 14 10 159 121 17 36 55 85 127 27 88 55 105 112 57 85 204 64 139 44 130 103 104 81 221 72 30 111 228 43 245 11 39 11
138 25 1320 148 70 95 2 97 57 56 53 146 89 115 99 27 3 17 9 106 97 89 58 44 13 161 73 123 13 218 117 125 6 229 23 200 73 149 46 201 1 19 65 100 22 67 93 7 24 42 73 59 85
139 25 1385 85 94 10 59 209 102 27 83 84 5 105 10 77 105 33 34 12 108 35 30 47 111 29 90 55 35 239 73 232 24 135 66 219 19 226 52 222 2 6 91 189 59 173 96 218 59 2 66 101 89
140 25 1284 94 66 143 3 156 68 110 54 77 27 22 95 3 74 43 4 60 74 112 25 239 45 197 62 12 108 116 115 48 92 203 16 32 73 18 62 140 104 92 68 6 90 139 110 163 56 215 74 129 76
141 25 1521 99 94 121 22 30 109 129 21 201 51 112 5 168 120 54 38 33 45 16 124 123 88 232 103 32 49 176 12 124 1 231 96 23 10 182 3 155 7 31 118 136 73 190 110 246 109 103 119 96 100
142 25 1556 59 72 13 104 107 40 240 105 166 95 178 40 230 109 42 111 92 49 104 102 122 67 18 83 63 2 162 33 199 12 193 20 47 80 225 28 245 90 234 12 184 36 51 15 121 92 1 87 16 81
143 25 1426 41 114 124 58 48 61 161 85 71 109 198 13 106 119 70 80 248 41 44 106 177 80 244 79 94 114 170 71 178 37 3 93 127 2 175 39 38 111 234 21 35 99 1 5 20 58 37 101 209 65
144 25 1711 55 77 143 1 168 39 48 95 201 28 164 54 131 17 205 44 179 65 130 52 76 80 177 80 211 58 237 62 142 28 93 93 45 70 112 83 95 58 10 122 221 41 229 90 245 22 37 3 69 112
145 25 1609 184 98 169 9 58 101 222 96 242 124 189 62 168 110 48 103 79 106 89 52 178 4 155 17 124 29 35 35 133 80 123 67 52 41 200 110 244 47 57 110 45 120 23 65 82 71 144 12 176 107
146 25 1499 189 80 213 70 97 63 75 108 199 83 187 71 24 91 214 98 52 82 246 108 43 18 205 66 59 36 136 77 47 38 35 87 117 122 134 65 184 60 149 7 17 63 55 17 28 18 217 79 76 87
147 25 1435 38 118 104 117 183 14 129 68 215 51 82 102 114 51 98 99 115 9 159 116 117 27 53 46 169 80 40 10 10 115 96 47 85 52 39 17 65 42 187 7 194 18 233 35 170 57 8 12 167 18
148 25 1518 2 11 45 54 56 65 133 73 199 119 164 21 40 123 49 78 117 91 97 53 172 56 92 89 59 103 131 53 81 16 74 9 173 13 118 97 188 111 238 84 150 110 234 80 101 74 176 5 147 67
149 25 1633 177 54 118 120 143 51 199 125 205 29 242 29 162 16 166 6 90 104 241 77 39 117 61 22 71 14 221 98 120 94 165 23 148 32 17 17 59 67 13 95 109 41 108 101 238 65 14 80 141 52
150 25 1661 72 54 175 119 169 122 92 38 216 6 38 90 139 31 106 72 223 98 209 44 183 102 27 33 12 116 75 25 48 90 178 96 120 79 66 38 201 32 166 14 215 107 152 120 87 98 194 36 159 113
151 25 1586 195 112 241 102 225 83 28 101 107 118 130 77 214 83 143 2 33 26 31 50 165 97 66 91 219 16 12 106 26 124 175 114 216 4 213 48 156 63 30 125 192 83 126 100 67 34 103 97 60 17
152 25 1926 193 68 184 10 161 51 123 17 76 121 168 64 211 46 128 111 202 42 117 76 233 74 164 86 26 82 119 3 178 30 246 97 222 54 84 8 230 81 126 32 54 43 73 116 89 75 203 17 242 69
153 25 1525 92 76 245 108 36 20 189 6 249 94 244 42 7 24 227 116 3 35 116 12 88 34 84 55 99 10 8 115 126 53 183 54 172 17 89 43 197 41 232 34 44 90 58 123 81 37 157 71 25 96
154 25 1635 206 108 150 31 243 9 247 95 39 32 23 62 173 89 105 82 12 20 209 118 31 105 82 65 227 37 203 110 210 103 80 17 187 81 192 44 1 105 200 125 41 100 190 122 33 76 142 94 45 24
155 25 1322 198 104 65 26 242 17 10 76 244 66 70 33 21 117 63 87 12 63 43 64 40 61 38 81 182 70 134 50 163 53 50 87 156 114 89 125 131 98 200 101 19 8 161 112 71 99 124 110 119 62
156 25 1709 126 54 76 82 87 122 90 114 12 119 163 98 127 27 164 1 9 11 177 109 151 48 94 38 159 16 136 9 4 47 228 34 247 36 246 119 125 86 107 95 123 56 221 24 96 9 207 125 243 107
157 25 1475 172 63 121 57 203 108 66 54 112 112 31 122 86 66 219 56 42 54 37 114 52 92 209 52 61 32 119 8 155 77 54 92 197 87 44 54 152 74 17 116 230 14 178 22 107 108 41 13 246 29
158 25 1480 189 87 89 92 124 120 4 117 229 33 68 32 101 116 119 121 170 122 195 38 214 26 176 16 172 10 100 87 95 92 164 34 181 5 134 27 111 103 6 120 45 37 221 13 7 91 34 106 12 71
159 25 1409 194 37 99 85 209 108 36 22 106 6 114 19 39 44 125 47 70 110 149 75 105 46 214 52 58 72 244 68 52 6 13 98 42 111 34 102 195 69 124 27 199 89 22 89 132 22 11 53 233 11
160 25 1456 230 64 56 45 115 90 116 109 9 20 114 22 117 7 132 25 109 54 70 84 80 19 172 102 107 30 100 94 59 82 38 21 137 59 135 79 152 95 212 46 60 85 139 67 217 15 27 20 209 110
161 25 1377 76 79 133 52 38 37 26 6 197 85 87 110 82 76 20 68 131 46 163 92 193 97 177 81 245 72 64 116 25 43 211 32 95 123 45 97 106 117 33 44 78 114 119 97 182 124 18 94 210 42
162 25 1702 221 18 205 67 214 120 159 73 247 76 5 22 8 50 244 90 143 3 9 72 242 104 168 25 80 37 220 124 99 11 94 93 192 35 158 62 68 106 58 120 14 62 17 123 213 10 88 82 239 96
163 25 1894 28 82 176 48 106 5 84 75 128 34 63 73 126 4 232 34 65 26 139 99 248 4 138 14 202 125 159 113 160 61 195 63 233 27 192 44 79 70 141 17 180 19 226 88 61 103 203 11 225 58
164 25 1605 23 113 35 77 112 100 235 77 111 22 21 48 107 47 240 25 161 78 242 29 7 11 231 71 48 61 183 12 182 58 125 92 134 88 66 95 16 51 241 13 224 97 162 65 223 13 77 28 5 105
165 25 1317 159 15 63 105 39 123 104 96 9 13 130 110 13 50 21 107 42 71 75 55 23 91 187 98 103 13 107 95 10 98 91 11 233 47 209 116 184 88 78 14 203 104 36 20 206 110 74 79 235 16
166 25 1517 15 82 119 5 183 77 76 67 175 84 33 37 168 79 222 10 114 60 87 2 42 35 149 39 115 111 214 68 95 105 60 28 200 41 62 26 116 3 52 51 137 66 218 67 37 102 180 73 166 56
167 25 1602 61 59 90 85 97 57 70 38 101 16 142 35 145 68 52 81 218 19 60 122 69 72 187 13 13 75 217 45 23 109 225 83 144 42 93 98 213 5 175 80 248 62 224 65 238 31 9 7 91 5
168 25 1846 177 14 168 42 3 118 133 47 117 93 22 51 111 40 195 78 114 9 207 38 89 79 224 39 245 64 47 4 172 12 235 98 127 28 14 4 247 123 176 113 67 49 163 53 190 107 232 53 218 41
169 25 1374 90 56 96 41 71 91 81 117 94 2 105 78 201 106 82 90 212 78 64 114 42 6 139 80 160 78 163 16 130 5 33 71 37 4 88 108 219 43 76 39 169 56 93 97 13 50 186 99 104 101
170 25 1831 212 21 231 100 202 15 177 91 133 33 96 40 229 109 145 66 193 113 86 19 128 106 51 96 77 63 247 12 139 77 215 77 97 70 52 25 187 80 116 46 90 63 85 68 46 105 235 114 194 70
171 25 1581 7 49 28 57 246 104 221 117 218 109 45 57 61 17 228 89 143 39 145 8 84 109 70 21 153 116 102 13 104 22 59 87 172 86 120 42 190 90 10 9 199 55 9 48 167 74 183 93 198 118
172 25 1846 202 17 240 81 234 68 195 64 90 4 150 11 191 121 30 107 211 39 11 93 31 121 140 73 194 57 232 36 129 99 214 122 89 45 83 31 114 21 222 94 23 108 160 18 243 103 152 85 113 97
173 25 1609 115 108 88 39 28 19 145 64 249 119 4 121 184 48 180 89 139 75 186 107 222 20 118 92 133 111 69 11 47 34 232 36 70 75 146 88 71 61 87 64 189 59 99 89 215 63 102 39 100 60
174 25 1331 238 96 178 79 103 15 124 113 186 32 72 73 127 16 22 80 195 59 18 110 99 53 209 62 17 123 15 56 222 75 20 67 2 98 146 118 96 110 3 56 227 4 48 101 128 45 162 122 6 10
175 25 1750 50 89 72 66 188 86 98 34 12 117 202 115 89 97 107 37 184 11 141 114 113 121 139 88 122 16 109 33 114 42 163 55 215 104 117 28 178 3 164 45 79 29 235 28 237 21 211 123 161 51
176 25 1488 87 8 189 26 4 56 9 13 170 99 32 82 5 98 162 99 192 78 16 111 31 21 72 58 132 70 120 106 207 46 44 90 109 69 195 17 54 83 186 28 216 119 134 63 209 40 222 36 180 59
177 25 1653 44 52 232 78 160 51 73 16 235 95 59 74 203 105 18 71 158 77 6 37 19 125 171 82 7 106 246 80 142 27 240 60 221 12 112 124 61 104 233 30 140 33 210 119 27 30 151 81 138 63
178 25 1544 99 114 210 55 120 65 27 51 183 30 40 94 209 112 106 48 212 41 151 69 71 40 203 30 135 105 161 36 60 48 75 33 136 65 132 52 68 57 110 98 73 78 181 37 35 103 248 53 44 100
179 25 1305 247 98 4 7 77 16 19 113 64 70 248 76 80 62 208 108 106 116 69 78 166 124 111 54 33 65 51 85 22 71 59 19 44 39 2 97 32 122 210 95 66 59 170 122 97 104 206 77 220 25
180 25 1375 132 112 23 94 40 32 158 67 94 32 138 4 50 33 20 28 4 51 24 65 145 66 123 41 187 94 247 119 171 91 18 29 54 40 93 49 154 34 142 60 86 55 164 90 161 89 113 100 210 53
181 25 1328 98 103 91 43 224 85 190 41 204 93 94 96 89 61 144 95 71 35 131 94 179 92 93 56 160 33 21 10 118 50 84 72 16 103 170 77 43 85 155 10 53 125 90 120 29 50 105 60 4 49
182 25 1612 116 36 46 125 130 95 185 76 87 38 245 38 182 56 45 43 108 21 243 49 141 37 209 21 212 40 80 79 121 83 104 112 96 24 88 100 119 125 153 80 14 124 95 70 55 116 112 14 238 105
183 25 1254 63 105 16 123 1 79 37 57 158 10 15 11 246 87 12 60 38 5 59 65 186 72 41 7 95 99 230 108 212 61 22 66 201 19 191 30 33 100 39 42 91 26 139 52 162 73 89 18 132 6
184 25 1495 79 55 171 62 173 117 36 27 76 122 87 98 39 14 93 105 20 102 56 58 120 21 209 8 197 97 183 12 115 41 17 68 220 62 106 17 53 16 145 4 239 83 78 28 222 45 109 93 147 39
185 25 1646 151 16 59 86 126 5 182 58 141 46 223 10 90 44 48 48 186 101 188 57 81 29 15 10 56 111 179 16 180 52 80 45 89 17 170 70 176 79 85 73 153 71 196 119 62 108 249 40 128 4
186 25 1627 179 12 184 16 65 51 195 94 229 2 138 67 120 34 11 45 237 73 220 14 245 109 84 113 45 44 183 20 83 60 24 113 48 59 230 113 110 49 58 88 152 70 7 22 103 119 168 66 137 79
187 25 1676 163 120 14 25 164 57 185 59 116 96 82 80 144 15 59 108 249 108 165 64 134 86 47 7 63 40 175 105 83 61 183 97 181 48 98 71 32 4 197 105 187 27 123 77 85 105 177 44 246 92
188 25 1190 155 81 13 36 120 53 187 99 112 123 8 60 30 55 157 100 136 64 81 60 20 119 211 17 195 22 223 99 168 70 190 72 25 55 84 121 21 71 47 120 78 106 1 109 12 77 52 32 54 71
189 25 1434 26 116 64 72 114 36 147 31 105 64 204 106 243 38 78 53 160 23 224 6 77 79 131 61 90 82 180 119 216 85 93 52 128 16 17 15 15 25 222 78 103 54 47 117 132 99 3 6 49 8
190 25 1276 208 2 13 18 68 72 49 61 139 110 227 106 138 81 98 29 72 112 53 43 166 8 199 64 101 57 37 104 62 62 88 121 63 78 131 24 38 43 162 22 121 119 11 76 91 40 148 55 69 42
191 25 1689 220 53 240 34 29 46 172 109 233 109 71 103 171 23 93 28 148 107 48 36 106 43 154 116 244 97 30 118 151 76 34 120 128 24 5 8 194 52 241 28 35 39 57 38 177 62 186 33 211 73
192 25 1440 13 3 102 106 223 50 112 90 200 62 249 46 42 124 176 49 67 79 40 72 90 55 179 123 92 105 59 4 114 19 77 104 30 84 221 79 70 38 130 109 138 50 25 11 175 54 132 66 125 96
193 25 1635 120 53 219 87 9 4 90 123 18 78 248 47 161 70 125 82 107 4 167 119 156 43 106 84 218 35 216 33 159 61 5 64 6 91 174 112 157 23 236 27 100 85 73 10 154 73 194 113 53 110
194 25 1345 208 60 153 64 144 120 200 109 4 85 146 8 23 4 75 72 240 84 94 77 110 69 161 57 55 41 231 123 130 11 108 88 195 112 3 88 54 48 86 13 46 94 138 49 20 84 38 103 29 114
195 25 1645 212 74 126 121 231 41 226 80 23 111 39 110 158 25 214 120 232 17 145 68 131 65 13 18 90 32 203 104 135 107 194 73 157 69 193 114 211 44 69 108 107 69 38 109 9 10 127 29 8 70
196 25 1803 21 25 159 30 228 12 39 61 182 111 217 125 31 58 62 51 126 45 181 84 90 94 192 99 205 9 225 85 142 107 154 15 7 39 169 109 152 82 146 83 44 112 184 51 245 101 248 39 157 82
197 25 1315 129 102 125 79 181 8 53 15 2 12 20 16 143 35 184 103 186 117 123 120 137 86 63 107 47 15 104 86 46 37 66 124 162 19 156 21 48 22 22 59 41 37 178 52 72 30 112 40 231 52
198 25 1631 215 33 216 48 80 105 128 17 3 40 184 1 178 54 32 50 226 53 72 12 196 85 189 122 134 71 86 48 74 66 99 15 201 41 62 7 21 42 23 58 183 23 235 111 31 11 188 61 207 51
199 25 1542 131 19 240 104 152 60 189 74 110 107 150 125 159 65 163 40 85 79 39 84 11 73 209 97 183 114 233 97 174 41 23 31 59 114 112 62 48 50 157 8 12 8 166 76 171 80 13 124 95 96
200 25 1445 135 42 179 83 201 20 65 25 45 106 47 53 16 35 164 78 59 65 190 67 73 76 75 113 26 120 38 118 241 111 104 33 39 62 210 35 1 109 205 83 132 7 224 41 170 28 234 92 18 33
201 25 1448 42 69 146 44 188 42 59 32 32 44 11 41 49 1 219 26 86 48 109 93 179 59 8 75 61 35 177 55 193 70 123 65 238 37 231 46 68 114 66 55 155 125 80 7 93 106 92 15 191 59
202 25 1633 45 101 169 96 61 81 130 89 10 72 234 11 247 20 93 20 64 82 210 119 213 61 175 71 28 30 162 19 95 73 40 70 241 10 232 71 117 47 182 63 181 40 51 30 59 18 26 122 201 87
203 25 1560 217 15 23 17 85 50 148 122 46 95 171 85 16 13 72 100 185 63 21 116 227 54 30 27 190 22 62 38 222 23 232 112 170 100 71 72 122 44 219 68 89 53 84 78 226 35 137 38 55 2
204 25 1875 140 85 133 41 246 49 187 57 87 11 205 45 247 101 144 44 149 117 190 117 185 5 170 120 83 122 154 94 160 60 73 26 20 80 168 15 129 82 174 67 217 105 236 65 85 104 97 24 72 31
205 25 1710 154 93 150 111 90 30 56 124 215 3 1 86 185 43 202 40 124 125 231 67 104 68 6 36 48 91 14 19 216 62 27 119 30 51 206 119 183 12 219 22 241 94 232 50 136 58 191 112 160 46
206 25 1396 53 115 90 36 25 12 103 15 133 68 77 34 39 106 186 96 224 118 209 67 14 75 160 97 226 22 132 42 110 18 189 38 7 29 175 32 17 4 171 24 48 122 57 63 102 118 34 52 212 117
207 25 1321 118 78 43 4 26 19 128 32 37 112 49 100 1 33 105 27 189 122 155 86 122 78 208 31 242 36 125 25 190 86 119 34 163 36 38 64 31 17 197 67 3 98 144 106 5 100 132 68 73 14
208 25 1606 5 70 193 87 225 59 99 61 164 36 179 72 199 66 211 114 222 102 37 15 82 9 135 39 138 110 22 57 57 35 187 1 204 125 77 115 76 27 50 114 63 103 163 113 20 123 203 116 202 114
209 25 1609 233 10 123 94 25 112 203 46 146 10 58 82 112 11 183 41 9 67 151 99 231 3 11 70 236 22 240 39 136 74 110 43 49 96 97 71 218 83 3 26 172 116 84 87 217 69 130 118 42 88
210 25 1420 97 30 157 73 242 31 188 30 143 113 156 2 7 56 74 104 1 42 61 106 192 107 73 2 45 39 70 50 8 89 137 82 220 20 154 86 50 68 92 67 158 122 164 52 119 17 52 12 180 9
211 25 1555 55 13 81 34 58 97 205 107 229 43 220 37 137 91 43 74 118 87 40 36 244 36 206 10 189 51 128 93 39 57 101 93 70 57 126 104 153 58 210 108 100 31 122 89 98 16 37 90 102 54
212 25 1734 126 73 214 58 207 5 108 84 97 21 243 72 90 39 230 68 142 7 203 92 201 85 88 16 182 103 30 124 56 83 124 3 23 56 209 27 15 20 225 35 239 47 101 4 151 43 145 10 19 74
213 25 1698 203 72 33 17 212 66 96 116 64 26 50 39 6 73 196 89 201 85 210 51 221 50 199 49 53 76 193 72 85 87 247 14 131 30 244 72 125 87 112 3 136 3 133 60 198 11 10 10 38 82
214 25 1613 59 111 5 112 186 50 160 123 11 32 145 37 143 115 85 119 76 49 246 64 153 3 123 77 178 8 63 62 170 122 245 7 103 106 193 27 118 42 162 24 177 33 69 23 99 40 223 124 35 36
215 25 1244 151 15 11 79 192 120 17 3 115 122 23 92 80 67 119 72 233 7 72 35 40 85 187 35 33 6 149 35 20 34 91 86 5 84 88 21 73 61 44 16 140 87 9 63 195 118 206 9 196 35
216 25 1611 172 105 6 34 115 11 182 1 132 67 91 92 197 49 31 69 223 68 214 114 83 51 224 122 120 68 131 75 201 76 211 122 157 68 8 21 180 64 22 61 233 89 4 31 34 76 87 102 165 52
217 25 1457 161 67 26 32 61 93 14 112 146 66 49 119 98 117 126 95 46 42 93 84 149 57 212 31 23 98 231 109 176 122 86 63 38 94 100 5 233 63 25 25 237 19 224 80 121 69 102 37 138 60
218 25 1512 37 46 124 67 68 96 150 29 146 123 41 106 38 78 51 12 59 10 177 61 160 38 181 8 219 51 178 70 88 66 232 124 213 105 43 31 75 44 161 72 143 76 154 55 28 79 169 63 89 95
219 25 1720 123 100 109 53 232 77 104 12 248 43 77 81 166 16 185 60 171 111 205 81 182 98 133 85 129 35 141 47 98 81 72 55 249 125 161 52 228 24 27 122 100 107 139 116 144 74 13 106 5 71
220 25 1553 140 79 78 76 83 90 216 4 39 46 122 110 225 120 234 113 149 63 11 27 184 88 133 73 55 3 123 44 127 114 81 44 198 15 16 18 171 38 14 30 138 111 227 111 178 89 12 112 153 19
221 25 1625 36 82 124 33 126 107 136 91 81 68 236 5 82 118 247 77 140 35 90 45 149 52 35 125 162 87 65 48 175 93 169 62 26 42 71 3 207 94 182 1 79 38 208 49 160 11 188 69 77 84
222 25 1637 217 4 243 68 17 57 109 65 83 76 210 20 102 1 215 104 23 49 33 24 230 70 208 28 206 93 67 24 169 26 92 24 18 11 41 51 245 82 9 70 5 23 71 2 244 94 175 26 242 6
223 25 1701 72 51 33 28 143 100 153 38 227 97 39 96 232 79 22 101 160 7 148 75 136 45 92 81 46 85 151 73 212 119 180 10 44 88 162 38 164 42 201 15 13 91 235 96 169 108 239 71 129 101
224 25 1766 240 72 34 13 156 59 62 117 178 116 103 73 55 117 111 93 33 38 209 22 3 46 242 23 153 40 202 119 235 57 219 77 104 89 158 15 127 1 169 117 228 116 172 94 101 116 115 52 124 94
225 25 1622 97 93 241 101 132 67 94 94 123 40 45 125 120 110 134 9 236 111 29 79 89 20 227 34 222 93 12 87 121 112 55 69 204 23 169 63 115 8 64 6 52 40 102 13 174 111 248 11 139 53
226 25 1595 224 10 30 110 232 99 223 45 219 61 76 37 117 98 57 54 164 46 61 79 153 89 118 5 226 18 217 75 29 82 127 104 8 88 50 106 37 71 74 98 248 87 214 96 19 119 236 41 31 64
227 25 1492 194 119 33 50 71 51 16 122 204 74 225 34 142 108 224 43 88 10 113 14 209 111 172 58 95 40 20 11 83 56 17 115 230 87 97 60 197 45 12 106 62 119 79 104 183 65 69 48 149 31
228 25 1455 125 47 213 94 212 107 104 8 166 34 150 7 115 88 126 86 72 6 136 29 44 106 209 124 15 24 169 63 149 74 187 70 161 30 31 119 111 16 11 121 17 120 206 120 71 80 43 53 67 72
229 25 1428 198 47 30 49 164 53 217 101 76 41 14 21 178 20 28 24 130 20 136 103 13 5 88 94 101 10 150 19 165 69 215 112 244 35 24 2 105 76 144 118 71 115 78 71 119 74 82 73 87 86
230 25 1390 35 32 62 22 158 57 61 101 21 24 45 116 36 49 241 37 131 44 157 100 79 89 170 25 60 119 106 7 182 43 144 88 81 40 97 12 202 50 9 77 219 125 112 17 217 23 124 10 31 99
231 25 1476 103 110 62 22 134 121 117 91 230 48 8 123 237 66 14 84 77 67 110 86 143 78 5 71 130 4 195 15 160 43 242 121 81 115 106 54 84 71 33 108 55 7 220 120 122 30 174 63 111 57
232 25 1581 193 24 38 13 153 42 59 42 178 101 135 25 159 102 5 87 185 75 96 42 106 79 238 101 75 119 126 114 7 111 147 51 9 60 64 13 203 122 55 107 200 41 131 108 244 112 171 30 186 118
233 25 1576 49 41 71 36 243 122 30 118 212 13 205 108 41 65 144 104 78 73 77 109 179 3 24 36 87 120 147 7 149 59 226 72 148 85 69 19 216 39 207 80 65 120 58 60 200 112 8 27 220 61
234 25 1696 6 95 199 93 214 95 99 90 29 52 13 105 74 74 25 93 164 63 174 96 158 90 215 67 150 17 53 9 145 124 46 25 218 119 242 57 191 68 248 94 119 10 175 67 209 51 11 99 216 37
235 25 1758 194 123 126 11 41 2 27 70 237 23 68 33 172 35 26 16 216 83 65 36 178 52 62 119 135 113 130 108 78 41 154 52 143 16 122 19 138 108 166 80 140 64 239 18 204 57 233 13 223 121
236 25 1458 190 24 182 59 135 21 40 95 75 57 248 1 51 13 69 47 8 58 132 48 12 123 111 103 140 42 11 100 179 108 95 96 234 3 29 118 24 45 212 75 78 61 178 3 175 98 152 57 156 10
237 25 1783 206 42 7 44 19 22 85 29 223 115 114 67 97 46 215 66 171 111 130 121 63 42 48 43 217 20 194 125 152 78 58 69 186 101 189 82 162 70 156 26 183 97 213 6 120 52 196 40 163 52
238 25 1549 160 77 219 59 119 37 56 39 36 82 93 93 127 29 170 66 212 81 135 118 107 44 191 69 151 60 97 96 202 111 125 111 40 93 22 33 129 77 174 16 118 86 12 21 130 77 210 86 63 54
239 25 1627 169 83 221 112 233 31 185 55 84 23 54 69 187 21 67 71 126 120 119 17 130 112 102 118 234 106 69 45 43 108 223 86 65 69 49 24 76 86 78 34 132 79 129 123 114 5 117 85 248 98
240 25 1601 71 99 90 31 181 10 201 76 94 25 36 10 70 62 158 122 22 111 7 4 219 63 172 97 185 12 203 28 221 75 103 18 150 67 49 81 54 101 156 22 227 43 157 47 229 41 145 125 3 27
241 25 1711 105 96 66 26 170 125 15 99 4 110 174 106 128 73 150 28 5 78 12 76 104 55 209 2 135 125 147 112 127 25 91 75 215 94 221 66 233 69 171 69 219 27 196 42 176 98 148 105 202 35
242 25 1573 180 56 66 14 159 52 115 55 38 93 56 4 144 122 199 91 187 56 160 108 101 3 236 47 21 13 121 21 94 73 32 23 230 74 13 13 229 45 174 100 18 67 74 91 33 10 248 44 219 98
243 25 1523 23 56 246 21 170 117 166 13 41 49 138 20 247 25 9 121 231 53 135 29 5 27 72 78 219 104 189 68 249 10 18 22 65 13 19 110 184 122 123 84 134 17 80 11 3 75 218 55 62 121
244 25 1494 161 88 44 113 34 23 177 78 248 38 220 121 102 85 139 63 167 49 37 40 7 22 33 86 9 35 13 101 192 74 198 102 138 117 23 116 118 101 238 7 47 109 210 6 247 23 150 46 36 64
245 25 1646 177 57 73 115 66 85 127 18 151 75 91 2 189 82 193 87 174 37 187 36 168 108 121 105 216 95 115 117 14 30 70 102 134 112 186 10 232 63 61 72 42 125 5 86 63 53 248 124 190 17
246 25 1789 83 38 246 25 132 99 116 123 237 20 142 34 99 26 247 11 137 103 74 50 151 115 155 52 213 59 49 63 226 43 138 15 147 19 91 12 141 54 32 9 87 107 159 61 117 23 163 42 197 41
247 25 1942 8 97 172 60 59 106 210 121 183 104 117 70 244 115 190 61 127 57 114 10 65 53 241 76 238 84 223 2 103 44 167 110 89 21 175 46 231 22 228 61 115 24 156 82 91 83 121 57 217 37
248 25 1833 109 59 112 73 119 61 199 96 104 93 81 95 56 78 246 78 183 119 32 119 211 32 149 42 221 92 249 91 148 67 127 6 227 91 203 95 26 3 66 107 220 123 53 2 200 49 181 110 144 87
249 25 1860 80 104 243 80 247 88 171 120 155 68 163 9 175 116 224 104 188 101 84 105 82 30 204 10 134 28 35 64 239 53 128 68 222 23 130 37 170 102 191 90 241 51 14 107 1 95 21 102 178 125
250 25 1248 35 82 78 21 67 82 55 6 71 85 110 115 70 81 239 74 117 11 27 35 100 18 187 90 101 63 59 98 141 88 97 50 22 26 48 88 107 79 218 29 38 77 121 84 10 86 158 1 221 36
251 25 1325 137 70 155 74 35 107 11 70 79 3 33 27 29 54 52 76 141 11 30 86 169 14 128 23 74 12 126 44 172 12 114 54 187 125 49 46 216 51 78 117 80 108 146 7 226 31 36 61 148 57
252 25 1631 176 11 184 74 84 47 199 2 93 62 92 123 249 68 158 47 239 100 98 43 216 29 151 88 35 103 220 48 15 118 81 65 128 14 13 86 185 63 189 4 125 31 2 123 223 11 21 86 87 118
253 25 1865 231 52 248 6 15 10 210 109 159 99 203 114 163 80 104 51 142 15 238 81 18 89 111 121 188 60 233 84 69 53 228 98 176 85 89 60 169 49 70 17 127 58 156 58 13 81 200 27 171 7
254 25 1712 21 111 94 17 174 28 226 7 25 22 59 104 119 86 63 59 247 83 232 66 224 108 225 5 18 112 62 92 138 84 98 34 70 66 152 118 229 101 197 125 136 50 95 97 113 28 195 10 212 2
255 25 1777 111 74 63 54 188 124 128 73 68 45 201 37 240 55 239 61 156 101 87 1 49 74 153 119 246 37 106 118 233 67 119 93 117 33 124 32 31 1 206 75 171 32 213 12 93 29 135 93 77 61
256 25 1406 98 70 181 111 50 48 218 94 18 38 187 50 36 70 183 36 151 109 58 57 197 69 96 124 219 63 27 104 133 104 39 82 150 71 67 52 220 35 20 89 49 58 138 84 3 47 119 28 156 29
257 25 1460 61 102 97 31 202 66 195 104 21 54 184 36 10 83 83 54 134 52 65 5 140 113 165 4 196 42 153 41 171 58 194 106 11 18 238 64 60 34 144 57 213 77 92 74 12 49 2 122 77 43
258 25 1551 2 68 30 18 196 77 184 75 243 81 7 38 186 119 32 25 183 68 58 76 124 122 5 90 16 115 49 114 66 92 217 8 246 109 181 50 167 5 19 99 239 56 159 84 190 35 132 93 171 6
259 25 1500 214 50 72 34 42 62 208 30 127 26 122 10 123 105 190 47 124 46 65 97 159 121 108 118 162 17 110 43 234 30 48 50 56 120 60 97 33 119 104 34 144 100 20 17 181 61 63 31 232 3
260 25 1809 3 15 100 87 109 11 103 94 155 64 55 90 156 26 149 104 58 18 207 91 161 33 236 29 214 46 92 119 129 71 223 19 170 36 229 32 241 49 186 31 240 120 117 18 9 49 35 68 242 48
261 25 1648 100 79 76 40 226 42 136 105 89 85 225 8 246 78 141 88 2 54 118 2 168 112 157 12 4 17 60 16 84 51 188 36 129 115 52 105 134 62 61 97 249 35 82 96 237 97 183 90 150 50
262 25 1356 91 45 36 122 56 39 14 92 31 74 18 93 86 123 83 13 204 91 176 14 39 26 48 120 121 12 92 53 226 93 102 67 12 114 165 44 130 30 136 35 229 28 230 41 2 39 155 81 231 81
263 25 1593 219 19 106 119 139 102 5 105 131 82 174 85 186 73 165 104 54 69 91 89 24 95 193 65 97 83 94 29 188 26 224 81 132 92 210 73 175 67 99 26 136 76 45 91 4 114 182 69 114 26
264 25 1604 113 53 224 70 249 2 7 1 101 65 109 44 10 45 242 60 112 123 135 114 105 122 41 25 212 45 240 120 215 103 21 78 8 119 108 98 6 108 73 47 92 116 181 11 209 92 183 101 213 38
265 25 1473 74 3 187 36 149 28 30 114 130 27 191 114 248 41 96 95 46 56 144 69 22 111 134 70 216 108 2 44 70 39 242 49 77 4 73 104 11 61 86 37 228 51 120 124 82 41 54 100 234 52
266 25 1517 86 85 60 7 51 19 8 71 190 24 62 114 77 66 186 33 201 98 220 89 52 20 225 46 120 33 188 48 133 24 70 85 113 76 10 6 185 57 71 83 244 36 160 36 221 44 88 45 13 51
267 25 997 198 32 127 95 27 35 10 51 19 33 2 88 242 91 15 104 96 74 35 18 32 5 53 43 165 125 86 104 21 75 7 93 106 8 40 109 49 12 139 58 240 78 26 80 92 106 152 41 16 45
268 25 1349 174 122 74 68 14 51 5 117 71 79 123 16 161 108 32 20 126 80 133 15 12 122 92 14 76 36 120 79 178 112 100 101 233 49 20 121 24 90 146 79 87 13 239 46 169 110 172 100 117 38
269 25 1709 111 90 231 102 17 16 221 96 45 82 195 122 189 118 16 37 193 16 1 66 219 64 180 60 235 99 146 8 198 115 147 36 204 104 12 96 97 84 66 16 40 10 138 80 230 28 218 24 70 66
270 25 1676 216 111 246 2 197 71 23 79 245 12 202 30 90 55 18 37 26 78 227 19 242 89 156 49 68 35 243 68 55 63 9 21 173 4 147 119 199 21 174 68 157 102 200 99 8 69 10 11 22 89
271 25 1507 154 115 177 59 38 96 218 8 125 70 46 122 219 26 245 64 99 16 214 19 24 65 195 99 49 13 234 59 34 49 189 1 100 122 140 70 67 22 84 43 68 5 39 36 30 10 224 106 2 39
272 25 1501 124 26 80 68 101 4 182 84 164 68 109 103 68 83 201 82 4 119 81 88 161 23 69 51 184 98 186 9 180 62 150 30 64 104 222 40 209 6 100 123 73 84 77 117 18 27 50 124 146 5
273 25 1677 63 56 130 6 209 63 228 19 173 10 182 49 164 98 153 113 114 111 243 65 85 42 125 36 158 120 40 59 118 60 189 55 92 68 60 50 232 14 45 6 148 79 180 62 28 59 49 16 146 18
274 25 1579 205 106 59 57 243 68 176 9 126 43 68 41 74 12 85 8 163 43 123 83 174 123 138 80 36 40 186 32 135 78 111 115 238 19 210 55 69 93 32 88 13 73 134 20 38 52 245 97 77 117
275 25 1493 234 31 152 125 20 87 156 29 16 119 121 3 12 57 159 58 126 42 145 115 91 33 115 100 154 5 128 23 101 79 14 62 86 17 186 82 205 69 212 72 62 59 176 73 5 93 228 2 82 68
276 25 1463 34 49 144 62 53 21 187 5 76 52 43 13 69 104 219 125 172 33 197 85 216 99 157 58 160 14 25 12 117 83 56 2 6 52 188 35 174 124 165 125 28 82 114 96 37 60 72 60 217 120
277 25 1730 144 34 94 28 216 3 18 115 241 9 198 23 135 55 199 49 215 123 150 4 224 52 187 87 124 99 123 70 89 65 29 123 10 56 88 12 50 55 104 58 229 1 67 33 52 92 247 49 227 124
278 25 1462 167 16 187 17 239 60 87 123 148 3 3 122 12 35 62 125 84 116 80 16 219 80 184 103 131 26 202 31 118 53 6 35 193 68 176 33 2 114 8 24 116 10 123 104 147 59 205 105 26 34
279 25 1738 98 96 216 31 198 73 158 1 104 26 179 109 162 98 153 87 108 29 53 92 155 20 78 27 249 99 62 55 204 87 89 28 182 54 183 106 1 91 232 81 218 12 167 4 86 69 67 45 75 119
280 25 1276 11 104 139 89 5 114 62 43 145 117 4 108 19 37 138 54 119 116 246 77 48 88 65 66 91 26 135 32 47 84 128 58 39 118 146 20 208 59 102 51 167 62 46 55 176 99 173 41 94 102
281 25 1704 66 33 41 6 248 43 117 7 90 75 236 124 113 103 144 109 162 54 170 13 81 86 51 2 140 102 77 40 244 23 243 59 180 10 190 53 30 56 36 96 233 21 219 72 225 89 56 11 17 77
282 25 1728 98 38 51 76 154 27 152 45 20 49 14 56 104 24 120 8 178 27 111 40 218 58 116 33 215 1 49 41 102 123 203 27 73 84 30 77 230 50 244 82 205 17 201 64 171 79 208 45 190 99
283 25 1880 239 122 214 21 63 66 69 103 20 44 158 46 93 116 201 44 197 102 21 65 183 100 235 16 103 63 223 124 104 49 112 77 132 14 157 53 117 51 221 24 96 63 241 23 232 62 101 104 229 33
284 25 1603 180 36 119 70 14 34 20 12 137 68 101 89 181 107 102 64 34 70 114 4 93 85 169 60 209 2 224 60 105 77 194 34 112 63 81 102 96 100 216 107 144 66 172 51 47 24 115 58 228 38
285 25 1552 38 39 206 74 100 59 47 34 163 100 102 49 212 16 231 40 111 80 5 70 75 47 218 125 219 93 114 3 186 69 40 75 84 98 183 31 91 46 146 45 71 84 60 51 101 23 232 105 69 56
286 25 1524 27 36 157 97 129 123 201 41 66 115 92 1 189 91 184 95 137 1 117 10 22 62 195 82 89 45 206 70 2 24 227 5 59 8 78 39 5 28 204 47 17 45 173 81 136 83 152 124 185 18
287 25 1472 110 82 56 32 140 19 201 95 65 77 220 41 81 5 25 10 169 7 37 122 53 54 19 77 111 6 136 114 231 71 131 91 27 38 247 18 181 49 214 97 103 58 137 35 62 13 45 82 144 81
288 25 1666 56 49 236 74 227 73 181 113 61 36 183 43 103 61 80 99 78 112 41 83 102 75 196 11 238 84 180 70 204 11 2 98 152 104 46 82 193 106 242 125 149 95 37 80 45 91 192 44 108 1
289 25 1153 145 57 197 8 21 7 62 90 210 49 66 64 22 92 144 44 150 86 24 17 88 75 104 109 165 45 28 22 45 24 55 93 8 75 201 47 13 72 82 76 70 26 71 113 152 8 12 20 171 35
290 25 1427 232 120 138 68 34 34 197 32 181 95 211 125 80 35 76 1 51 88 235 38 17 112 85 4 194 117 33 114 4 116 141 58 220 27 129 1 59 76 188 58 30 97 8 30 125 95 78 109 109 71
291 25 1438 95 68 52 107 238 43 14 78 171 5 37 39 164 6 42 43 233 100 243 22 32 22 244 40 153 95 134 105 78 118 28 24 79 107 25 98 223 102 121 79 116 11 117 98 29 34 58 3 151 79
292 25 1424 11 47 174 50 176 18 36 8 72 5 35 95 18 90 202 19 164 26 223 11 229 88 21 95 162 49 4 94 28 6 48 39 30 73 190 80 216 77 212 14 206 98 234 76 37 94 78 62 43 88
293 25 1618 40 5 86 111 144 111 91 112 14 97 11 29 126 84 195 57 151 22 246 39 79 93 124 29 109 12 225 61 73 17 214 124 85 52 142 48 105 38 238 93 191 90 51 10 147 53 156 17 193 87
294 25 1371 234 67 240 92 78 66 129 3 83 106 68 81 65 96 74 89 113 53 126 100 145 66 47 53 63 76 60 79 144 21 39 62 238 6 241 53 111 95 135 91 15 67 8 110 140 96 97 45 49 64
295 25 1483 241 90 213 43 27 38 103 105 158 100 18 94 87 125 210 15 111 31 24 53 170 68 60 30 82 8 1 1 81 49 167 71 115 106 216 16 245 45 120 28 19 115 223 83 91 57 97 53 88 97
296 25 1746 106 109 164 17 13 98 126 14 200 58 218 106 29 73 196 21 193 115 243 72 235 107 169 67 72 78 140 125 142 112 82 125 127 98 224 76 128 26 133 18 113 46 191 58 44 110 24 36 181 111
297 25 1376 119 76 154 42 153 44 18 44 155 99 146 8 49 33 209 124 137 109 108 29 226 96 200 18 130 95 104 29 136 116 100 87 19 16 91 62 159 112 68 109 132 76 9 16 11 109 27 119 92 55
298 25 1765 71 62 106 66 191 75 44 71 181 32 61 30 118 57 171 60 243 56 46 38 141 29 215 25 169 100 235 70 218 76 102 15 239 82 80 32 157 124 79 87 155 117 219 124 173 14 35 17 81 54
299 25 1588 61 109 143 62 130 117 47 51 186 99 27 76 213 109 155 96 242 5 174 55 136 40 148 111 87 13 146 104 160 78 32 96 38 27 134 42 245 32 93 56 6 96 108 70 204 114 165 47 96 88
