0 25 1728 119 248 81 23 208 285 238 187 48 173 51 125 221 198 69 177 145 149 45 332 41 15 120 59 91 274 166 339 192 180 204 10 229 234 82 336 70 272 222 167 196 124 143 316 172 162 142 218 162 239
1 25 1838 52 103 203 121 13 146 146 329 134 238 210 239 249 340 222 233 226 91 104 299 10 201 173 152 168 196 113 261 215 227 199 18 79 204 141 291 149 288 121 284 225 182 72 26 43 258 197 185 213 247
2 25 1853 194 215 19 46 132 316 60 92 133 36 93 350 116 246 242 107 96 30 179 329 206 161 152 31 82 46 140 280 230 104 226 276 168 297 121 301 14 282 193 46 70 85 248 285 232 289 243 177 118 172
3 25 1770 157 126 32 258 206 115 205 48 94 334 151 219 209 271 165 31 71 229 213 65 176 234 149 273 68 82 14 11 58 133 232 16 158 315 225 64 79 179 163 122 215 63 92 223 233 109 156 139 20 70
4 25 1528 64 53 169 289 220 102 102 32 162 84 113 177 94 329 202 9 157 80 221 330 196 333 22 69 118 32 176 123 120 95 42 33 97 212 123 168 224 200 77 310 14 103 3 193 106 111 101 38 133 183
5 25 1318 33 165 6 103 134 137 178 8 106 122 50 140 70 213 13 238 128 138 37 254 247 102 7 1 96 314 197 1 145 131 84 62 186 138 147 174 116 305 129 89 56 70 159 168 132 46 146 120 34 201
6 25 1465 68 187 59 171 133 323 135 79 175 132 111 160 145 246 48 291 69 113 47 349 1 2 168 9 222 202 156 117 223 291 169 140 78 128 162 60 250 149 140 224 30 300 34 274 147 133 66 217 95 63
7 25 1829 217 247 214 236 208 35 137 263 153 209 6 224 1 285 151 64 144 252 162 85 27 141 236 112 216 182 94 232 50 138 118 35 209 253 92 346 240 156 200 161 173 150 245 323 66 240 74 227 226 151
8 25 1297 20 311 12 35 194 156 16 143 145 11 110 281 72 63 222 317 54 330 66 203 42 39 55 189 163 322 128 189 198 204 189 169 64 52 9 271 102 256 34 14 136 55 210 21 33 339 88 237 232 276
9 25 1862 43 270 239 164 248 79 64 3 219 332 118 270 37 227 131 258 181 138 241 246 123 45 223 134 117 157 124 104 243 6 132 38 225 72 151 272 150 166 26 18 198 44 86 72 119 193 152 108 135 47
10 25 1470 81 181 71 16 197 279 240 303 22 295 134 9 69 205 161 293 4 177 20 21 26 213 109 61 237 80 6 238 37 40 219 23 159 85 19 138 176 21 61 120 154 71 190 160 231 234 113 59 204 183
11 25 1383 186 68 194 199 204 173 154 194 59 95 180 230 69 290 66 140 127 291 210 139 10 116 109 1 75 92 235 240 102 90 22 288 7 165 38 113 89 343 6 300 39 37 129 158 226 294 47 205 184 258
12 25 1772 243 95 73 4 197 100 145 283 141 198 72 212 135 331 229 224 67 216 248 68 105 236 46 262 213 341 110 217 126 267 12 272 142 167 219 343 211 253 133 108 175 146 45 255 124 268 97 93 236 196
13 25 1739 210 40 81 208 153 245 198 264 62 26 80 275 197 271 241 267 65 153 120 197 212 246 93 258 68 328 13 295 172 104 177 181 208 71 180 271 234 205 2 258 154 325 22 39 141 236 218 86 178 225
14 25 1548 137 147 204 136 59 68 32 132 123 58 212 330 131 293 2 264 200 304 124 253 180 275 68 29 117 3 96 154 182 22 141 331 78 128 189 245 210 270 18 219 83 197 149 325 201 63 24 156 136 176
15 25 1680 235 310 102 2 90 168 57 287 221 340 161 313 220 288 243 108 132 252 29 49 111 48 38 250 233 261 205 320 39 91 181 140 194 23 209 202 159 231 44 221 96 313 158 238 23 142 141 203 40 212
16 25 1808 14 39 182 51 240 216 213 296 235 1 86 68 242 82 140 202 233 200 83 78 71 230 141 30 219 65 221 11 167 163 172 330 203 306 82 93 45 38 58 97 176 27 139 307 168 240 67 124 19 339
17 25 1623 5 311 69 73 25 341 183 93 3 107 75 308 162 56 234 152 89 343 199 114 87 222 236 328 63 205 104 183 143 58 193 13 81 319 204 15 111 308 71 285 217 334 216 18 244 157 62 192 170 333
18 25 1437 130 294 70 60 6 274 213 190 219 20 84 281 2 102 86 317 114 196 39 51 212 223 93 180 42 136 186 203 105 185 111 350 7 270 155 132 182 196 50 54 129 133 207 232 120 275 98 215 214 48
19 25 1465 77 188 90 108 229 177 143 233 8 149 120 319 249 276 88 155 207 272 51 107 225 131 41 131 15 60 106 162 127 21 109 5 108 250 12 238 178 204 186 2 239 304 102 264 141 107 71 264 9 229
20 25 1398 88 39 71 171 155 130 78 166 106 200 226 210 207 227 23 294 55 326 115 90 30 204 145 81 217 187 89 239 1 247 169 338 238 339 60 92 137 258 28 186 133 290 44 112 62 139 166 38 154 107
21 25 1447 119 9 151 49 75 137 88 166 37 86 86 27 23 225 138 265 145 125 174 72 112 208 63 308 19 225 46 184 214 251 190 32 159 42 182 186 229 71 3 217 157 38 195 329 14 183 158 109 118 82
22 25 1359 70 226 244 329 44 270 77 180 183 127 121 14 138 313 48 175 41 118 9 274 16 204 105 230 151 239 96 269 72 317 66 296 189 87 22 318 139 235 137 3 232 263 195 50 241 103 75 207 8 331
23 25 1454 36 295 182 324 92 150 146 9 95 263 54 35 199 277 5 220 176 195 55 115 47 188 227 141 139 68 45 164 76 153 244 161 49 177 141 326 33 299 172 247 154 257 248 132 163 267 107 57 23 73
24 25 1692 203 11 202 195 151 121 89 14 96 193 210 158 144 136 195 184 64 78 134 287 174 139 245 21 70 207 140 228 63 262 117 74 102 161 75 124 40 319 196 201 228 89 87 172 122 52 149 7 88 25
25 25 1881 245 333 95 64 239 286 92 254 100 44 20 73 195 183 199 170 236 239 88 31 89 217 27 38 141 278 237 200 218 113 94 50 209 58 140 245 101 293 144 194 165 118 240 147 217 59 34 307 198 164
26 25 1616 247 214 233 74 53 126 153 339 75 22 168 71 112 177 13 106 129 205 151 124 219 268 163 117 134 223 152 292 72 216 39 235 98 14 238 75 128 49 140 133 19 212 244 147 24 251 28 131 201 101
27 25 1441 68 214 18 304 238 269 95 260 136 185 96 236 185 310 168 113 111 109 47 131 170 40 129 246 40 156 226 340 107 126 7 22 162 259 116 307 118 151 93 266 86 293 10 214 58 170 210 88 189 299
28 25 1385 166 34 140 322 61 29 30 337 188 151 131 199 11 346 207 181 247 250 46 334 142 45 3 259 22 168 77 12 19 143 158 266 106 139 195 44 26 347 125 276 157 322 183 37 70 284 182 254 79 186
29 25 1484 79 237 174 250 56 52 161 276 94 108 186 261 16 174 157 209 151 103 235 176 62 309 160 148 128 143 232 283 69 60 219 49 198 42 98 303 95 11 31 89 20 66 35 239 58 96 139 162 116 75
30 25 1698 40 326 73 268 120 106 150 141 215 120 39 262 213 289 16 208 99 46 98 20 113 248 107 151 157 154 91 271 85 207 95 77 232 217 246 101 174 147 243 288 217 232 151 229 20 169 236 270 166 183
31 25 1433 41 279 183 347 129 189 72 109 187 178 6 263 111 274 158 63 198 6 56 137 222 337 88 151 208 306 238 29 123 23 69 51 105 116 132 93 67 253 104 253 82 61 17 42 234 24 4 31 32 209
32 25 1384 118 103 145 107 5 304 14 93 232 336 165 101 37 19 20 263 184 22 18 139 53 128 55 294 212 281 247 294 112 58 111 214 52 217 119 8 32 163 89 218 229 241 204 97 108 23 161 144 46 31
33 25 1414 182 250 8 36 193 71 66 41 65 229 198 277 143 152 46 163 209 177 177 299 244 205 140 99 151 249 123 263 94 118 25 17 53 313 161 323 30 52 39 309 1 66 204 163 17 62 163 185 97 154
34 25 1291 183 249 2 206 11 48 75 256 222 294 108 286 204 282 68 157 121 126 8 288 30 11 46 225 140 238 239 74 186 342 59 84 245 166 146 242 40 301 16 233 58 151 139 40 120 145 112 245 4 199
35 25 1518 126 217 171 243 139 160 131 63 47 72 221 230 16 36 226 310 77 28 75 162 188 127 150 129 247 96 40 293 2 238 219 168 187 41 62 127 103 292 89 149 65 211 81 232 96 258 93 175 185 167
36 25 1652 36 24 146 135 152 144 80 191 86 333 230 6 18 199 163 145 203 256 135 303 20 346 33 104 243 192 17 279 165 4 52 160 88 104 155 170 246 342 202 326 248 104 95 348 216 91 172 226 104 43
37 25 1466 173 237 198 65 178 44 34 6 8 87 58 69 127 213 73 348 108 164 199 85 13 54 30 112 172 122 113 95 47 17 89 19 103 237 236 132 130 121 240 189 159 49 157 35 11 79 32 20 244 333
38 25 1725 155 7 38 136 218 309 57 31 5 56 149 144 26 101 130 263 234 309 85 125 247 194 223 205 162 255 78 196 61 134 133 98 154 144 106 236 198 13 143 239 86 322 153 171 132 138 246 30 231 118
39 25 1788 234 10 155 318 123 211 248 68 121 183 203 270 86 198 127 273 47 240 6 290 228 143 211 80 114 145 219 259 174 349 178 210 59 134 179 33 244 226 103 166 109 307 135 96 154 312 69 302 51 176
40 25 1681 241 130 119 304 111 84 248 30 44 73 130 321 134 340 155 63 73 250 90 275 216 148 81 150 244 186 213 64 137 265 89 28 96 207 33 207 40 32 138 83 154 217 156 188 57 112 202 31 161 141
41 25 1490 155 76 91 337 78 136 172 92 99 308 7 87 37 4 246 269 12 187 200 49 72 206 18 277 95 76 240 246 156 200 188 60 128 80 248 257 65 19 198 63 56 302 115 160 49 335 21 35 235 220
42 25 1267 6 140 39 184 136 164 73 183 119 25 220 130 54 100 27 160 16 147 57 179 124 313 232 188 122 130 125 292 66 259 163 72 150 51 7 335 164 232 67 132 138 63 59 239 189 318 105 185 76 335
43 25 1748 211 238 116 250 59 197 174 103 62 132 215 35 33 268 242 269 181 323 87 65 30 27 227 188 165 318 107 269 104 232 5 214 120 320 114 280 218 337 184 130 171 51 203 318 224 250 29 10 216 58
44 25 1716 136 45 247 103 62 155 23 117 137 228 81 308 249 94 239 317 230 25 98 152 25 213 205 194 70 130 45 100 191 11 110 129 157 158 163 53 86 151 130 116 129 11 197 91 224 294 192 198 6 248
45 25 1650 141 227 129 286 127 120 48 88 248 304 45 128 23 9 32 108 209 262 126 220 142 36 120 38 26 93 131 170 91 288 169 133 165 48 143 319 167 30 216 72 145 44 185 126 204 45 189 329 80 14
46 25 1444 34 19 42 326 1 263 68 89 233 201 5 330 20 347 100 189 228 315 10 253 209 106 139 37 59 184 175 189 150 207 152 133 125 143 160 26 7 328 216 140 230 320 121 201 116 21 93 137 195 48
47 25 1595 208 184 184 66 69 110 106 68 66 257 2 191 52 261 168 58 240 283 149 19 102 270 70 19 92 60 161 228 162 7 175 319 142 8 236 312 68 241 29 235 200 30 103 93 194 162 32 176 180 324
48 25 1377 97 171 185 209 100 147 168 125 67 9 234 255 223 203 1 88 148 333 164 350 27 208 12 160 35 322 64 203 137 112 75 72 174 20 140 148 188 300 34 342 22 86 41 25 73 138 109 137 237 146
49 25 1953 199 346 230 72 10 195 174 146 157 250 69 231 23 38 222 223 26 121 106 269 145 343 9 171 216 147 229 104 236 317 249 34 212 228 155 221 123 180 219 181 29 187 213 153 227 34 225 304 204 282
50 25 1687 72 300 75 33 70 242 231 250 195 66 216 243 1 330 22 5 102 146 186 170 228 216 209 340 218 185 123 43 38 329 124 161 128 50 245 200 191 325 51 285 42 269 179 92 148 53 48 249 233 221
51 25 1531 26 98 129 315 16 15 88 310 54 316 35 266 245 135 111 244 127 37 197 314 229 215 42 320 64 146 68 314 244 252 84 121 200 14 85 267 228 224 126 133 141 310 249 36 96 111 31 123 147 27
52 25 1728 188 25 143 331 247 108 27 166 222 120 67 57 242 218 73 126 184 52 202 161 35 142 173 233 79 168 243 212 92 291 40 329 218 83 110 264 238 231 63 159 47 272 100 317 144 127 52 195 228 63
53 25 1560 181 222 135 63 102 304 57 213 198 300 103 328 117 137 39 132 228 326 162 191 134 110 214 135 178 57 112 130 3 341 192 234 248 214 33 107 128 280 56 130 160 274 116 148 94 276 70 36 61 281
54 25 1445 51 346 159 309 7 288 11 247 181 46 161 258 44 276 140 52 103 270 209 283 131 182 50 278 38 195 153 57 82 64 87 132 211 297 217 234 3 165 164 298 175 71 193 152 13 294 105 284 202 39
55 25 1511 114 185 190 143 72 35 196 80 16 211 219 350 221 165 139 339 49 341 53 14 41 30 187 333 183 99 227 287 34 128 177 247 213 317 189 336 153 186 18 20 98 86 19 70 152 260 60 252 2 165
56 25 1639 116 142 146 304 25 328 204 51 217 37 30 193 235 94 111 275 82 113 113 99 33 262 186 303 232 37 162 191 139 264 107 204 205 152 9 331 80 162 81 196 198 163 188 84 158 349 58 289 163 72
57 25 1485 87 197 84 174 200 315 211 163 207 149 228 114 204 85 65 112 115 196 173 248 41 272 10 231 5 269 231 164 8 293 186 46 42 219 70 91 185 80 55 93 128 283 56 183 67 273 144 81 168 130
58 25 1536 111 289 191 191 245 260 171 258 217 315 195 162 206 163 83 346 249 262 1 42 91 135 149 123 201 123 18 33 43 235 63 3 73 153 169 62 115 327 30 179 21 294 87 236 126 232 84 38 134 27
59 25 1739 180 20 76 55 70 198 72 5 90 157 217 44 181 121 38 200 135 54 28 314 150 257 221 87 83 304 171 222 199 153 209 174 7 29 174 281 35 215 187 1 219 121 98 20 205 152 197 221 236 199
60 25 1426 177 106 35 311 59 7 134 50 6 289 209 81 195 89 54 75 123 119 163 273 229 134 45 276 153 102 29 302 174 216 2 52 71 236 63 182 93 148 231 150 236 291 80 33 129 134 9 301 154 24
61 25 1597 225 232 7 22 59 111 75 188 64 48 55 165 199 328 203 263 209 247 13 191 96 100 184 275 132 312 160 193 165 263 16 241 46 22 214 57 134 140 146 148 137 250 114 88 177 316 152 187 212 14
62 25 1787 130 59 116 113 186 47 226 345 239 290 10 256 233 157 229 198 113 13 188 258 162 326 208 75 215 34 193 17 223 206 132 202 165 97 164 50 96 189 46 336 131 57 42 65 64 320 12 228 51 136
63 25 1608 145 27 95 322 191 280 214 59 52 171 41 153 87 139 168 88 234 259 84 222 39 142 63 55 7 82 116 35 66 17 172 310 245 218 83 85 197 48 196 251 219 186 3 105 226 123 93 12 181 278
64 25 1616 83 21 221 147 175 28 78 192 114 245 160 185 57 204 152 89 191 350 37 36 50 5 223 105 161 300 177 255 111 59 234 345 29 205 41 305 182 171 48 247 215 308 33 223 213 284 12 53 235 98
65 25 1539 140 335 154 262 41 316 14 269 21 324 27 204 157 58 61 313 241 233 110 139 200 217 72 332 56 283 136 191 232 76 177 237 239 19 153 152 137 225 228 65 28 48 23 288 58 35 180 343 194 121
66 25 1743 242 313 41 63 96 247 248 281 239 329 6 215 68 297 233 220 98 321 75 35 225 224 7 62 84 293 94 326 238 164 117 152 179 247 102 276 28 240 135 256 74 281 190 95 181 260 240 205 246 114
67 25 1500 179 4 128 214 148 173 239 136 38 255 87 243 135 184 145 263 13 286 169 147 44 194 233 288 58 345 227 264 92 192 194 246 57 145 93 195 80 280 1 217 173 238 152 67 150 14 4 270 162 147
68 25 1503 13 39 132 50 198 28 78 164 69 319 157 316 140 116 61 82 212 40 214 165 158 336 52 61 54 201 74 7 120 36 206 232 126 339 233 126 166 12 139 284 30 47 202 71 64 162 105 76 3 118
69 25 1609 90 61 203 93 71 108 45 347 16 214 84 221 147 211 159 131 236 26 142 76 160 273 123 11 146 238 224 100 63 326 169 4 238 273 246 111 80 342 9 295 157 92 168 253 4 328 135 90 104 128
70 25 1653 215 115 151 89 77 196 227 52 147 91 127 115 247 17 37 342 229 218 134 187 164 340 180 281 195 183 111 31 24 216 59 41 209 281 108 206 9 302 100 287 168 46 55 56 189 33 23 324 121 38
71 25 1255 66 252 221 312 187 181 42 310 146 302 152 177 12 83 34 167 241 144 220 290 130 137 37 185 44 128 69 266 1 40 206 18 91 226 29 177 6 123 89 253 124 90 179 36 22 114 104 115 59 76
72 25 1689 56 290 164 343 224 8 22 295 125 22 186 180 190 228 5 170 7 262 242 145 114 168 144 203 60 157 58 124 117 235 229 307 249 123 232 58 46 176 182 218 61 114 109 189 220 228 195 232 141 45
73 25 1812 239 26 191 143 237 199 160 216 187 91 22 85 15 53 94 211 231 227 230 341 240 288 81 310 117 177 143 288 119 189 126 147 129 218 33 278 170 293 243 6 35 314 142 1 118 185 211 198 111 90
74 25 1772 241 203 129 123 14 298 152 306 235 70 196 113 66 25 132 1 202 301 245 246 8 279 161 349 179 178 242 178 198 183 70 50 162 92 15 111 143 272 95 65 217 259 182 43 41 82 94 341 126 41
75 25 1467 201 256 151 51 37 31 186 278 8 233 60 177 134 273 170 50 35 263 21 180 179 339 140 210 232 280 242 177 123 269 168 323 77 268 23 313 98 210 207 244 51 133 177 226 55 178 10 267 150 41
76 25 1793 147 289 131 56 220 12 99 298 34 220 165 208 246 83 83 158 182 242 139 136 1 73 214 26 77 92 88 145 141 80 43 131 162 199 200 174 249 48 209 170 167 15 48 299 224 80 140 324 177 125
77 25 1713 94 41 2 123 234 341 169 324 121 212 105 232 112 6 207 10 205 266 232 21 82 148 68 282 72 149 173 95 220 50 21 214 240 323 86 23 213 54 198 33 67 54 217 278 162 273 38 218 88 71
78 25 1974 238 171 218 156 202 339 56 177 136 76 76 256 191 117 30 228 241 145 233 88 177 150 194 45 227 307 168 166 174 307 236 214 230 104 69 31 94 276 157 281 1 234 89 91 118 120 240 162 153 180
79 25 1588 241 2 75 337 178 231 4 244 204 63 131 267 192 186 137 174 30 13 233 162 215 66 50 58 168 320 177 157 231 29 38 73 112 60 60 292 15 305 198 227 85 64 20 71 153 194 152 117 78 113
80 25 1669 183 243 163 140 60 232 117 69 14 147 106 39 179 268 98 238 211 64 44 158 43 228 174 112 178 107 3 244 234 316 226 329 130 268 140 63 134 308 28 182 166 66 210 35 63 47 195 227 240 203
81 25 1548 69 70 128 232 71 155 139 174 200 74 41 175 54 122 192 94 184 127 3 13 209 320 29 118 4 43 217 49 58 53 241 29 132 73 52 36 213 127 135 88 17 211 92 340 205 187 175 231 237 341
82 25 1384 159 65 211 164 208 29 64 178 188 218 19 17 199 243 118 134 55 96 120 344 212 31 35 151 87 121 25 167 162 263 10 122 128 220 37 237 100 101 214 37 168 234 103 67 28 22 102 184 17 172
83 25 1746 128 80 104 112 32 290 185 308 8 148 21 19 221 350 190 157 186 89 107 101 76 225 187 330 243 64 102 94 148 270 167 75 152 222 38 183 163 174 193 23 213 41 93 314 81 350 249 169 206 299
84 25 1883 194 282 185 274 74 149 177 270 148 148 186 272 149 208 61 284 72 235 228 344 7 342 235 200 105 267 199 153 35 256 203 181 190 338 156 13 138 134 134 135 181 70 58 32 229 70 217 50 206 144
85 25 1980 144 113 235 230 164 89 146 114 191 32 71 143 214 160 132 269 125 21 154 58 7 287 77 164 118 7 136 236 207 141 129 252 155 163 181 168 201 78 133 293 209 254 237 123 213 169 143 189 239 47
86 25 1540 197 146 85 175 161 254 32 298 239 40 117 93 245 131 175 265 133 102 47 125 60 52 213 134 65 331 227 303 172 175 51 269 61 176 31 14 59 129 204 350 19 120 142 313 2 116 177 234 167 26
87 25 1385 110 228 177 322 14 343 5 292 96 76 216 98 46 28 173 326 241 233 106 344 82 274 115 323 239 118 140 67 101 106 92 160 236 169 31 299 111 235 90 258 62 157 56 257 34 80 35 26 163 92
88 25 1751 171 346 116 237 69 206 104 208 222 4 64 315 101 334 147 1 44 284 142 52 197 198 9 256 183 90 190 10 102 183 182 200 68 168 205 221 177 127 226 292 92 142 244 275 90 146 170 123 187 73
89 25 1510 172 186 233 27 18 173 118 179 126 300 210 225 150 27 42 154 49 21 132 226 112 175 69 108 201 9 3 121 133 90 95 54 25 78 130 95 247 273 227 299 235 302 148 63 45 203 14 165 87 291
90 25 1647 79 261 60 36 214 270 140 236 202 179 30 256 206 109 237 152 86 74 37 84 210 188 83 173 84 335 199 71 76 29 34 135 16 97 204 305 182 58 234 211 115 191 170 251 242 129 38 217 117 73
91 25 1827 177 156 55 149 240 342 186 40 112 61 168 347 248 283 243 203 87 226 60 172 237 176 212 208 127 155 88 66 22 107 239 150 43 298 201 334 233 240 98 195 9 346 92 41 189 197 130 314 158 251
92 25 1605 52 84 115 211 162 219 101 27 42 257 165 191 118 310 240 19 45 74 160 94 169 169 190 262 211 330 108 90 193 168 141 297 51 207 109 212 127 109 138 71 217 53 111 335 214 3 5 258 26 16
93 25 1613 2 146 184 91 158 195 170 317 86 164 234 228 162 34 21 47 163 131 235 183 48 139 145 84 102 247 238 209 123 253 212 118 39 102 177 235 173 96 120 137 129 198 15 83 111 195 1 197 179 300
94 25 1766 85 74 133 286 170 270 147 94 224 308 164 14 112 142 34 237 222 122 68 171 172 332 3 41 44 250 193 91 178 342 75 303 113 75 195 261 18 221 218 333 236 79 225 86 215 163 59 186 230 229
95 25 1929 157 213 183 350 207 182 42 349 212 186 225 14 209 37 40 106 197 58 128 317 192 315 18 202 161 281 110 249 12 138 155 177 121 54 233 54 148 83 217 83 107 83 193 146 172 350 242 181 177 210
96 25 1258 23 244 57 292 45 119 72 5 67 186 92 224 212 14 179 96 70 326 178 136 60 134 20 303 79 144 154 173 124 33 134 148 176 42 140 20 111 113 29 298 68 4 209 331 133 206 52 210 33 290
97 25 1388 120 319 209 174 99 102 127 23 228 309 7 25 234 248 114 56 10 227 179 341 26 198 94 87 81 76 192 332 138 127 71 309 97 32 82 295 133 210 68 10 119 326 187 204 75 300 9 235 78 140
98 25 1599 225 106 137 218 42 317 146 285 201 335 161 21 243 307 152 74 54 337 133 173 98 253 148 334 57 172 186 167 158 63 58 82 70 95 52 161 13 349 196 313 183 308 86 77 215 187 100 318 84 140
99 25 1816 73 137 239 106 95 62 143 13 220 208 171 153 77 17 106 338 81 54 235 344 188 192 231 264 8 117 165 27 44 251 218 16 139 56 85 118 68 47 237 275 219 341 151 335 147 240 118 100 174 313
100 25 1443 90 118 243 155 77 161 172 204 104 72 171 221 160 29 246 294 63 142 84 287 11 324 37 247 20 277 164 272 2 26 113 121 17 298 81 290 203 284 61 123 107 72 102 167 198 264 209 81 152 221
101 25 1373 7 38 117 28 16 333 49 120 160 263 190 230 132 339 10 321 141 195 84 216 151 205 68 52 174 266 17 132 148 118 54 156 208 270 134 73 154 132 92 16 195 234 95 76 72 156 98 163 181 28
102 25 1314 3 338 145 156 111 262 123 94 12 192 147 17 99 318 150 24 174 134 15 189 128 250 35 55 72 40 4 284 91 35 213 295 122 109 51 334 221 175 29 34 166 125 100 317 194 250 40 219 183 6
103 25 1535 57 12 156 93 68 27 182 271 112 125 107 224 171 280 32 321 15 154 97 293 187 313 69 237 231 265 138 70 83 122 27 190 185 284 82 304 116 26 223 142 133 248 12 62 180 135 227 185 181 221
104 25 1445 72 195 190 60 25 4 97 146 136 270 173 127 54 108 61 157 170 76 182 92 119 116 40 30 230 21 214 106 205 47 178 28 41 217 87 166 35 113 158 154 34 159 145 144 67 264 121 101 57 39
105 25 1592 16 298 221 195 18 186 52 325 32 230 54 123 198 241 240 270 175 202 127 81 139 162 239 335 208 6 78 258 4 319 23 2 120 121 174 221 247 58 2 51 232 150 43 71 169 19 124 297 249 14
106 25 1716 158 140 248 215 247 47 45 204 51 113 26 254 101 95 126 118 23 183 21 275 164 320 217 36 240 35 110 136 136 275 146 75 175 62 221 121 156 224 123 318 226 70 98 254 196 15 128 185 50 344
107 25 1801 107 68 129 146 152 290 84 37 165 129 11 289 90 283 161 198 158 234 215 309 111 235 106 214 82 22 191 61 108 42 204 116 209 83 14 211 172 147 249 38 177 312 128 68 194 339 174 232 212 334
108 25 1516 168 319 100 149 242 340 59 149 132 263 165 140 197 130 52 168 126 201 158 154 14 135 21 9 73 288 12 298 119 323 138 93 83 36 234 72 194 185 105 308 201 197 4 30 98 272 207 350 131 260
109 25 1530 13 215 232 124 90 219 185 87 39 260 170 76 2 252 163 38 226 157 22 30 16 274 228 20 53 26 243 59 177 173 220 292 37 51 215 328 122 1 165 62 10 36 40 64 202 253 15 160 176 46
110 25 1685 176 199 174 247 153 251 39 11 129 313 232 170 49 332 236 129 155 37 43 69 246 30 58 161 119 11 13 135 21 338 181 48 186 56 94 138 158 84 100 336 183 156 146 167 191 324 121 29 168 89
111 25 1612 25 348 48 287 116 259 100 251 31 139 133 80 177 90 125 66 97 258 68 182 103 200 189 300 216 132 124 189 10 241 179 286 140 327 223 156 237 24 208 69 164 90 90 179 172 156 227 31 23 160
112 25 1310 85 324 1 84 90 232 57 330 93 50 58 129 89 186 53 46 122 328 153 92 241 144 81 124 14 338 200 194 12 262 228 85 76 243 172 205 187 71 13 15 62 98 69 7 146 260 213 237 105 254
113 25 1216 69 329 217 208 28 63 39 192 55 2 131 244 227 87 183 147 51 99 10 51 18 267 172 165 236 203 132 241 71 160 8 128 90 172 48 230 113 103 168 335 127 144 21 209 92 222 102 272 25 70
114 25 1812 145 189 247 80 144 30 171 114 190 80 194 79 101 291 8 263 195 341 232 179 118 275 50 126 69 273 183 322 196 259 241 240 200 239 219 93 68 91 56 259 20 51 137 222 37 338 237 68 167 4
115 25 1837 245 218 132 313 142 14 186 287 123 278 176 172 116 296 164 235 89 271 144 160 172 282 182 267 230 318 104 69 235 222 24 331 189 155 143 182 219 180 18 243 207 95 72 193 29 309 231 201 102 190
116 25 1445 224 33 223 240 213 142 44 83 129 167 156 309 58 111 204 239 131 233 7 323 90 253 188 63 45 118 73 277 18 274 169 94 9 291 33 123 35 278 205 213 195 160 121 152 22 224 240 152 59 198
117 25 1366 76 50 1 265 114 347 182 87 24 152 110 192 145 270 184 29 42 168 207 246 130 203 208 3 4 279 28 195 131 88 193 158 187 295 173 203 191 256 89 214 7 100 3 20 134 213 10 240 159 292
118 25 1658 92 316 94 247 196 123 41 126 161 285 236 347 129 158 101 170 113 289 135 272 91 42 76 12 184 109 124 93 48 134 36 241 249 129 187 297 204 228 224 264 62 309 43 116 163 12 229 153 98 252
119 25 1634 43 39 127 4 24 186 230 69 235 163 104 226 214 33 162 10 38 41 233 151 155 192 212 197 159 76 160 89 179 7 40 23 98 67 121 54 158 89 88 20 63 83 77 92 164 269 166 75 18 29
120 25 1524 121 76 57 82 165 135 241 306 159 88 222 137 60 75 96 349 15 318 143 329 52 121 107 294 136 126 153 200 239 181 173 66 187 156 32 23 146 338 34 133 161 72 43 38 68 193 102 185 137 280
121 25 1644 86 257 137 131 244 64 202 196 65 342 128 337 160 265 143 241 189 340 28 222 123 39 194 317 26 313 159 179 147 295 8 334 153 46 167 198 111 70 245 326 114 22 162 73 38 256 213 177 46 343
122 25 1637 50 170 133 295 36 60 207 96 238 205 192 147 141 346 195 257 193 255 128 37 230 341 160 344 13 298 1 178 26 98 22 277 19 154 54 15 228 101 104 135 142 200 175 89 246 183 131 251 210 119
123 25 1634 132 301 79 77 213 78 228 342 5 27 163 81 246 268 54 299 182 34 102 335 168 295 87 94 34 332 26 116 234 235 185 118 37 15 194 350 94 321 243 48 148 106 130 93 175 34 43 107 67 196
124 25 1380 243 36 91 229 29 174 13 206 139 198 140 325 65 77 141 159 28 34 31 172 183 80 129 163 24 254 98 319 160 216 164 252 101 304 83 181 229 97 136 20 44 277 144 61 155 135 71 184 120 103
125 25 1756 156 203 233 84 217 156 87 164 26 148 181 90 102 233 45 134 113 276 232 250 95 127 226 90 189 133 124 9 16 346 212 321 194 207 216 251 143 131 77 143 61 68 193 64 229 57 139 310 6 283
126 25 1893 86 283 73 75 65 48 135 31 245 346 103 194 141 9 209 144 154 291 222 146 89 139 147 54 167 103 93 178 160 127 165 143 101 139 159 151 176 191 123 344 239 64 204 349 92 130 194 120 244 191
127 25 1784 23 262 245 17 239 305 144 306 249 94 46 257 96 71 248 41 94 243 181 259 246 29 117 5 172 46 10 66 167 106 58 139 219 152 156 258 151 15 56 346 110 215 92 331 164 82 174 6 112 84
128 25 1487 53 292 100 207 114 197 119 81 113 176 138 103 44 91 58 53 99 160 167 154 56 327 70 197 209 283 180 284 188 343 217 141 186 16 151 212 69 181 124 44 220 126 11 186 40 209 97 309 152 285
129 25 1683 36 300 43 68 181 326 58 325 242 298 111 159 248 313 170 269 94 195 62 65 22 151 27 109 243 285 156 1 101 9 237 36 161 129 5 291 16 247 211 326 55 211 238 226 229 233 220 242 200 343
130 25 1760 95 176 152 237 213 159 239 315 67 125 227 253 156 218 158 118 185 206 30 62 62 290 1 89 68 186 60 112 235 302 210 205 242 174 63 230 188 180 204 289 208 58 97 277 64 211 74 145 222 237
131 25 1512 35 73 225 304 8 284 15 344 37 20 155 242 13 79 4 44 218 235 149 109 193 58 5 69 124 320 232 249 114 3 148 227 9 304 136 194 229 231 240 184 122 4 164 177 198 81 212 246 39 6
132 25 1564 154 93 176 179 212 307 30 328 64 327 90 275 130 76 170 100 56 150 41 339 73 94 102 250 193 285 113 189 123 270 44 18 247 274 81 254 53 208 217 319 37 108 245 266 133 314 116 257 229 338
133 25 1525 151 333 89 293 119 303 233 191 124 28 110 321 4 241 126 58 50 192 228 236 101 222 104 284 238 120 24 253 179 4 142 179 138 233 23 206 237 8 99 11 87 208 83 92 208 150 152 151 1 1
134 25 1418 192 336 240 62 211 194 42 215 187 220 54 269 244 10 108 103 10 220 142 19 152 183 69 159 34 220 9 263 58 209 215 302 197 204 157 47 6 223 83 227 127 154 72 188 163 227 47 232 18 215
135 25 1442 133 302 35 41 88 306 101 150 16 161 116 267 157 219 183 14 67 88 136 301 164 64 56 87 151 268 213 249 199 82 34 200 25 271 8 175 22 273 86 237 241 294 57 223 225 112 145 227 227 210
136 25 1573 133 313 113 202 26 161 3 7 176 335 242 78 210 264 85 184 235 109 21 173 51 265 131 123 123 157 184 169 34 262 81 318 74 93 219 301 205 321 160 131 8 301 60 117 217 196 152 151 204 225
137 25 1578 26 204 241 158 78 115 215 163 186 150 124 266 117 99 208 87 14 210 159 146 17 261 55 235 127 152 88 230 105 12 57 110 204 314 139 219 130 3 104 31 221 147 30 36 228 43 245 336 39 211
138 25 1320 148 145 95 127 97 232 56 203 146 314 115 149 27 153 17 159 106 122 89 33 44 138 161 123 123 338 218 67 125 156 229 173 200 173 149 246 201 251 19 15 100 147 67 218 7 124 42 98 59 85
139 25 1385 85 119 10 209 209 327 27 33 84 155 105 35 77 305 33 334 12 333 35 280 47 86 29 315 55 335 239 48 232 199 135 316 219 294 226 27 222 52 6 66 189 334 173 121 218 34 2 116 101 89
140 25 1284 94 216 143 328 156 43 110 304 77 177 22 270 3 99 43 204 60 299 112 25 239 195 197 62 12 33 116 165 48 217 203 141 32 248 18 187 140 329 92 68 6 165 139 110 163 281 215 24 129 326
141 25 1521 99 169 121 47 30 134 129 196 201 226 112 155 168 295 54 88 33 295 16 224 123 38 232 103 32 49 176 262 124 326 231 346 23 310 182 253 155 32 31 18 136 98 190 185 246 334 103 269 96 75
142 25 1556 59 297 13 179 107 290 240 80 166 170 178 90 230 159 42 86 92 74 104 177 122 217 18 158 63 2 162 333 199 87 193 95 47 255 225 303 245 165 234 262 184 61 51 265 121 342 1 12 16 256
143 25 1426 41 39 124 8 48 186 161 10 71 309 198 213 106 144 70 280 248 266 44 81 177 230 244 329 94 314 170 296 178 187 3 118 127 277 175 264 38 186 234 46 35 249 1 180 20 333 37 76 209 15
144 25 1711 55 252 143 251 168 114 48 145 201 153 164 129 131 142 205 144 179 140 130 77 76 230 177 5 211 233 237 187 142 203 93 93 45 345 112 308 95 208 10 297 221 341 229 215 245 122 37 103 69 62
145 25 1609 184 298 169 134 58 101 222 46 242 174 189 187 168 135 48 128 79 306 89 27 178 329 155 242 124 279 35 160 133 305 123 317 52 241 200 310 244 72 57 85 45 145 23 65 82 171 144 162 176 332
146 25 1499 189 305 213 345 97 188 75 333 199 258 187 171 24 341 214 323 52 7 246 258 43 243 205 316 59 286 136 102 47 63 35 87 117 347 134 15 184 110 149 332 17 238 55 42 28 168 217 329 76 12
147 25 1435 38 218 104 242 183 164 129 318 215 76 82 302 114 1 98 349 115 284 159 316 117 277 53 21 169 80 40 135 10 315 96 247 85 202 39 167 65 117 187 82 194 118 233 110 170 132 8 87 167 18
148 25 1518 2 86 45 254 56 65 133 248 199 344 164 146 40 348 49 28 117 316 97 253 172 231 92 164 59 178 131 128 81 116 74 284 173 288 118 72 188 61 238 84 150 235 234 130 101 349 176 255 147 167
149 25 1633 177 229 118 320 143 326 199 225 205 329 242 129 162 316 166 131 90 4 241 77 39 292 61 272 71 314 221 298 120 269 165 248 148 132 17 342 59 317 13 295 109 291 108 276 238 115 14 130 141 202
150 25 1661 72 304 175 294 169 347 92 88 216 6 38 215 139 156 106 197 223 223 209 219 183 102 27 108 12 166 75 25 48 215 178 321 120 104 66 38 201 307 166 114 215 32 152 220 87 248 194 261 159 13
151 25 1586 195 312 241 2 225 8 28 1 107 43 130 227 214 283 143 202 33 51 31 200 165 147 66 16 219 266 12 331 26 324 175 239 216 29 213 173 156 63 30 50 192 108 126 50 67 9 103 147 60 67
152 25 1926 193 43 184 110 161 151 123 292 76 196 168 164 211 346 128 336 202 242 117 251 233 324 164 261 26 132 119 78 178 80 246 22 222 29 84 83 230 156 126 257 54 143 73 316 89 250 203 142 242 319
153 25 1525 92 76 245 308 36 270 189 56 249 169 244 342 7 274 227 141 3 35 116 162 88 109 84 305 99 85 8 190 126 178 183 104 172 142 89 343 197 141 232 234 44 140 58 223 81 62 157 246 25 246
154 25 1635 206 58 150 6 243 59 247 170 39 182 23 112 173 164 105 157 12 245 209 343 31 305 82 240 227 62 203 235 210 128 80 67 187 131 192 69 1 30 200 175 41 25 190 47 33 51 142 294 45 24
155 25 1322 198 129 65 226 242 167 10 101 244 41 70 83 21 42 63 162 12 113 43 314 40 286 38 31 182 320 134 75 163 78 50 312 156 314 89 350 131 98 200 226 19 308 161 262 71 74 124 235 119 137
156 25 1709 126 154 76 157 87 47 90 164 12 269 163 73 127 27 164 276 9 311 177 184 151 48 94 163 159 66 136 284 4 222 228 59 247 186 246 194 125 311 107 295 123 331 221 49 96 159 207 125 243 207
157 25 1475 172 88 121 282 203 208 66 254 112 87 31 172 86 316 219 31 42 279 37 89 52 117 209 152 61 257 119 183 155 77 54 192 197 87 44 104 152 49 17 191 230 39 178 297 107 58 41 88 246 179
158 25 1480 189 112 89 342 124 195 4 292 229 208 68 182 101 66 119 346 170 22 195 188 214 26 176 41 172 35 100 62 95 42 164 159 181 105 134 327 111 278 6 20 45 337 221 163 7 216 34 231 12 321
159 25 1409 194 87 99 285 209 33 36 272 106 231 114 69 39 294 125 222 70 335 149 75 105 246 214 27 58 72 244 343 52 106 13 348 42 311 34 52 195 69 124 252 199 89 22 139 132 97 11 103 233 311
160 25 1456 230 39 56 345 115 65 116 109 9 170 114 172 117 207 132 250 109 79 70 34 80 69 172 102 107 305 100 19 59 232 38 271 137 334 135 204 152 245 212 21 60 35 139 117 217 40 27 245 209 210
161 25 1377 76 29 133 127 38 87 26 56 197 160 87 285 82 326 20 18 131 271 163 42 193 172 177 81 245 272 64 91 25 268 211 257 95 298 45 322 106 242 33 144 78 164 119 47 182 99 18 94 210 67
162 25 1702 221 293 205 17 214 270 159 248 247 176 5 22 8 50 244 215 143 78 9 222 242 279 168 225 80 37 220 274 99 186 94 343 192 110 158 262 68 256 58 345 14 12 17 123 213 10 88 107 239 346
163 25 1894 28 282 176 48 106 255 84 275 128 134 63 73 126 254 232 134 65 1 139 74 248 254 138 164 202 325 159 213 160 336 195 38 233 102 192 269 79 120 141 192 180 344 226 113 61 328 203 186 225 8
164 25 1605 23 288 35 127 112 350 235 277 111 272 21 348 107 172 240 25 161 228 242 204 7 236 231 121 48 311 183 237 182 58 125 67 134 238 66 120 16 26 241 188 224 147 162 115 223 313 77 3 5 330
165 25 1317 159 90 63 330 39 273 104 71 9 238 130 135 13 175 21 232 42 196 75 130 23 291 187 148 103 63 107 195 10 348 91 236 233 297 209 191 184 38 78 289 203 104 36 45 206 60 74 279 235 266
166 25 1517 15 32 119 80 183 77 76 142 175 34 33 112 168 29 222 210 114 60 87 302 42 60 149 89 115 11 214 93 95 330 60 78 200 341 62 26 116 3 52 251 137 166 218 67 37 327 180 48 166 31
167 25 1602 61 159 90 10 97 57 70 113 101 66 142 60 145 193 52 156 218 69 60 272 69 197 187 238 13 75 217 145 23 284 225 333 144 67 93 123 213 55 175 30 248 87 224 140 238 281 9 7 91 80
168 25 1846 177 239 168 167 3 43 133 97 117 268 22 101 111 140 195 103 114 209 207 288 89 104 224 14 245 114 47 204 172 337 235 48 127 53 14 329 247 198 176 213 67 149 163 78 190 207 232 153 218 291
169 25 1374 90 106 96 266 71 241 81 17 94 102 105 178 201 181 82 165 212 278 64 189 42 81 139 255 160 228 163 291 130 130 33 271 37 229 88 308 219 168 76 14 169 281 93 22 13 25 186 224 104 151
170 25 1831 212 46 231 200 202 190 177 166 133 258 96 315 229 134 145 166 193 113 86 19 128 206 51 271 77 13 247 62 139 2 215 252 97 245 52 300 187 330 116 321 90 213 85 218 46 280 235 239 194 320
171 25 1581 7 274 28 7 246 204 221 92 218 209 45 82 61 292 228 14 143 14 145 158 84 184 70 71 153 16 102 38 104 147 59 312 172 136 120 217 190 290 10 209 199 5 9 98 167 74 183 218 198 18
172 25 1846 202 317 240 56 234 193 195 189 90 54 150 211 191 71 30 132 211 339 11 343 31 21 140 148 194 32 232 311 129 199 214 97 89 220 83 281 114 221 222 319 23 283 160 243 243 253 152 35 113 97
173 25 1609 115 233 88 64 28 19 145 89 249 94 4 246 184 273 180 264 139 300 186 157 222 70 118 167 133 161 69 136 47 84 232 111 70 175 146 238 71 136 87 314 189 84 99 264 215 13 102 264 100 60
174 25 1331 238 21 178 4 103 290 124 188 186 307 72 198 127 91 22 130 195 59 18 160 99 203 209 312 17 73 15 81 222 275 20 242 2 73 146 343 96 85 3 306 227 129 48 101 128 145 162 97 6 310
175 25 1750 50 14 72 116 188 136 98 109 12 67 202 265 89 247 107 237 184 336 141 89 113 221 139 13 122 66 109 183 114 142 163 230 215 29 117 153 178 28 164 245 79 279 235 228 237 71 211 323 161 251
176 25 1488 87 33 189 201 4 206 9 288 170 24 32 82 5 248 162 324 192 153 16 136 31 296 72 208 132 345 120 56 207 271 44 190 109 94 195 267 54 233 186 78 216 319 134 163 209 15 222 211 180 59
177 25 1653 44 327 232 3 160 326 73 116 235 95 59 124 203 255 18 71 158 102 6 187 19 125 171 332 7 331 246 80 142 27 240 185 221 187 112 49 61 329 233 105 140 258 210 44 27 330 151 31 138 188
178 25 1544 99 214 210 180 120 90 27 251 183 155 40 69 209 262 106 173 212 266 151 94 71 290 203 280 135 280 161 136 60 348 75 158 136 140 132 277 68 282 110 73 73 78 181 337 35 203 248 203 44 25
179 25 1305 247 298 4 32 77 166 19 338 64 245 248 176 80 87 208 8 106 291 69 228 166 49 111 154 33 65 51 35 22 46 59 269 44 164 2 22 32 222 210 295 66 109 170 197 97 129 206 152 220 175
180 25 1375 132 237 23 44 40 207 158 92 94 282 138 254 50 283 20 103 4 1 24 115 145 241 123 216 187 219 247 244 171 216 18 4 54 290 93 299 154 34 142 85 86 255 164 340 161 114 113 125 210 203
181 25 1328 98 228 91 18 224 335 190 41 204 193 94 296 89 236 144 195 71 235 131 44 179 167 93 156 160 158 21 235 118 275 84 47 16 203 170 152 43 110 155 235 53 300 90 345 29 200 105 160 4 324
182 25 1612 116 11 46 250 130 320 185 226 87 288 245 288 182 206 45 168 108 196 243 149 141 212 209 221 212 115 80 229 121 233 104 37 96 49 88 225 119 325 153 155 14 349 95 195 55 141 112 264 238 105
183 25 1254 63 130 16 173 1 179 37 182 158 110 15 61 246 262 12 35 38 280 59 190 186 72 41 282 95 224 230 108 212 336 22 141 201 144 191 130 33 125 39 342 91 201 139 252 162 323 89 193 132 181
184 25 1495 79 205 171 162 173 167 36 2 76 47 87 48 39 89 93 130 20 27 56 8 120 46 209 108 197 122 183 287 115 16 17 43 220 287 106 142 53 41 145 179 239 83 78 228 222 20 109 343 147 214
185 25 1646 151 216 59 11 126 205 182 8 141 96 223 60 90 44 48 98 186 251 188 282 81 179 15 60 56 186 179 16 180 277 80 295 89 142 170 295 176 229 85 323 153 296 196 94 62 83 249 15 128 279
186 25 1627 179 237 184 16 65 151 195 44 229 127 138 317 120 209 11 145 237 148 220 139 245 334 84 338 45 119 183 245 83 310 24 313 48 309 230 313 110 124 58 138 152 145 7 122 103 319 168 241 137 29
187 25 1676 163 320 14 150 164 182 185 9 116 196 82 230 144 140 59 308 249 133 165 189 134 61 47 107 63 215 175 105 83 161 183 97 181 348 98 46 32 54 197 130 187 327 123 177 85 280 177 269 246 217
188 25 1190 155 256 13 11 120 328 187 224 112 148 8 160 30 155 157 125 136 339 81 35 20 169 211 242 195 147 223 24 168 320 190 122 25 155 84 146 21 171 47 220 78 156 1 284 12 27 52 7 54 71
189 25 1434 26 266 64 322 114 86 147 81 105 189 204 81 243 288 78 78 160 198 224 31 77 229 131 261 90 157 180 194 216 235 93 302 128 66 17 265 15 200 222 203 103 4 47 292 132 74 3 31 49 133
190 25 1276 208 177 13 268 68 222 49 61 139 85 227 281 138 306 98 154 72 162 53 143 166 8 199 314 101 132 37 204 62 137 88 321 63 203 131 74 38 43 162 172 121 144 11 276 91 315 148 255 69 242
191 25 1689 220 278 240 34 29 321 172 34 233 9 71 103 171 23 93 303 148 32 48 111 106 118 154 166 244 347 30 143 151 51 34 320 128 224 5 158 194 27 241 128 35 164 57 338 177 262 186 8 211 148
192 25 1440 13 328 102 331 223 200 112 315 200 312 249 221 42 24 176 249 67 204 40 147 90 55 179 348 92 155 59 79 114 119 77 129 30 109 221 279 70 188 130 134 138 50 25 11 175 29 132 166 125 271
193 25 1635 120 3 219 262 9 329 90 273 18 203 248 97 161 20 125 132 107 204 167 194 156 93 106 84 218 35 216 183 159 236 5 14 6 116 174 87 157 198 236 77 100 285 73 10 154 198 194 313 53 10
194 25 1345 208 60 153 314 144 120 200 109 4 160 146 308 23 254 75 297 240 284 94 127 110 194 161 182 55 166 231 298 130 186 108 238 195 212 3 38 54 298 86 113 46 194 138 149 20 34 38 153 29 264
195 25 1645 212 324 126 146 231 291 226 230 23 161 39 260 158 200 214 245 232 17 145 218 131 240 13 18 90 82 203 129 135 182 194 198 157 319 193 239 211 319 69 83 107 144 38 109 9 185 127 179 8 220
196 25 1803 21 125 159 205 228 187 39 311 182 286 217 150 31 308 62 201 126 95 181 334 90 269 192 49 205 334 225 235 142 332 154 215 7 314 169 84 152 157 146 133 44 112 184 126 245 326 248 189 157 82
197 25 1315 129 177 125 79 181 308 53 315 2 87 20 66 143 335 184 78 186 92 123 220 137 186 63 57 47 40 104 236 46 37 66 124 162 344 156 121 48 122 22 184 41 37 178 127 72 255 112 215 231 2
198 25 1631 215 233 216 23 80 105 128 317 3 15 184 176 178 179 32 100 226 303 72 262 196 260 189 222 134 146 86 248 74 16 99 90 201 116 62 132 21 242 23 58 183 98 235 111 31 136 188 186 207 251
199 25 1542 131 269 240 304 152 135 189 199 110 207 150 150 159 15 163 190 85 304 39 309 11 173 209 47 183 289 233 272 174 191 23 206 59 314 112 212 48 350 157 8 12 108 166 126 171 255 13 124 95 121
200 25 1445 135 317 179 333 201 70 65 125 45 6 47 3 16 260 164 128 59 115 190 117 73 101 75 188 26 45 38 168 241 311 104 158 39 87 210 160 1 134 205 58 132 157 224 141 170 253 234 242 18 158
201 25 1448 42 244 146 19 188 42 59 257 32 169 11 191 49 201 219 301 86 223 109 18 179 134 8 300 61 335 177 80 193 70 123 290 238 62 231 296 68 14 66 130 155 175 80 207 93 131 92 115 191 9
202 25 1633 45 226 169 46 61 181 130 339 10 172 234 111 247 95 93 45 64 257 210 344 213 286 175 271 28 105 162 94 95 73 40 270 241 235 232 221 117 122 182 238 181 315 51 80 59 43 26 272 201 37
203 25 1560 217 165 23 42 85 150 148 347 46 145 171 235 16 63 72 350 185 338 21 16 227 254 30 177 190 22 62 263 222 248 232 287 170 325 71 172 122 169 219 218 89 253 84 253 226 235 137 313 55 2
204 25 1875 140 60 133 166 246 124 187 207 87 111 205 320 247 126 144 219 149 17 190 117 185 30 170 120 83 147 154 269 160 160 73 251 20 205 168 215 129 207 174 167 217 130 236 165 85 4 97 24 72 131
205 25 1710 154 93 150 336 90 55 56 349 215 128 1 236 185 268 202 265 124 125 231 242 104 18 6 311 48 241 14 144 216 37 27 119 30 326 206 19 183 312 219 47 241 219 232 25 136 183 191 62 160 171
206 25 1396 53 165 90 161 25 237 103 240 133 268 77 259 39 56 186 246 224 218 209 242 14 250 160 347 226 47 132 167 110 243 189 213 7 129 175 182 17 179 171 349 48 347 57 238 102 293 34 277 212 142
207 25 1321 118 28 43 79 26 269 128 157 37 187 49 25 1 258 105 177 189 122 155 311 122 253 208 331 242 161 125 75 190 36 119 209 163 211 38 239 31 17 197 167 3 48 144 206 5 100 132 43 73 189
208 25 1606 5 295 193 112 225 184 99 61 164 186 179 172 199 91 211 289 222 277 37 340 82 334 135 289 138 235 22 132 57 310 187 201 204 200 77 340 76 77 50 39 63 128 163 313 20 273 203 41 202 339
209 25 1609 233 85 123 119 25 62 203 296 146 260 58 282 112 61 183 341 9 67 151 199 231 28 11 245 236 297 240 89 136 224 110 343 49 121 97 246 218 208 3 1 172 166 84 262 217 94 130 268 42 63
210 25 1420 97 305 157 98 242 56 188 130 143 13 156 202 7 206 74 304 1 42 61 206 192 82 73 127 45 189 70 275 8 314 137 157 220 95 154 111 50 43 92 292 158 297 164 152 119 317 52 262 180 259
211 25 1555 55 163 81 34 58 72 205 232 229 18 220 287 137 266 43 349 118 187 40 311 244 336 206 210 189 126 128 343 39 257 101 293 70 332 126 179 153 183 210 183 100 231 122 89 98 66 37 165 102 279
212 25 1734 126 98 214 183 207 5 108 284 97 146 243 247 90 214 230 18 142 82 203 67 201 285 88 91 182 53 30 199 56 258 124 203 23 156 209 327 15 245 225 60 239 22 101 54 151 118 145 285 19 149
213 25 1698 203 122 33 292 212 116 96 191 64 251 50 89 6 223 196 64 201 310 210 126 221 300 199 74 53 151 193 97 85 112 247 39 131 330 244 47 125 87 112 178 136 53 133 10 198 11 10 210 38 182
214 25 1613 59 236 5 162 186 50 160 273 11 107 145 37 143 90 85 19 76 199 246 314 153 278 123 302 178 333 63 237 170 297 245 307 103 206 193 52 118 67 162 174 177 208 69 298 99 290 223 49 35 86
215 25 1244 151 215 11 204 192 345 17 128 115 172 23 267 80 167 119 247 233 332 72 260 40 35 187 235 33 56 149 185 20 159 91 161 5 159 88 21 73 261 44 141 140 12 9 138 195 243 206 234 196 135
216 25 1611 172 80 6 34 115 111 182 151 132 292 91 342 197 149 31 69 223 143 214 164 83 276 224 172 120 118 131 125 201 26 211 172 157 268 8 71 180 339 22 11 233 14 4 131 34 1 87 27 165 302
217 25 1457 161 342 26 232 61 143 14 87 146 41 49 269 98 217 126 170 46 67 93 209 149 207 212 81 23 48 231 309 176 147 86 138 38 319 100 230 233 338 25 25 237 94 224 305 121 294 102 237 138 10
218 25 1512 37 296 124 267 68 221 150 29 146 98 41 31 38 178 51 137 59 135 177 186 160 213 181 283 219 251 178 120 88 316 232 324 213 105 43 331 75 344 161 222 143 251 154 280 28 204 169 88 89 145
219 25 1720 123 300 109 3 232 127 104 62 248 193 77 131 166 241 185 10 171 11 205 31 182 48 133 285 129 160 141 347 98 81 72 30 249 325 161 227 228 124 27 222 100 207 139 41 144 199 13 56 5 246
220 25 1553 140 4 78 176 83 290 216 129 39 196 122 310 225 20 234 288 149 313 11 277 184 13 133 23 55 178 123 69 127 314 81 94 198 115 16 243 171 63 14 330 138 136 227 336 178 239 12 212 153 44
221 25 1625 36 257 124 58 126 257 136 91 81 18 236 330 82 18 247 177 140 260 90 170 149 77 35 25 162 262 65 323 175 118 169 112 26 192 71 303 207 44 182 176 79 213 208 199 160 286 188 319 77 9
222 25 1637 217 304 243 143 17 307 109 140 83 126 210 145 102 301 215 254 23 99 33 99 230 295 208 128 206 143 67 124 169 326 92 124 18 186 41 326 245 232 9 320 5 73 71 327 244 144 175 176 242 156
223 25 1701 72 251 33 78 143 250 153 213 227 47 39 46 232 79 22 76 160 182 148 300 136 270 92 6 46 135 151 123 212 344 180 185 44 13 162 88 164 67 201 90 13 241 235 146 169 308 239 221 129 76
224 25 1766 240 222 34 188 156 184 62 117 178 191 103 223 55 167 111 68 33 63 209 147 3 246 242 73 153 315 202 144 235 332 219 127 104 314 158 240 127 126 169 67 228 91 172 44 101 291 115 52 124 19
225 25 1622 97 318 241 301 132 242 94 269 123 115 45 75 120 160 134 59 236 11 29 254 89 170 227 84 222 68 12 287 121 187 55 19 204 198 169 238 115 308 64 131 52 340 102 313 174 161 248 236 139 53
226 25 1595 224 210 30 10 232 49 223 320 219 311 76 337 117 273 57 154 164 321 61 79 153 264 118 5 226 293 217 25 29 7 127 104 8 113 50 106 37 21 74 198 248 212 214 171 19 69 236 91 31 214
227 25 1492 194 244 33 150 71 26 16 97 204 274 225 109 142 33 224 343 88 260 113 14 209 261 172 233 95 90 20 86 83 231 17 115 230 187 97 85 197 220 12 56 62 244 79 154 183 140 69 348 149 31
228 25 1455 125 222 213 19 212 82 104 183 166 334 150 182 115 88 126 111 72 331 136 79 44 231 209 249 15 99 169 213 149 49 187 170 161 255 31 194 111 116 11 296 17 245 206 170 71 230 43 3 67 272
229 25 1428 198 97 30 149 164 328 217 326 76 216 14 96 178 70 28 324 130 295 136 328 13 280 88 19 101 110 150 94 165 69 215 12 244 160 24 327 105 101 144 68 71 290 78 96 119 274 82 298 87 61
230 25 1390 35 207 62 297 158 207 61 126 21 24 45 266 36 324 241 312 131 344 157 50 79 339 170 325 60 244 106 257 182 318 144 288 81 40 97 287 202 75 9 227 219 225 112 292 217 173 124 110 31 324
231 25 1476 103 310 62 222 134 271 117 191 230 348 8 73 237 41 14 234 77 117 110 286 143 78 5 171 130 179 195 340 160 68 242 21 81 265 106 254 84 296 33 133 55 107 220 295 122 255 174 288 111 82
232 25 1581 193 274 38 63 153 267 59 142 178 26 135 150 159 252 5 262 185 200 96 17 106 204 238 201 75 94 126 114 7 236 147 151 9 85 64 113 203 172 55 282 200 241 131 8 244 137 171 330 186 168
233 25 1576 49 241 71 186 243 197 30 318 212 188 205 108 41 315 144 4 78 298 77 134 179 128 24 111 87 120 147 7 149 34 226 247 148 235 69 344 216 89 207 305 65 95 58 160 200 287 8 227 220 336
234 25 1696 6 245 199 93 214 145 99 265 29 227 13 255 74 349 25 18 164 113 174 71 158 90 215 217 150 217 53 159 145 24 46 50 218 194 242 282 191 43 248 319 119 310 175 292 209 201 11 74 216 187
235 25 1758 194 123 126 111 41 327 27 95 237 23 68 233 172 35 26 16 216 58 65 336 178 227 62 69 135 13 130 258 78 16 154 52 143 116 122 244 138 158 166 205 140 139 239 268 204 7 233 13 223 271
236 25 1458 190 149 182 209 135 246 40 195 75 7 248 226 51 163 69 122 8 108 132 123 12 273 111 3 140 217 11 125 179 83 95 171 234 278 29 168 24 20 212 150 78 211 178 78 175 198 152 32 156 235
237 25 1783 206 267 7 19 19 347 85 79 223 265 114 317 97 46 215 316 171 86 130 171 63 142 48 143 217 195 194 150 152 28 58 219 186 276 189 332 162 170 156 226 183 22 213 281 120 27 196 240 163 177
238 25 1549 160 177 219 209 119 87 56 264 36 157 93 143 127 79 170 116 212 181 135 268 107 219 191 169 151 310 97 196 202 261 125 61 40 143 22 208 129 277 174 266 118 211 12 246 130 177 210 261 63 329
239 25 1627 169 283 221 287 233 181 185 230 84 148 54 44 187 196 67 46 126 345 119 142 130 137 102 93 234 81 69 245 43 333 223 261 65 94 49 299 76 236 78 59 132 254 129 323 114 105 117 235 248 348
240 25 1601 71 49 90 6 181 160 201 226 94 275 36 10 70 287 158 47 22 136 7 204 219 313 172 47 185 187 203 53 221 350 103 243 150 292 49 131 54 301 156 197 227 293 157 197 229 316 145 50 3 302
241 25 1711 105 71 66 326 170 350 15 24 4 35 174 56 128 223 150 328 5 53 12 51 104 255 209 302 135 25 147 137 127 100 91 150 215 319 221 316 233 244 171 119 219 27 196 292 176 23 148 30 202 210
242 25 1573 180 56 66 139 159 2 115 155 38 43 56 329 144 22 199 16 187 31 160 308 101 328 236 347 21 113 121 121 94 273 32 23 230 199 13 288 229 245 174 300 18 267 74 216 33 110 248 344 219 348
243 25 1523 23 156 246 346 170 317 166 13 41 49 138 170 247 150 9 96 231 153 135 304 5 2 72 28 219 304 189 218 249 310 18 222 65 163 19 185 184 197 123 334 134 292 80 336 3 325 218 155 62 121
244 25 1494 161 13 44 238 34 248 177 203 248 288 220 171 102 185 139 38 167 124 37 40 7 222 33 336 9 135 13 176 192 124 198 302 138 42 23 91 118 126 238 257 47 59 210 331 247 148 150 21 36 89
245 25 1646 177 207 73 265 66 310 127 193 151 150 91 2 189 332 193 162 174 312 187 111 168 83 121 130 216 20 115 192 14 155 70 177 134 287 186 60 232 338 61 222 42 250 5 286 63 228 248 149 190 267
246 25 1789 83 263 246 50 132 124 116 123 237 270 142 259 99 276 247 186 137 278 74 300 151 315 155 52 213 334 49 163 226 18 138 215 147 119 91 162 141 129 32 284 87 132 159 186 117 148 163 292 197 216
247 25 1942 8 97 172 110 59 306 210 121 183 29 117 220 244 315 190 186 127 182 114 10 65 153 241 126 238 259 223 252 103 19 167 60 89 321 175 196 231 147 228 11 115 249 156 182 91 308 121 7 217 287
248 25 1833 109 259 112 298 119 136 199 321 104 118 81 70 56 153 246 203 183 44 32 344 211 282 149 92 221 92 249 141 148 167 127 256 227 291 203 195 26 203 66 32 220 348 53 327 200 349 181 285 144 212
249 25 1860 80 104 243 280 247 263 171 45 155 118 163 84 175 41 224 179 188 251 84 5 82 305 204 185 134 303 35 64 239 178 128 118 222 48 130 87 170 277 191 140 241 176 14 132 1 295 21 252 178 325
250 25 1248 35 82 78 321 67 232 55 31 71 285 110 190 70 281 239 249 117 61 27 110 100 68 187 315 101 88 59 123 141 188 97 125 22 26 48 38 107 4 218 329 38 327 121 259 10 161 158 76 221 286
251 25 1325 137 70 155 74 35 307 11 95 79 103 33 327 29 4 52 276 141 61 30 261 169 39 128 98 74 237 126 344 172 312 114 129 187 250 49 146 216 251 78 292 80 233 146 7 226 156 36 336 148 107
252 25 1631 176 111 184 274 84 72 199 227 93 12 92 173 249 143 158 347 239 25 98 168 216 329 151 213 35 278 220 73 15 318 81 240 128 14 13 311 185 213 189 129 125 81 2 73 223 11 21 161 87 118
253 25 1865 231 152 248 181 15 35 210 184 159 324 203 239 163 30 104 26 142 290 238 131 18 264 111 171 188 235 233 9 69 278 228 123 176 310 89 210 169 274 70 192 127 158 156 58 13 231 200 302 171 132
254 25 1712 21 336 94 342 174 28 226 132 25 97 59 4 119 36 63 309 247 333 232 316 224 108 225 30 18 287 62 167 138 134 98 59 70 91 152 243 229 176 197 225 136 300 95 72 113 203 195 85 212 52
255 25 1777 111 249 63 279 188 49 128 148 68 270 201 212 240 280 239 136 156 26 87 201 49 149 153 169 246 137 106 218 233 167 119 243 117 183 124 307 31 1 206 200 171 57 213 262 93 229 135 293 77 36
256 25 1406 98 295 181 86 50 98 218 119 18 63 187 350 36 245 183 36 151 34 58 207 197 19 96 99 219 238 27 104 133 104 39 282 150 171 67 152 220 35 20 39 49 208 138 284 3 222 119 253 156 229
257 25 1460 61 152 97 56 202 266 195 29 21 229 184 111 10 133 83 329 134 152 65 5 140 63 165 29 196 117 153 116 171 308 194 81 11 43 238 114 60 184 144 82 213 227 92 24 12 274 2 247 77 318
258 25 1551 2 218 30 68 196 177 184 100 243 156 7 88 186 119 32 325 183 193 58 176 124 22 5 115 16 190 49 64 66 167 217 283 246 184 181 175 167 80 19 324 239 6 159 209 190 335 132 143 171 206
259 25 1500 214 75 72 209 42 312 208 305 127 26 122 310 123 255 190 197 124 171 65 47 159 121 108 318 162 42 110 293 234 80 48 150 56 270 60 197 33 19 104 59 144 25 20 67 181 261 63 306 232 28
260 25 1809 3 190 100 212 109 311 103 169 155 239 55 190 156 76 149 4 58 18 207 166 161 133 236 279 214 246 92 169 129 21 223 319 170 336 229 82 241 49 186 81 240 270 117 268 9 124 35 18 242 148
261 25 1648 100 229 76 165 226 267 136 55 89 260 225 58 246 253 141 88 2 229 118 202 168 87 157 187 4 167 60 91 84 51 188 136 129 115 52 205 134 237 61 272 249 235 82 346 237 72 183 240 150 250
262 25 1356 91 120 36 197 56 339 14 67 31 349 18 118 86 198 83 38 204 66 176 264 39 176 48 270 121 87 92 253 226 93 102 67 12 289 165 319 130 230 136 310 229 153 230 316 2 264 155 6 231 231
263 25 1593 219 269 106 219 139 227 5 180 131 82 174 235 186 173 165 254 54 244 91 14 24 45 193 240 97 308 94 4 188 76 224 6 132 292 210 48 175 242 99 126 136 101 45 41 4 139 182 319 114 176
264 25 1604 113 103 224 320 249 177 7 176 101 215 109 344 10 70 242 35 112 323 135 239 105 222 41 250 212 295 240 195 215 53 21 78 8 194 108 173 6 233 73 272 92 66 181 61 209 317 183 51 213 38
265 25 1473 74 203 187 336 149 278 30 14 130 2 191 89 248 91 96 170 46 181 144 69 22 261 134 170 216 208 2 19 70 239 242 274 77 229 73 254 11 236 86 212 228 276 120 224 82 16 54 25 234 27
266 25 1517 86 85 60 257 51 69 8 71 190 149 62 64 77 41 186 333 201 323 220 264 52 95 225 271 120 58 188 173 133 324 70 210 113 76 10 281 185 332 71 133 244 286 160 336 221 194 88 345 13 301
267 25 997 198 107 127 120 27 85 10 201 19 333 2 138 242 216 15 104 96 349 35 18 32 30 53 343 165 325 86 204 21 350 7 168 106 333 40 134 49 137 139 233 240 278 26 5 92 131 152 291 16 320
268 25 1349 174 47 74 18 14 201 5 67 71 4 123 291 161 158 32 45 126 280 133 15 12 122 92 189 76 36 120 229 178 337 100 1 233 74 20 246 24 115 146 329 87 138 239 96 169 85 172 50 117 288
269 25 1709 111 340 231 202 17 66 221 146 45 157 195 147 189 218 16 237 193 291 1 141 219 289 180 310 235 49 146 308 198 65 147 111 204 229 12 321 97 284 66 91 40 260 138 80 230 203 218 24 70 316
270 25 1676 216 11 246 127 197 246 23 154 245 37 202 255 90 230 18 212 26 103 227 219 242 39 156 74 68 110 243 143 55 263 9 71 173 154 147 119 199 321 174 193 157 227 200 249 8 69 10 36 22 239
271 25 1507 154 165 177 9 38 46 218 33 125 295 46 197 219 251 245 289 99 166 214 294 24 40 195 24 49 63 234 134 34 174 189 201 100 197 140 145 67 272 84 243 68 80 39 36 30 85 224 81 2 289
272 25 1501 124 26 80 18 101 229 182 334 164 268 109 3 68 58 201 7 4 269 81 138 161 98 69 51 184 348 186 259 180 187 150 55 64 129 222 215 209 106 100 323 73 309 77 292 18 127 50 324 146 180
273 25 1677 63 206 130 281 209 213 228 194 173 310 182 74 164 348 153 238 114 11 243 165 85 167 125 261 158 245 40 9 118 235 189 130 92 268 60 300 232 139 45 6 148 279 180 112 28 84 49 91 146 143
274 25 1579 205 31 59 332 243 218 176 84 126 93 68 216 74 12 85 83 163 18 123 58 174 273 138 255 36 215 186 107 135 128 111 65 238 144 210 105 69 43 32 263 13 348 134 170 38 102 245 297 77 267
275 25 1493 234 181 152 100 20 87 156 4 16 19 121 253 12 332 159 333 126 92 145 140 91 333 115 325 154 5 128 298 101 154 14 187 86 117 186 257 205 294 212 172 62 84 176 123 5 43 228 152 82 168
276 25 1463 34 99 144 87 53 171 187 205 76 202 43 63 69 129 219 125 172 183 197 185 216 324 157 133 160 214 25 87 117 158 56 102 6 152 188 160 174 24 165 250 28 207 114 346 37 235 72 10 217 20
277 25 1730 144 134 94 303 216 153 18 90 241 134 198 248 135 305 199 224 215 173 150 129 224 77 187 337 124 274 123 145 89 165 29 223 10 231 88 112 50 30 104 133 229 201 67 33 52 42 247 224 227 249
278 25 1462 167 16 187 192 239 60 87 23 148 303 3 172 12 135 62 175 84 141 80 266 219 130 184 53 131 126 202 206 118 78 6 185 193 293 176 183 2 164 8 149 116 110 123 179 147 234 205 180 26 84
279 25 1738 98 196 216 331 198 348 158 51 104 276 179 109 162 23 153 287 108 204 53 167 155 170 78 277 249 124 62 305 204 137 89 3 182 54 183 31 1 241 232 56 218 12 167 229 86 169 67 345 75 219
280 25 1276 11 329 139 239 5 189 62 18 145 117 4 333 19 287 138 254 119 41 246 2 48 263 65 16 91 1 135 107 47 9 128 308 39 318 146 195 208 9 102 126 167 37 46 255 176 299 173 66 94 177
281 25 1704 66 308 41 131 248 143 117 7 90 125 236 49 113 253 144 259 162 54 170 263 81 286 51 27 140 127 77 15 244 173 243 109 180 135 190 228 30 6 36 171 233 321 219 347 225 264 56 36 17 177
282 25 1728 98 113 51 126 154 327 152 270 20 74 14 231 104 199 120 233 178 277 111 40 218 8 116 183 215 251 49 241 102 248 203 2 73 259 30 77 230 100 244 132 205 242 201 189 171 329 208 220 190 99
283 25 1880 239 347 214 321 63 16 69 103 20 169 158 321 93 166 201 69 197 2 21 340 183 175 235 166 103 163 223 24 104 324 112 102 132 314 157 53 117 226 221 324 96 213 241 98 232 237 101 104 229 33
284 25 1603 180 61 119 245 14 334 20 87 137 93 101 39 181 182 102 239 34 220 114 104 93 310 169 285 209 202 224 110 105 2 194 34 112 313 81 277 96 200 216 232 144 216 172 76 47 74 115 83 228 338
285 25 1552 38 189 206 24 100 109 47 309 163 150 102 249 212 16 231 290 111 330 5 345 75 122 218 300 219 93 114 53 186 144 40 125 84 298 183 56 91 271 146 345 71 109 60 101 101 123 232 305 69 106
286 25 1524 27 136 157 47 129 273 201 66 66 290 92 1 189 291 184 95 137 76 117 135 22 137 195 232 89 245 206 270 2 74 227 230 59 33 78 239 5 328 204 172 17 295 173 306 136 308 152 274 185 18
287 25 1472 110 57 56 57 140 344 201 245 65 302 220 241 81 130 25 60 169 182 37 322 53 304 19 327 111 106 136 64 231 271 131 41 27 188 247 218 181 199 214 47 103 33 137 285 62 163 45 332 144 31
288 25 1666 56 149 236 174 227 348 181 13 61 261 183 293 103 61 80 199 78 112 41 158 102 25 196 86 238 59 180 320 204 111 2 48 152 279 46 282 193 106 242 25 149 295 37 330 45 316 192 144 108 51
289 25 1153 145 332 197 183 21 157 62 90 210 174 66 164 22 167 144 69 150 336 24 92 88 200 104 284 165 95 28 122 45 174 55 243 8 25 201 222 13 197 82 176 70 201 71 288 152 8 12 145 171 135
290 25 1427 232 170 138 68 34 34 197 257 181 120 211 25 80 185 76 301 51 238 235 63 17 137 85 304 194 217 33 214 4 316 141 33 220 127 129 226 59 251 188 283 30 22 8 280 125 45 78 59 109 46
291 25 1438 95 343 52 232 238 18 14 53 171 30 37 264 164 206 42 193 233 100 243 222 32 72 244 190 153 320 134 30 78 143 28 24 79 57 25 198 223 27 121 104 116 236 117 73 29 159 58 328 151 329
292 25 1424 11 322 174 350 176 343 36 108 72 330 35 195 18 165 202 194 164 326 223 136 229 88 21 45 162 249 4 69 28 256 48 189 30 223 190 305 216 177 212 189 206 198 234 26 37 219 78 62 43 113
293 25 1618 40 130 86 336 144 336 91 312 14 247 11 4 126 34 195 32 151 322 246 239 79 93 124 304 109 312 225 36 73 17 214 299 85 102 142 23 105 188 238 268 191 65 51 335 147 153 156 342 193 37
294 25 1371 234 267 240 142 78 116 129 53 83 81 68 81 65 71 74 139 113 28 126 150 145 166 47 303 63 1 60 104 144 96 39 262 238 131 241 3 111 145 135 341 15 17 8 185 140 246 97 270 49 214
295 25 1483 241 315 213 293 27 63 103 180 158 250 18 319 87 100 210 140 111 206 24 153 170 93 60 155 82 308 1 101 81 99 167 321 115 331 216 291 245 220 120 253 19 90 223 58 91 282 97 153 88 272
296 25 1746 106 259 164 17 13 348 126 214 200 258 218 31 29 148 196 71 193 315 243 47 235 82 169 292 72 153 140 225 142 212 82 350 127 348 224 276 128 76 133 343 113 321 191 308 44 185 24 186 181 111
297 25 1376 119 101 154 292 153 144 18 344 155 299 146 183 49 208 209 24 137 84 108 79 226 221 200 168 130 45 104 54 136 316 100 287 19 41 91 312 159 137 68 109 132 301 9 291 11 184 27 194 92 105
298 25 1765 71 62 106 291 191 350 44 246 181 82 61 130 118 182 171 160 243 331 46 63 141 29 215 250 169 275 235 345 218 76 102 240 239 207 80 132 157 274 79 237 155 192 219 174 173 339 35 317 81 29
299 25 1588 61 109 143 62 130 117 47 26 186 174 27 276 213 134 155 46 242 180 174 180 136 65 148 311 87 138 146 54 160 328 32 71 38 77 134 117 245 32 93 31 6 221 108 120 204 14 165 297 96 38
