0 25 1728 119 398 81 73 208 135 238 287 48 323 51 325 221 298 69 127 145 299 45 132 41 365 120 109 91 274 166 189 192 180 204 360 229 384 82 186 70 322 222 317 196 124 143 266 172 112 142 318 162 189
1 25 1838 52 103 203 321 13 246 146 229 134 288 210 389 249 40 222 183 226 41 104 249 10 251 173 102 168 346 113 11 215 127 199 168 79 304 141 391 149 138 121 134 225 82 72 176 43 358 197 85 213 147
2 25 1853 194 215 19 96 132 16 60 292 133 386 93 350 116 346 242 157 96 80 179 179 206 361 152 231 82 296 140 380 230 104 226 326 168 197 121 151 14 232 193 346 70 85 248 335 232 189 243 27 118 322
3 25 1770 157 276 32 8 206 315 205 198 94 234 151 19 209 171 165 131 71 379 213 315 176 84 149 123 68 332 14 61 58 83 232 66 158 215 225 64 79 279 163 22 215 113 92 223 233 159 156 89 20 70
4 25 1528 64 303 169 39 220 352 102 332 162 384 113 327 94 79 202 309 157 230 221 180 196 233 22 69 118 282 176 223 120 145 42 333 97 312 123 318 224 250 77 160 14 3 3 193 106 361 101 88 133 83
5 25 1318 33 265 6 353 134 87 178 58 106 22 50 340 70 213 13 338 128 38 37 104 247 252 7 201 96 364 197 51 145 381 84 362 186 288 147 224 116 255 129 139 56 170 159 368 132 96 146 70 34 51
6 25 1465 68 37 59 371 133 73 135 379 175 132 111 10 145 96 48 241 69 63 47 149 1 202 168 359 222 302 156 117 223 191 169 140 78 228 162 260 250 49 140 374 30 100 34 224 147 233 66 17 95 63
7 25 1829 217 47 214 386 208 385 137 363 153 209 6 124 1 285 151 314 144 202 162 285 27 141 236 62 216 82 94 332 50 188 118 235 209 103 92 146 240 106 200 211 173 50 245 223 66 190 74 277 226 151
8 25 1297 20 361 12 285 194 106 16 43 145 161 110 31 72 263 222 67 54 280 66 353 42 89 55 89 163 222 128 239 198 304 189 19 64 152 9 71 102 6 34 364 136 105 210 171 33 89 88 237 232 26
9 25 1862 43 170 239 364 248 79 64 303 219 32 118 170 37 327 131 358 181 288 241 46 123 245 223 84 117 107 124 304 243 206 132 38 225 122 151 22 150 366 26 218 198 394 86 272 119 193 152 108 135 47
10 25 1470 81 81 71 66 197 279 240 303 22 395 134 259 69 305 161 343 4 177 20 321 26 163 109 361 237 80 6 388 37 390 219 23 159 235 19 38 176 371 61 370 154 21 190 10 231 184 113 359 204 33
11 25 1383 186 68 194 349 204 323 154 394 59 395 180 230 69 90 66 390 127 391 210 289 10 66 109 201 75 92 235 140 102 290 22 38 7 15 38 363 89 343 6 350 39 287 129 258 226 194 47 55 184 158
12 25 1772 243 95 73 204 197 250 145 183 141 248 72 112 135 381 229 174 67 116 248 268 105 136 46 262 213 191 110 117 126 217 12 372 142 167 219 193 211 353 133 308 175 196 45 5 124 318 97 193 236 196
13 25 1739 210 390 81 58 153 345 198 214 62 126 80 25 197 21 241 267 65 203 120 297 212 196 93 158 68 28 13 245 172 354 177 131 208 71 180 321 234 55 2 108 154 275 22 39 141 336 218 336 178 175
14 25 1548 137 297 204 136 59 118 32 32 123 58 212 130 131 43 2 164 200 304 124 153 180 25 68 29 117 103 96 54 182 172 141 331 78 228 189 395 210 320 18 169 83 147 149 75 201 13 24 356 136 276
15 25 1680 235 260 102 252 90 68 57 237 221 340 161 213 220 238 243 158 132 152 29 249 111 348 38 400 233 211 205 320 39 391 181 340 194 323 209 52 159 31 44 71 96 213 158 188 23 92 141 303 40 162
16 25 1808 14 239 182 51 240 366 213 96 235 251 86 368 242 232 140 52 233 400 83 178 71 230 141 330 219 265 221 211 167 313 172 130 203 206 82 293 45 388 58 147 176 327 139 257 168 340 67 374 19 189
17 25 1623 5 211 69 123 25 91 183 193 3 257 75 58 162 6 234 302 89 143 199 314 87 122 236 228 63 355 104 33 143 308 193 213 81 269 204 315 111 258 71 335 217 184 216 368 244 57 62 242 170 83
18 25 1437 130 44 70 310 6 224 213 240 219 370 84 131 2 302 86 267 114 196 39 201 212 173 93 230 42 286 186 153 105 235 111 250 7 70 155 232 182 296 50 54 129 233 207 182 120 175 98 365 214 248
19 25 1465 77 288 90 208 229 177 143 83 8 299 120 369 249 326 88 205 207 122 51 307 225 381 41 131 15 260 106 162 127 21 109 155 108 300 12 238 178 54 186 352 239 204 102 114 141 257 71 314 9 129
20 25 1398 88 289 71 171 155 30 78 116 106 400 226 360 207 327 23 144 55 326 115 190 30 204 145 281 217 137 89 139 1 397 169 138 238 389 60 192 137 308 28 286 133 40 44 262 62 239 166 238 154 357
21 25 1447 119 9 151 299 75 37 88 16 37 336 86 177 23 175 138 365 145 275 174 272 112 158 63 208 19 175 46 234 214 251 190 382 159 42 182 136 229 171 3 117 157 288 195 279 14 233 158 59 118 382
22 25 1359 70 176 244 329 44 370 77 380 183 177 121 314 138 163 48 75 41 268 9 374 16 154 105 30 151 139 96 369 72 117 66 46 189 237 22 268 139 35 137 103 232 113 195 400 241 203 75 257 8 81
23 25 1454 36 245 182 24 92 400 146 309 95 363 54 335 199 277 5 320 176 95 55 15 47 38 227 91 139 368 45 314 76 153 244 61 49 377 141 376 33 49 172 397 154 357 248 182 163 67 107 157 23 123
24 25 1692 203 11 202 395 151 121 89 264 96 343 210 308 144 186 195 384 64 378 134 87 174 289 245 121 70 57 140 178 63 112 117 74 102 111 75 174 40 69 196 1 228 39 87 222 122 252 149 357 88 125
25 25 1881 245 333 95 314 239 336 92 154 100 344 20 73 195 333 199 170 236 289 88 381 89 117 27 338 141 278 237 350 218 213 94 100 209 108 140 345 101 193 144 94 165 368 240 347 217 259 34 257 198 64
26 25 1616 247 164 233 124 53 76 153 189 75 72 168 171 112 277 13 306 129 355 151 24 219 168 163 267 134 323 152 392 72 366 39 85 98 164 238 75 128 99 140 183 19 262 244 97 24 1 28 331 201 251
27 25 1441 68 164 18 104 238 19 95 360 136 135 96 336 185 10 168 363 111 9 47 281 170 240 129 246 40 356 226 40 107 26 7 122 162 159 116 157 118 1 93 66 86 93 10 64 58 370 210 238 189 399
28 25 1385 166 84 140 122 61 229 30 237 188 201 131 249 11 396 207 381 247 200 46 284 142 195 3 259 22 18 77 12 19 93 158 166 106 339 195 94 26 397 125 326 157 372 183 287 70 34 182 204 79 336
29 25 1484 79 337 174 350 56 352 161 226 94 8 186 161 16 274 157 359 151 353 235 276 62 259 160 98 128 143 232 333 69 60 219 99 198 342 98 253 95 361 31 289 20 366 35 239 58 96 139 262 116 25
30 25 1698 40 126 73 18 120 56 150 191 215 170 39 62 213 289 16 308 99 296 98 120 113 148 107 51 157 304 91 271 85 207 95 77 232 17 246 151 174 347 243 138 217 182 151 179 20 369 236 270 166 233
31 25 1433 41 29 183 197 129 389 72 259 187 28 6 13 111 74 158 13 198 356 56 187 222 87 88 251 208 306 238 329 123 73 69 101 105 66 132 393 67 353 104 53 82 261 17 242 234 74 4 31 32 159
32 25 1384 118 53 145 107 5 304 14 143 232 36 165 101 37 219 20 163 184 172 18 239 53 178 55 344 212 281 247 94 112 308 111 314 52 17 119 8 32 263 89 368 229 291 204 247 108 323 161 194 46 231
33 25 1414 182 100 8 286 193 71 66 191 65 379 198 27 143 202 46 13 209 327 177 399 244 255 140 349 151 249 123 13 94 268 25 367 53 263 161 273 30 152 39 359 1 16 204 363 17 162 163 135 97 354
34 25 1291 183 299 2 306 11 148 75 106 222 44 108 386 204 132 68 107 121 276 8 88 30 261 46 375 140 188 239 24 186 392 59 284 245 316 146 292 40 251 16 83 58 1 139 290 120 145 112 145 4 49
35 25 1518 126 217 171 143 139 60 131 363 47 172 221 280 16 336 226 160 77 228 75 362 188 127 150 179 247 96 40 93 2 188 219 268 187 91 62 127 103 142 89 99 65 61 81 132 96 308 93 275 185 17
36 25 1652 36 24 146 235 152 44 80 341 86 333 230 306 18 349 163 395 203 206 135 53 20 96 33 154 243 242 17 329 165 104 52 60 88 154 155 220 246 142 202 126 248 304 95 348 216 291 172 326 104 243
37 25 1466 173 337 198 15 178 344 34 106 8 387 58 319 127 163 73 48 108 114 199 285 13 54 30 12 172 72 113 195 47 267 89 369 103 337 236 332 130 171 240 139 159 399 157 385 11 29 32 320 244 183
38 25 1725 155 207 38 386 218 209 57 131 5 6 149 344 26 151 130 213 234 159 85 375 247 44 223 305 162 5 78 146 61 184 133 98 154 94 106 36 198 63 143 389 86 222 153 71 132 88 246 180 231 18
39 25 1788 234 110 155 368 123 11 248 218 121 33 203 220 86 148 127 373 47 340 6 90 228 393 211 80 114 195 219 109 174 249 178 10 59 84 179 383 244 226 103 216 109 207 135 196 154 312 69 52 51 76
40 25 1681 241 130 119 4 111 84 248 280 44 123 130 221 134 390 155 13 73 350 90 125 216 48 81 200 244 236 213 364 137 265 89 28 96 107 33 107 40 132 138 333 154 17 156 338 57 362 202 331 161 91
41 25 1490 155 76 91 337 78 286 172 242 99 58 7 287 37 4 246 19 12 87 200 399 72 356 18 77 95 326 240 146 156 300 188 310 128 230 248 107 65 369 198 363 56 202 115 10 49 385 21 185 235 70
42 25 1267 6 90 39 184 136 314 73 383 119 25 220 30 54 400 27 10 16 147 57 29 124 363 232 138 122 280 125 42 66 209 163 172 150 51 7 135 164 32 67 132 138 113 59 189 189 368 105 85 76 235
43 25 1748 211 238 116 250 59 247 174 203 62 132 215 385 33 268 242 19 181 323 87 315 30 277 227 288 165 318 107 319 104 82 5 114 120 120 114 80 218 287 184 180 171 51 203 318 224 100 29 360 216 258
44 25 1716 136 345 247 253 62 255 23 167 137 228 81 208 249 244 239 217 230 25 98 52 25 63 205 344 70 180 45 350 191 361 110 279 157 208 163 253 86 351 130 116 129 311 197 41 224 94 192 398 6 398
45 25 1650 141 177 129 336 127 220 48 238 248 104 45 228 23 59 32 8 209 112 126 70 142 386 120 188 26 293 131 70 91 388 169 183 165 148 143 319 167 80 216 372 145 144 185 226 204 95 189 179 80 164
46 25 1444 34 69 42 26 1 163 68 289 233 51 5 280 20 247 100 389 228 165 10 353 209 56 139 137 59 134 175 289 150 307 152 383 125 193 160 276 7 228 216 40 230 120 121 301 116 21 93 137 195 48
47 25 1595 208 234 184 366 69 160 106 168 66 257 2 41 52 61 168 308 240 383 149 69 102 170 70 19 92 210 161 278 162 7 175 169 142 108 236 62 68 291 29 285 200 330 103 343 194 312 32 126 180 124
48 25 1377 97 121 185 9 100 247 168 275 67 159 234 5 223 153 1 38 148 283 164 350 27 58 12 310 35 72 64 3 137 62 75 72 174 270 140 298 188 100 34 192 22 336 41 225 73 288 109 287 237 296
49 25 1953 199 96 230 122 10 295 174 346 157 150 69 331 23 238 222 23 26 371 106 169 145 93 9 371 216 47 229 304 236 167 249 334 212 228 155 21 123 130 219 31 29 287 213 3 227 184 225 54 204 182
50 25 1687 72 300 75 333 70 292 231 250 195 166 216 393 1 230 22 105 102 246 186 120 228 16 209 140 218 35 123 43 38 29 124 261 128 50 245 150 191 75 51 135 42 319 179 242 148 203 48 349 233 21
51 25 1531 26 98 129 15 16 365 88 110 54 366 35 216 245 335 111 394 127 387 197 314 229 215 42 20 64 146 68 214 244 352 84 21 200 164 85 117 228 324 126 83 141 110 249 86 96 211 31 223 147 327
52 25 1728 188 375 143 31 247 358 27 216 222 370 67 357 242 168 73 376 184 152 202 61 35 92 173 133 79 118 243 112 92 91 40 379 218 83 110 364 238 131 63 59 47 72 100 17 144 327 52 295 228 313
53 25 1560 181 222 135 213 102 104 57 13 198 150 103 278 117 37 39 82 228 376 162 191 134 60 214 385 178 357 112 280 3 41 192 284 248 164 33 107 128 180 56 130 160 374 116 248 94 176 70 336 61 181
54 25 1445 51 146 159 9 7 88 11 97 181 46 161 8 44 26 140 152 103 20 209 283 131 332 50 228 38 145 153 107 82 164 87 132 211 47 217 134 3 365 164 348 175 371 193 252 13 144 105 134 202 239
55 25 1511 114 385 190 293 72 335 196 380 16 11 219 50 221 265 139 139 49 91 53 314 41 330 187 383 183 399 227 137 34 228 177 197 213 117 189 86 153 336 18 320 98 236 19 120 152 110 60 2 2 265
56 25 1639 116 142 146 104 25 278 204 251 217 137 30 293 235 194 111 325 82 363 113 249 33 62 186 203 232 87 162 391 139 64 107 4 205 352 9 281 80 112 81 196 198 113 188 84 158 49 58 89 163 172
57 25 1485 87 197 84 324 200 15 211 263 207 99 228 164 204 35 65 112 115 296 173 398 41 22 10 131 5 319 231 64 8 93 186 296 42 69 70 241 185 230 55 343 128 333 56 333 67 173 144 281 168 230
58 25 1536 111 239 191 241 245 210 171 358 217 15 195 112 206 213 83 96 249 112 1 142 91 35 149 323 201 323 18 233 43 135 63 53 73 353 169 162 115 177 30 229 21 394 87 86 126 132 84 388 134 377
59 25 1739 180 220 76 205 70 98 72 5 90 257 217 44 181 371 38 400 135 54 28 14 150 7 221 37 83 354 171 222 199 103 209 24 7 179 174 381 35 65 187 201 219 171 98 320 205 2 197 221 236 399
60 25 1426 177 106 35 61 59 307 134 150 6 289 209 131 195 239 54 175 123 269 163 173 229 284 45 276 153 102 29 202 174 16 2 52 71 186 63 132 93 298 231 200 236 341 80 333 129 134 9 151 154 374
61 25 1597 225 282 7 122 59 11 75 338 64 48 55 315 199 378 203 163 209 97 13 341 96 150 184 225 132 12 160 93 165 263 16 341 46 322 214 157 134 140 146 48 137 350 114 238 177 366 152 387 212 364
62 25 1787 130 309 116 113 186 147 226 395 239 190 10 256 233 257 229 48 113 13 188 58 162 326 208 325 215 334 193 67 223 256 132 152 165 47 164 250 96 339 46 336 131 357 42 115 64 320 12 178 51 236
63 25 1608 145 227 95 172 191 80 214 359 52 221 41 103 87 339 168 138 234 209 84 372 39 242 63 355 7 82 116 185 66 17 172 260 245 118 83 135 197 348 196 101 219 386 3 105 226 73 93 312 181 128
64 25 1616 83 121 221 397 175 328 78 142 114 395 160 35 57 304 152 189 191 300 37 36 50 305 223 155 161 200 177 155 111 59 234 345 29 155 41 205 182 371 48 97 215 8 33 123 213 234 12 253 235 48
65 25 1539 140 85 154 212 41 216 14 369 21 74 27 204 157 358 61 313 241 233 110 39 200 217 72 32 56 183 136 391 232 76 177 37 239 169 153 202 137 175 228 115 28 198 23 288 58 135 180 293 194 221
66 25 1743 242 113 41 313 96 247 248 331 239 229 6 215 68 197 233 70 98 71 75 185 225 374 7 12 84 93 94 326 238 14 117 52 179 147 102 326 28 340 135 106 74 231 190 345 181 110 240 5 246 264
67 25 1500 179 204 128 364 148 373 239 236 38 255 87 243 135 34 145 363 13 286 169 97 44 344 233 288 58 45 227 64 92 242 194 46 57 245 93 245 80 330 1 367 173 88 152 167 150 14 4 70 162 347
68 25 1503 13 389 132 300 198 278 78 64 69 119 157 116 140 366 61 132 212 40 214 165 158 186 52 261 54 301 74 307 120 336 206 382 126 39 233 276 166 62 139 34 30 347 202 271 64 62 105 26 3 368
69 25 1609 90 11 203 393 71 8 45 97 16 214 84 71 147 211 159 331 236 376 142 376 160 123 123 111 146 138 224 300 63 176 169 304 238 323 246 361 80 92 9 195 157 392 168 3 4 278 135 240 104 228
70 25 1653 215 215 151 89 77 296 227 352 147 341 127 365 247 217 37 92 229 168 134 137 164 40 180 131 195 233 111 231 24 166 59 191 209 231 108 256 9 2 100 237 168 146 55 156 189 133 23 324 121 188
71 25 1255 66 252 221 262 187 231 42 60 146 102 152 327 12 33 34 317 241 244 220 390 130 187 37 85 44 228 69 216 1 390 206 18 91 226 29 277 6 323 89 3 124 90 179 86 22 14 104 115 59 176
72 25 1689 56 240 164 143 224 208 22 45 125 72 186 330 190 178 5 320 7 162 242 295 114 218 144 303 60 57 58 124 117 335 229 57 249 273 232 8 46 376 182 218 61 264 109 139 220 178 195 132 141 295
73 25 1812 239 326 191 43 237 299 160 116 187 141 22 385 15 103 94 111 231 277 230 391 240 138 81 110 117 177 143 238 119 39 126 397 129 68 33 228 170 293 243 6 35 114 142 301 118 285 211 198 111 290
74 25 1772 241 253 129 173 14 198 152 106 235 20 196 13 66 25 132 251 202 301 245 146 8 79 161 199 179 378 242 128 198 183 70 400 162 392 15 311 143 322 95 265 217 309 182 393 41 82 94 241 126 341
75 25 1467 201 206 151 201 37 81 186 78 8 383 60 27 134 373 170 150 35 263 21 180 179 39 140 310 232 380 242 227 123 119 168 223 77 318 23 13 98 210 207 144 51 183 177 226 55 178 10 367 150 191
76 25 1793 147 239 131 306 220 162 99 48 34 320 165 108 246 133 83 208 182 292 139 36 1 373 214 326 77 242 88 395 141 80 43 231 162 249 200 24 249 148 209 320 167 115 48 99 224 80 140 74 177 175
77 25 1713 94 41 2 223 234 341 169 274 121 112 105 282 112 156 207 360 205 166 232 121 82 298 68 232 72 149 173 245 220 150 21 164 240 23 86 23 213 154 198 383 67 304 217 128 162 73 38 218 88 271
78 25 1974 238 371 218 56 202 339 56 327 136 126 76 106 191 217 30 178 241 395 233 38 177 100 194 145 227 257 168 266 174 7 236 364 230 304 69 131 94 126 157 281 1 84 89 91 118 220 240 12 153 80
79 25 1588 241 202 75 37 178 181 4 294 204 213 131 217 192 236 137 224 30 313 233 262 215 316 50 158 168 170 177 257 231 79 38 73 112 110 60 392 15 105 198 127 85 14 20 321 153 44 152 17 78 163
80 25 1669 183 143 163 240 60 132 117 119 14 247 106 289 179 218 98 338 211 264 44 358 43 78 174 162 178 157 3 44 234 366 226 79 130 318 140 363 134 58 28 332 166 66 210 185 63 347 195 327 240 303
81 25 1548 69 370 128 382 71 205 139 74 200 74 41 325 54 222 192 44 184 327 3 313 209 20 29 268 4 393 217 149 58 3 241 379 132 73 52 336 213 227 135 188 17 11 92 390 205 287 175 131 237 341
82 25 1384 159 15 211 114 208 279 64 278 188 168 19 267 199 393 118 234 55 246 120 294 212 331 35 51 87 71 25 217 162 163 10 272 128 270 37 137 100 151 214 387 168 334 103 217 28 272 102 384 17 322
83 25 1746 128 130 104 62 32 290 185 258 8 398 21 119 221 150 190 157 186 39 107 251 76 225 187 230 243 14 102 394 148 170 167 275 152 22 38 383 163 324 193 273 213 391 93 314 81 250 249 369 206 49
84 25 1883 194 332 185 224 74 199 177 270 148 398 186 22 149 158 61 184 72 185 228 244 7 92 235 150 105 117 199 203 35 106 203 31 190 388 156 313 138 34 134 285 181 270 58 232 229 70 217 350 206 294
85 25 1980 144 263 235 380 164 389 146 314 191 132 71 393 214 360 132 319 125 21 154 358 7 287 77 114 118 157 136 36 207 341 129 252 155 313 181 118 201 278 133 43 209 354 237 123 213 319 143 89 239 297
86 25 1540 197 196 85 225 161 204 32 348 239 40 117 243 245 31 175 65 133 302 47 325 60 352 213 384 65 181 227 353 172 225 51 219 61 176 31 114 59 379 204 100 19 70 142 213 2 366 177 334 167 276
87 25 1385 110 128 177 72 14 43 5 392 96 276 216 298 46 78 173 76 241 133 106 94 82 224 115 173 239 118 140 217 101 356 92 260 236 319 31 99 111 135 90 308 62 257 56 7 34 230 35 76 163 392
88 25 1751 171 146 116 187 69 156 104 8 222 354 64 165 101 334 147 1 44 134 142 202 197 298 9 6 183 140 190 210 102 383 182 200 68 118 205 371 177 277 226 392 92 392 244 225 90 246 170 123 187 223
89 25 1510 172 136 233 127 18 273 118 79 126 100 210 125 150 27 42 154 49 271 132 176 112 225 69 108 201 109 3 71 133 240 95 304 25 378 130 245 247 323 227 199 235 252 148 213 45 153 14 315 87 241
90 25 1647 79 311 60 236 214 20 140 286 202 379 30 106 206 59 237 102 86 24 37 384 210 238 83 23 84 135 199 221 76 229 34 335 16 347 204 155 182 108 234 361 115 391 170 251 242 279 38 67 117 323
91 25 1827 177 6 55 299 240 392 186 340 112 361 168 247 248 183 243 153 87 376 60 22 237 376 212 308 127 55 88 166 22 307 239 350 43 248 201 384 233 90 98 145 9 346 92 391 189 97 130 114 158 301
92 25 1605 52 284 115 261 162 319 101 227 42 257 165 341 118 260 240 319 45 324 160 294 169 169 190 12 211 330 108 390 193 368 141 397 51 107 109 312 127 159 138 321 217 53 111 135 214 353 5 58 26 316
93 25 1613 2 296 184 191 158 195 170 367 86 114 234 378 162 184 21 47 163 381 235 333 48 189 145 34 102 97 238 109 123 353 212 268 39 202 177 135 173 46 120 387 129 248 15 283 111 295 1 297 179 150
94 25 1766 85 324 133 136 170 220 147 344 224 208 164 64 112 242 34 287 222 172 68 171 172 332 3 41 44 300 193 341 178 392 75 353 113 325 195 261 18 21 218 383 236 29 225 186 215 63 59 386 230 279
95 25 1929 157 163 183 150 207 182 42 99 212 336 225 164 209 187 40 6 197 308 128 67 192 365 18 102 161 81 110 199 12 88 155 27 121 104 233 104 148 283 217 383 107 383 193 96 172 400 242 281 177 160
96 25 1258 23 294 57 92 45 19 72 205 67 36 92 124 212 214 179 246 70 226 178 136 60 84 20 203 79 44 154 273 124 83 134 398 176 142 140 370 111 213 29 248 68 4 209 231 133 106 52 360 33 140
97 25 1388 120 269 209 274 99 252 127 223 228 109 7 125 234 348 114 6 10 27 179 341 26 148 94 87 81 126 192 382 138 377 71 109 97 282 82 195 133 360 68 260 119 176 187 104 75 150 9 135 78 240
98 25 1599 225 306 137 18 42 317 146 135 201 85 161 371 243 307 152 174 54 337 133 23 98 153 148 84 57 272 186 317 158 313 58 32 70 95 52 161 13 49 196 213 183 358 86 277 215 387 100 318 84 340
99 25 1816 73 287 239 106 95 312 143 363 220 108 171 253 77 117 106 38 81 254 235 244 188 242 231 214 8 317 165 327 44 301 218 166 139 306 85 218 68 147 237 125 219 291 151 285 147 390 118 350 174 63
100 25 1443 90 68 243 5 77 261 172 4 104 72 171 121 160 79 246 394 63 92 84 37 11 224 37 97 20 27 164 222 2 26 113 271 17 348 81 140 203 234 61 123 107 372 102 317 198 114 209 381 152 221
101 25 1373 7 138 117 28 16 233 49 320 160 213 190 180 132 89 10 321 141 195 84 66 151 55 68 302 174 266 17 332 148 68 54 306 208 20 134 273 154 182 92 366 195 334 95 176 72 106 98 13 181 78
102 25 1314 3 138 145 206 111 112 123 344 12 192 147 167 99 18 150 174 174 234 15 139 128 250 35 355 72 340 4 284 91 85 213 95 122 159 51 234 221 25 29 84 166 175 100 117 194 350 40 269 183 206
103 25 1535 57 362 156 193 68 327 182 221 112 275 107 74 171 30 32 221 15 54 97 343 187 13 69 387 231 165 138 370 83 22 27 40 185 134 82 154 116 326 223 142 133 198 12 212 180 235 227 35 181 321
104 25 1445 72 395 190 110 25 154 97 396 136 370 173 177 54 208 61 57 170 276 182 392 119 116 40 30 230 171 214 306 205 247 178 328 41 167 87 316 35 263 158 354 34 209 145 194 67 364 121 151 57 389
105 25 1592 16 48 221 145 18 186 52 375 32 180 54 273 198 291 240 170 175 2 127 181 139 12 239 35 208 206 78 308 4 119 23 352 120 121 174 271 247 258 2 301 232 300 43 221 169 369 124 247 249 64
106 25 1716 158 90 248 15 247 47 45 154 51 263 26 254 101 195 126 18 23 33 21 225 164 270 217 286 240 335 110 136 136 75 146 125 175 312 221 171 156 124 123 318 226 220 98 204 196 165 128 135 50 94
107 25 1801 107 318 129 246 152 390 84 287 165 279 11 189 90 333 161 198 158 384 215 9 111 335 106 64 82 272 191 261 108 142 204 266 209 333 14 311 172 397 249 338 177 112 128 368 194 389 174 232 212 184
108 25 1516 168 119 100 399 242 390 59 299 132 213 165 190 197 180 52 18 126 201 158 354 14 385 21 259 73 38 12 248 119 273 138 343 83 336 234 172 194 135 105 358 201 397 4 30 98 72 207 200 131 110
109 25 1530 13 315 232 274 90 19 185 87 39 360 170 176 2 252 163 138 226 257 22 230 16 74 228 220 53 226 243 259 177 173 220 392 37 301 215 278 122 351 165 62 10 386 40 164 202 253 15 60 176 346
110 25 1685 176 149 174 397 153 301 39 61 129 363 232 220 49 232 236 279 155 387 43 69 246 180 58 11 119 61 13 85 21 338 181 298 186 106 94 288 158 84 100 186 183 6 146 367 191 324 121 379 168 89
111 25 1612 25 298 48 237 116 359 100 351 31 389 133 280 177 390 125 266 97 208 68 132 103 300 189 250 216 82 124 239 10 291 179 286 140 177 223 6 237 174 208 69 164 240 90 229 172 6 227 231 23 210
112 25 1310 85 374 1 284 90 332 57 30 93 300 58 229 89 36 53 396 122 28 153 142 241 94 81 274 14 238 200 294 12 162 228 285 76 343 172 105 187 71 13 65 62 48 69 57 146 360 213 87 105 304
113 25 1216 69 279 217 108 28 213 39 92 55 2 131 344 227 387 183 97 51 149 10 351 18 167 172 365 236 3 132 141 71 360 8 28 90 272 48 180 113 253 168 135 127 244 21 209 92 72 102 22 25 120
114 25 1812 145 389 247 330 144 230 171 264 190 130 194 379 101 241 8 363 195 291 232 179 118 375 50 176 69 323 183 172 196 109 241 340 200 39 219 393 68 291 56 9 20 51 137 372 37 288 237 18 167 354
115 25 1837 245 318 132 163 142 214 186 87 123 128 176 372 116 246 164 385 89 171 144 60 172 332 182 17 230 318 104 319 235 322 24 231 189 305 143 382 219 230 18 393 207 45 72 243 29 59 231 1 102 390
116 25 1445 224 383 223 190 213 242 44 233 129 367 156 359 58 361 204 139 131 133 7 23 90 203 188 163 45 168 73 327 18 224 169 294 9 241 33 73 35 128 205 163 195 360 121 252 22 24 240 302 59 148
117 25 1366 76 150 1 165 114 347 182 37 24 52 110 142 145 370 184 379 42 368 207 346 130 153 208 203 4 129 28 345 131 238 193 258 187 395 173 203 191 306 89 214 7 50 3 20 134 13 10 290 159 242
118 25 1658 92 216 94 397 196 173 41 326 161 385 236 397 129 158 101 320 113 389 135 372 91 392 76 362 184 359 124 343 48 284 36 241 249 179 187 347 204 178 224 314 62 359 43 116 163 12 229 353 98 102
119 25 1634 43 39 127 304 24 236 230 69 235 113 104 276 214 383 162 110 38 241 233 151 155 292 212 47 159 376 160 89 179 57 40 223 98 67 121 254 158 289 88 20 63 183 77 292 164 19 166 325 18 329
120 25 1524 121 26 57 332 165 185 241 256 159 388 222 37 60 175 96 49 15 268 143 129 52 71 107 294 136 326 153 250 239 131 173 66 187 56 32 123 146 388 34 383 161 22 43 388 68 143 102 185 137 130
121 25 1644 86 257 137 31 244 314 202 296 65 92 128 287 160 365 143 241 189 290 28 72 123 89 194 367 26 363 159 29 147 295 8 284 153 146 167 148 111 270 245 126 114 372 162 23 38 306 213 327 46 43
122 25 1637 50 20 133 395 36 110 207 46 238 55 192 247 141 346 195 157 193 355 128 87 230 291 160 44 13 298 1 128 26 48 22 77 19 204 54 265 228 1 104 35 142 200 175 189 246 33 131 51 210 319
123 25 1634 132 301 79 77 213 178 228 292 5 377 163 381 246 168 54 399 182 384 102 385 168 195 87 294 34 232 26 216 234 335 185 268 37 15 194 400 94 321 243 48 148 256 130 293 175 384 43 7 67 146
124 25 1380 243 336 91 79 29 324 13 106 139 48 140 225 65 227 141 259 28 334 31 372 183 380 129 313 24 154 98 19 160 166 164 102 101 104 83 281 229 347 136 70 44 377 144 261 155 85 71 284 120 153
125 25 1756 156 303 233 34 217 356 87 14 26 298 181 90 102 183 45 84 113 76 232 400 95 327 226 390 189 83 124 209 16 396 212 221 194 207 216 1 143 381 77 243 61 368 193 64 229 307 139 210 6 283
126 25 1893 86 233 73 275 65 298 135 281 245 396 103 94 141 259 209 394 154 41 222 46 89 239 147 254 167 253 93 228 160 227 165 343 101 189 159 301 176 41 123 94 239 164 204 299 92 380 194 170 244 341
127 25 1784 23 312 245 367 239 255 144 6 249 244 46 357 96 321 248 241 94 43 181 159 246 329 117 5 172 246 10 166 167 306 58 389 219 202 156 308 151 265 56 296 110 65 92 331 164 232 174 56 112 84
128 25 1487 53 142 100 357 114 147 119 31 113 226 138 53 44 241 58 253 99 60 167 4 56 127 70 347 209 33 180 334 188 343 217 41 186 366 151 112 69 331 124 94 220 276 11 236 40 59 97 9 152 135
129 25 1683 36 100 43 18 181 76 58 75 242 98 111 9 248 363 170 219 94 295 62 215 22 351 27 309 243 35 156 251 101 309 237 386 161 79 5 141 16 197 211 326 55 11 238 276 229 133 220 92 200 243
130 25 1760 95 276 152 237 213 259 239 215 67 375 227 53 156 268 158 118 185 306 30 312 62 140 1 289 68 236 60 12 235 252 210 355 242 224 63 280 188 380 204 189 208 258 97 277 64 311 74 45 222 237
131 25 1512 35 373 225 104 8 134 15 294 37 120 155 292 13 79 4 144 218 35 149 209 193 158 5 369 124 370 232 299 114 53 148 377 9 254 136 344 229 281 240 284 122 304 164 227 198 381 212 396 39 306
132 25 1564 154 243 176 229 212 57 30 178 64 327 90 25 130 126 170 100 56 200 41 389 73 394 102 150 193 235 113 389 123 220 44 218 247 274 81 54 53 158 217 119 37 8 245 216 133 14 116 357 229 88
133 25 1525 151 33 89 343 119 103 233 241 124 328 110 271 4 391 126 58 50 342 228 136 101 222 104 34 238 170 24 353 179 354 142 29 138 133 23 156 237 158 99 61 87 358 83 142 208 200 152 51 1 101
134 25 1418 192 336 240 112 211 144 42 65 187 170 54 219 244 110 108 153 10 370 142 319 152 283 69 9 34 170 9 313 58 9 215 102 197 204 157 347 6 23 83 27 127 204 72 38 163 127 47 82 18 365
135 25 1442 133 102 35 341 88 256 101 400 16 311 116 117 157 119 183 214 67 138 136 1 164 164 56 137 151 268 213 199 199 82 34 250 25 271 8 75 22 73 86 137 241 144 57 373 225 62 145 127 227 260
136 25 1573 133 313 113 102 26 211 3 257 176 235 242 128 210 214 85 34 235 209 21 123 51 115 131 273 123 7 184 119 34 62 81 368 74 343 219 101 205 71 160 31 8 301 60 217 217 246 152 101 204 125
137 25 1578 26 354 241 8 78 165 215 63 186 100 124 166 117 49 208 87 14 110 159 146 17 311 55 135 127 52 88 30 105 12 57 10 204 164 139 319 130 153 104 181 221 247 30 286 228 93 245 36 39 361
138 25 1320 148 45 95 227 97 382 56 153 146 364 115 99 27 253 17 209 106 122 89 233 44 188 161 273 123 38 218 67 125 156 229 323 200 73 149 296 201 351 19 115 100 397 67 18 7 324 42 98 59 35
139 25 1385 85 169 10 309 209 177 27 183 84 305 105 35 77 205 33 334 12 283 35 30 47 286 29 315 55 135 239 298 232 299 135 116 219 144 226 177 222 302 6 16 189 134 173 71 218 284 2 266 101 189
140 25 1284 94 216 143 378 156 293 110 304 77 277 22 320 3 99 43 154 60 249 112 25 239 45 197 12 12 33 116 15 48 217 203 141 32 198 18 37 140 279 92 218 6 165 139 360 163 231 215 224 129 376
141 25 1521 99 19 121 397 30 84 129 346 201 326 112 205 168 145 54 88 33 395 16 24 123 188 232 3 32 49 176 112 124 26 231 396 23 160 182 3 155 82 31 218 136 298 190 385 246 234 103 69 96 375
142 25 1556 59 297 13 379 107 340 240 30 166 220 178 340 230 9 42 36 92 174 104 327 122 167 18 8 63 352 162 233 199 237 193 245 47 155 225 153 245 265 234 12 184 111 51 15 121 292 1 112 16 256
143 25 1426 41 89 124 108 48 186 161 310 71 359 198 363 106 244 70 330 248 116 44 81 177 230 244 29 94 214 170 246 178 337 3 268 127 27 175 164 38 286 234 296 35 49 1 130 20 333 37 126 209 215
144 25 1711 55 252 143 151 168 114 48 295 201 353 164 379 131 392 205 94 179 240 130 177 76 180 177 255 211 283 237 237 142 103 93 243 45 245 112 58 95 58 10 97 221 391 229 115 245 72 37 203 69 262
145 25 1609 184 398 169 134 58 351 222 296 242 124 189 137 168 235 48 78 79 6 89 27 178 79 155 242 124 29 35 160 133 55 123 117 52 41 200 160 244 272 57 285 45 45 23 15 82 321 144 162 176 132
146 25 1499 189 5 213 145 97 138 75 83 199 308 187 221 24 141 214 273 52 157 246 258 43 43 205 366 59 86 136 52 47 163 35 387 117 297 134 365 184 160 149 282 17 88 55 42 28 268 217 79 76 362
147 25 1435 38 368 104 142 183 364 129 218 215 26 82 102 114 51 98 399 115 384 159 366 117 177 53 271 169 280 40 85 10 65 96 197 85 2 39 317 65 117 187 332 194 18 233 10 170 382 8 387 167 118
148 25 1518 2 86 45 4 56 65 133 398 199 144 164 146 40 398 49 278 117 16 97 353 172 331 92 264 59 328 131 78 81 266 74 234 173 388 118 122 188 211 238 234 150 85 234 380 101 299 176 255 147 317
149 25 1633 177 79 118 70 143 326 199 75 205 179 242 279 162 16 166 31 90 354 241 177 39 342 61 22 71 164 221 198 120 69 165 98 148 32 17 42 59 67 13 245 109 141 108 326 238 15 14 30 141 2
150 25 1661 72 4 175 244 169 247 92 88 216 156 38 15 139 256 106 47 223 123 209 119 183 2 27 358 12 116 75 175 48 115 178 21 120 54 66 188 201 257 166 364 215 182 152 220 87 148 194 311 159 213
151 25 1586 195 362 241 252 225 158 28 351 107 243 130 227 214 83 143 52 33 251 31 150 165 147 66 366 219 16 12 381 26 224 175 289 216 79 213 23 156 63 30 400 192 8 126 50 67 109 103 97 60 67
152 25 1926 193 93 184 160 161 301 123 192 76 346 168 164 211 96 128 186 202 242 117 301 233 374 164 11 26 382 119 228 178 280 246 272 222 179 84 183 230 106 126 307 54 343 73 166 89 250 203 292 242 269
153 25 1525 92 376 245 308 36 170 189 56 249 319 244 142 7 324 227 41 3 135 116 262 88 309 84 255 99 85 8 190 126 378 183 104 172 192 89 293 197 241 232 34 44 290 58 73 81 312 157 296 25 296
154 25 1635 206 8 150 6 243 259 247 220 39 32 23 312 173 364 105 207 12 45 209 43 31 105 82 340 227 262 203 335 210 328 80 217 187 331 192 369 1 330 200 25 41 175 190 397 33 351 142 394 45 24
155 25 1322 198 229 65 226 242 117 10 151 244 341 70 283 21 142 63 12 12 363 43 14 40 86 38 231 182 120 134 75 163 78 50 162 156 364 89 300 131 98 200 76 19 358 161 62 71 224 124 85 119 137
156 25 1709 126 154 76 207 87 347 90 214 12 369 163 173 127 227 164 126 9 161 177 334 151 48 94 363 159 366 136 184 4 272 228 359 247 136 246 94 125 311 107 395 123 181 221 399 96 209 207 25 243 107
157 25 1475 172 338 121 132 203 158 66 304 112 187 31 322 86 16 219 331 42 329 37 389 52 167 209 52 61 107 119 83 155 377 54 292 197 237 44 154 152 49 17 291 230 39 178 297 107 58 41 338 246 279
158 25 1480 189 162 89 42 124 145 4 42 229 208 68 332 101 366 119 196 170 272 195 188 214 126 176 241 172 235 100 312 95 142 164 359 181 155 134 277 111 28 6 120 45 387 221 363 7 366 34 331 12 221
159 25 1409 194 287 99 285 209 233 36 172 106 331 114 69 39 94 125 322 70 135 149 25 105 346 214 377 58 22 244 293 52 56 13 348 42 111 34 202 195 269 124 202 199 239 22 39 132 397 11 253 233 261
160 25 1456 230 289 56 145 115 65 116 159 9 70 114 22 117 107 132 200 109 379 70 234 80 219 172 2 107 355 100 169 59 32 38 321 137 84 135 204 152 295 212 271 60 85 139 167 217 390 27 195 209 260
161 25 1377 76 179 133 327 38 237 26 156 197 260 87 335 82 276 20 268 131 171 163 142 193 222 177 231 245 172 64 141 25 18 211 107 95 298 45 172 106 242 33 94 78 114 119 97 182 399 18 144 210 317
162 25 1702 221 43 205 217 214 270 159 298 247 326 5 222 8 400 244 15 143 328 9 272 242 29 168 375 80 187 220 24 99 386 94 393 192 110 158 112 68 56 58 295 14 262 17 273 213 110 88 357 239 396
163 25 1894 28 382 176 148 106 355 84 25 128 284 63 223 126 204 232 34 65 301 139 24 248 304 138 264 202 325 159 313 160 186 195 338 233 202 192 219 79 270 141 92 180 344 226 363 61 228 203 186 225 258
164 25 1605 23 238 35 377 112 400 235 27 111 72 21 298 107 122 240 175 161 228 242 54 7 336 231 71 48 161 183 87 182 258 125 267 134 38 66 120 16 226 241 288 224 147 162 265 223 213 77 53 5 280
165 25 1317 159 140 63 280 39 373 104 71 9 138 130 335 13 325 21 232 42 46 75 180 23 141 187 298 103 163 107 395 10 248 91 36 233 197 209 141 184 338 78 289 203 304 36 195 206 160 74 179 235 66
166 25 1517 15 82 119 230 183 127 76 92 175 334 33 362 168 229 222 60 114 310 87 2 42 110 149 89 115 161 214 393 95 80 60 378 200 241 62 176 116 3 52 301 137 16 218 167 37 327 180 248 166 281
167 25 1602 61 259 90 160 97 157 70 313 101 216 142 160 145 393 52 56 218 319 60 222 69 397 187 38 13 175 217 395 23 234 225 133 144 217 93 373 213 255 175 330 248 137 224 190 238 81 9 7 91 130
168 25 1846 177 39 168 167 3 93 133 147 117 268 22 151 111 190 195 253 114 109 207 138 89 304 224 64 245 314 47 354 172 187 235 48 127 353 14 329 247 248 176 63 67 49 163 378 190 207 232 303 218 241
169 25 1374 90 306 96 266 71 141 81 17 94 2 105 128 201 331 82 215 212 28 64 239 42 81 139 255 160 28 163 191 130 280 33 321 37 79 88 58 219 268 76 264 169 181 93 222 13 375 186 274 104 1
170 25 1831 212 396 231 350 202 90 177 166 133 258 96 215 229 134 145 316 193 63 86 169 128 356 51 221 77 363 247 212 139 52 215 252 97 245 52 200 187 130 116 71 90 363 85 118 46 130 235 239 194 120
171 25 1581 7 374 28 307 246 204 221 292 218 9 45 132 61 342 228 14 143 214 145 58 84 34 70 121 153 116 102 88 104 297 59 312 172 186 120 367 190 390 10 309 199 105 9 398 167 224 183 318 198 368
172 25 1846 202 167 240 6 234 193 195 139 90 204 150 311 191 171 30 282 211 39 11 143 31 321 140 148 194 182 232 61 129 199 214 47 89 370 83 31 114 371 222 169 23 383 160 143 243 303 152 85 113 297
173 25 1609 115 333 88 364 28 169 145 89 249 394 4 96 184 373 180 214 139 250 186 107 222 220 118 317 133 111 69 136 47 184 232 11 70 375 146 188 71 136 87 114 189 284 99 64 215 63 102 364 100 60
174 25 1331 238 71 178 54 103 290 124 188 186 7 72 398 127 191 22 330 195 209 18 110 99 353 209 362 17 373 15 31 222 375 20 342 2 173 146 43 96 85 3 256 227 29 48 351 128 395 162 397 6 160
175 25 1750 50 14 72 16 188 36 98 209 12 117 202 115 89 47 107 237 184 186 141 339 113 171 139 163 122 216 109 133 114 292 163 130 215 129 117 353 178 228 164 195 79 29 235 328 237 271 211 323 161 301
176 25 1488 87 183 189 201 4 356 9 138 170 24 32 232 5 298 162 124 192 303 16 136 31 96 72 158 132 345 120 106 207 21 44 140 109 344 195 117 54 283 186 228 216 19 134 113 209 315 222 261 180 359
177 25 1653 44 77 232 153 160 376 73 366 235 245 59 24 203 5 18 121 158 2 6 387 19 375 171 282 7 181 246 80 142 177 240 85 221 237 112 349 61 29 233 305 140 208 210 94 27 30 151 281 138 288
178 25 1544 99 264 210 330 120 290 27 151 183 205 40 319 209 112 106 73 212 216 151 244 71 190 203 30 135 330 161 136 60 348 75 258 136 140 132 277 68 32 110 373 73 78 181 187 35 53 248 353 44 25
179 25 1305 247 348 4 82 77 16 19 38 64 95 248 126 80 387 208 358 106 391 69 78 166 99 111 204 33 15 51 235 22 346 59 319 44 264 2 122 32 72 210 195 66 359 170 247 97 279 206 2 220 225
180 25 1375 132 287 23 394 40 157 158 42 94 32 138 154 50 233 20 253 4 201 24 65 145 41 123 266 187 319 247 394 171 366 18 304 54 140 93 249 154 334 142 335 86 105 164 40 161 114 113 75 210 3
181 25 1328 98 278 91 368 224 235 190 291 204 143 94 96 89 386 144 295 71 135 131 144 179 17 93 56 160 58 21 285 118 325 84 347 16 253 170 352 43 210 155 235 53 50 90 345 29 300 105 110 4 324
182 25 1612 116 111 46 50 130 170 185 126 87 188 245 238 182 206 45 18 108 146 243 299 141 362 209 121 212 165 80 129 121 283 104 287 96 249 88 125 119 175 153 305 14 199 95 145 55 191 112 64 238 5
183 25 1254 63 330 16 323 1 179 37 232 158 160 15 311 246 12 12 285 38 130 59 290 186 372 41 32 95 174 230 108 212 186 22 391 201 344 191 330 33 225 39 142 91 51 139 302 162 23 89 243 132 231
184 25 1495 79 5 171 212 173 267 36 302 76 47 87 348 39 189 93 30 20 177 56 258 120 96 209 8 197 22 183 337 115 16 17 93 220 37 106 92 53 241 145 229 239 383 78 228 222 370 109 193 147 14
185 25 1646 151 16 59 311 126 105 182 358 141 196 223 160 90 344 48 48 186 51 188 332 81 79 15 310 56 86 179 66 180 377 80 345 89 142 170 195 176 229 85 173 153 346 196 94 62 83 249 15 128 329
186 25 1627 179 187 184 366 65 251 195 394 229 27 138 67 120 209 11 145 237 48 220 189 245 234 84 38 45 319 183 95 83 10 24 213 48 209 230 213 110 324 58 388 152 95 7 22 103 219 168 291 137 79
187 25 1676 163 220 14 200 164 232 185 159 116 246 82 280 144 390 59 158 249 333 165 389 134 361 47 207 63 165 175 105 83 311 183 97 181 48 98 146 32 304 197 330 187 227 123 27 85 80 177 119 246 367
188 25 1190 155 306 13 111 120 78 187 224 112 298 8 60 30 5 157 125 136 39 81 135 20 369 211 242 195 147 223 374 168 170 190 122 25 205 84 146 21 321 47 20 78 256 1 234 12 27 52 7 54 71
189 25 1434 26 116 64 322 114 136 147 31 105 139 204 331 243 288 78 128 160 348 224 381 77 179 131 11 90 357 180 44 216 235 93 302 128 116 17 65 15 50 222 53 103 204 47 392 132 74 3 131 49 333
190 25 1276 208 127 13 318 68 172 49 61 139 135 227 281 138 56 98 54 72 262 53 393 166 208 199 164 101 332 37 104 62 137 88 321 63 203 131 374 38 293 162 272 121 244 11 26 91 265 148 5 69 42
191 25 1689 220 78 240 34 29 121 172 284 233 359 71 103 171 73 93 53 148 382 48 361 106 268 154 16 244 347 30 343 151 151 34 220 128 174 5 8 194 27 241 28 35 114 57 138 177 162 186 308 211 48
192 25 1440 13 278 102 81 223 150 112 65 200 62 249 271 42 174 176 249 67 54 40 47 90 205 179 98 92 55 59 29 114 269 77 379 30 59 221 29 70 238 130 384 138 350 25 11 175 29 132 116 125 371
193 25 1635 120 203 219 262 9 279 90 123 18 53 248 197 161 370 125 32 107 304 167 44 156 143 106 134 218 35 216 283 159 86 5 264 6 16 174 337 157 98 236 127 100 185 73 260 154 148 194 313 53 210
194 25 1345 208 160 153 314 144 120 200 9 4 360 146 108 23 104 75 247 240 284 94 27 110 94 161 332 55 316 231 148 130 386 108 88 195 262 3 38 54 398 86 163 46 394 138 99 20 184 38 303 29 164
195 25 1645 212 124 126 196 231 241 226 80 23 211 39 60 158 250 214 345 232 167 145 68 131 290 13 218 90 32 203 29 135 32 194 198 157 69 193 39 211 219 69 233 107 244 38 309 9 185 127 79 8 320
196 25 1803 21 375 159 105 228 287 39 311 182 236 217 50 31 8 62 351 126 95 181 184 90 219 192 49 205 134 225 385 142 82 154 315 7 114 169 384 152 57 146 333 44 262 184 376 245 326 248 289 157 82
197 25 1315 129 27 125 179 181 258 53 365 2 137 20 366 143 285 184 128 186 392 123 120 137 186 63 7 47 40 104 136 46 337 66 274 162 44 156 271 48 122 22 234 41 287 178 177 72 105 112 165 231 352
198 25 1631 215 183 216 173 80 105 128 117 3 365 184 226 178 329 32 200 226 153 72 212 196 360 189 222 134 246 86 298 74 316 99 40 201 266 62 32 21 192 23 108 183 148 235 361 31 236 188 236 207 101
199 25 1542 131 269 240 54 152 135 189 299 110 107 150 400 159 365 163 140 85 354 39 209 11 223 209 97 183 39 233 72 174 241 23 106 59 14 112 62 48 350 157 8 12 58 166 376 171 255 13 174 95 71
200 25 1445 135 267 179 283 201 370 65 25 45 56 47 253 16 210 164 178 59 265 190 367 73 101 75 388 26 245 38 18 241 361 104 58 39 87 210 260 1 34 205 308 132 307 224 391 170 153 234 242 18 358
201 25 1448 42 194 146 369 188 92 59 7 32 219 11 291 49 301 219 101 86 23 109 68 179 384 8 150 61 235 177 30 193 270 123 90 238 212 231 96 68 14 66 380 155 375 80 157 93 281 92 365 191 109
202 25 1633 45 176 169 346 61 331 130 239 10 372 234 61 247 345 93 345 64 207 210 94 213 136 175 171 28 105 162 394 95 273 40 120 241 135 232 321 117 172 182 238 181 365 51 80 59 43 26 22 201 137
203 25 1560 217 215 23 292 85 350 148 197 46 245 171 85 16 363 72 250 185 38 21 66 227 204 30 77 190 72 62 263 222 298 232 87 170 125 71 72 122 219 219 268 89 3 84 153 226 385 137 163 55 52
204 25 1875 140 160 133 66 246 274 187 107 87 361 205 370 247 126 144 69 149 117 190 67 185 30 170 120 83 147 154 169 160 60 73 251 20 205 168 165 129 357 174 167 217 180 236 315 85 54 97 174 72 281
205 25 1710 154 93 150 386 90 55 56 149 215 278 1 286 185 218 202 65 124 225 231 42 104 318 6 261 48 291 14 394 216 337 27 219 30 226 206 269 183 262 219 347 241 319 232 125 136 233 191 262 160 371
206 25 1396 53 365 90 211 25 337 103 90 133 68 77 109 39 56 186 346 224 118 209 292 14 250 160 247 226 297 132 67 110 393 189 13 7 229 175 182 17 179 171 399 48 297 57 388 102 393 34 227 212 92
207 25 1321 118 78 43 279 26 219 128 307 37 237 49 225 1 208 105 327 189 122 155 211 122 303 208 131 242 11 125 175 190 136 119 259 163 111 38 89 31 217 197 117 3 198 144 206 5 250 132 393 73 189
208 25 1606 5 395 193 262 225 284 99 11 164 286 179 272 199 291 211 139 222 177 37 240 82 234 135 339 138 335 22 182 57 210 187 251 204 150 77 40 76 77 50 339 63 278 163 13 20 123 203 291 202 139
209 25 1609 233 385 123 119 25 162 203 296 146 310 58 232 112 261 183 391 9 67 151 149 231 178 11 345 236 47 240 189 136 174 110 293 49 271 97 246 218 158 3 301 172 116 84 212 217 44 130 268 42 163
210 25 1420 97 55 157 198 242 106 188 180 143 63 156 352 7 206 74 204 1 292 61 306 192 182 73 377 45 339 70 175 8 164 137 107 220 395 154 161 50 193 92 342 158 147 164 352 119 317 52 262 180 259
211 25 1555 55 363 81 334 58 122 205 82 229 68 220 337 137 316 43 349 118 337 40 261 244 386 206 210 189 76 128 243 39 307 101 293 70 332 126 129 153 83 210 283 100 131 122 339 98 316 37 365 102 79
212 25 1734 126 348 214 283 207 305 108 234 97 246 243 247 90 314 230 268 142 182 203 17 201 285 88 341 182 103 30 199 56 258 124 253 23 306 209 177 15 195 225 60 239 122 101 104 151 368 145 385 19 299
213 25 1698 203 272 33 92 212 16 96 391 64 51 50 189 6 73 196 264 201 260 210 76 221 200 199 324 53 351 193 47 85 112 247 239 131 330 244 47 125 137 112 78 136 353 133 360 198 161 10 110 38 32
214 25 1613 59 336 5 212 186 150 160 173 11 107 145 137 143 340 85 319 76 299 246 364 153 328 123 152 178 83 63 137 170 297 245 157 103 256 193 352 118 167 162 124 177 358 69 298 99 340 223 149 35 336
215 25 1244 151 215 11 54 192 245 17 378 115 22 23 17 80 217 119 247 233 132 72 160 40 85 187 335 33 6 149 385 20 9 91 61 5 309 88 271 73 11 44 91 140 262 9 38 195 143 206 184 196 135
216 25 1611 172 330 6 384 115 211 182 301 132 142 91 42 197 199 31 169 223 393 214 364 83 76 224 222 120 68 131 275 201 176 211 372 157 118 8 21 180 89 22 261 233 164 4 81 34 201 87 277 165 102
217 25 1457 161 42 26 282 61 143 14 187 146 141 49 269 98 217 126 170 46 217 93 309 149 207 212 31 23 398 231 259 176 197 86 238 38 119 100 130 233 288 25 225 237 344 224 155 121 144 102 287 138 110
218 25 1512 37 296 124 267 68 221 150 179 146 198 41 331 38 78 51 137 59 85 177 186 160 363 181 283 219 151 178 270 88 116 232 274 213 155 43 331 75 94 161 372 143 151 154 230 28 254 169 338 89 295
219 25 1720 123 200 109 203 232 277 104 12 248 343 77 381 166 41 185 260 171 61 205 31 182 148 133 285 129 360 141 247 98 381 72 180 249 175 161 177 228 224 27 22 100 207 139 391 144 49 13 306 5 296
220 25 1553 140 4 78 126 83 340 216 179 39 196 122 160 225 220 234 188 149 13 11 127 184 313 133 223 55 178 123 119 127 14 81 394 198 15 16 193 171 13 14 280 138 236 227 136 178 89 12 212 153 194
221 25 1625 36 207 124 208 126 7 136 291 81 368 236 380 82 168 247 127 140 210 90 120 149 377 35 275 162 62 65 373 175 268 169 162 26 42 71 303 207 194 182 126 79 213 208 149 160 186 188 219 77 59
222 25 1637 217 304 243 193 17 357 109 340 83 326 210 295 102 51 215 254 23 399 33 99 230 95 208 128 206 343 67 274 169 126 92 124 18 336 41 376 245 382 9 320 5 223 71 77 244 94 175 276 242 6
223 25 1701 72 301 33 378 143 200 153 63 227 347 39 296 232 229 22 276 160 332 148 200 136 370 92 6 46 185 151 73 212 194 180 285 44 163 162 288 164 17 201 190 13 41 235 196 169 308 239 171 129 76
224 25 1766 240 372 34 138 156 84 62 167 178 191 103 323 55 217 111 218 33 113 209 147 3 396 242 373 153 365 202 94 235 182 219 227 104 364 158 190 127 26 169 267 228 341 172 244 101 341 115 252 124 319
225 25 1622 97 68 241 101 132 292 94 119 123 315 45 225 120 260 134 209 236 61 29 154 89 120 227 284 222 218 12 37 121 37 55 219 204 198 169 88 115 158 64 331 52 290 102 313 174 111 248 386 139 353
226 25 1595 224 360 30 310 232 399 223 170 219 161 76 237 117 273 57 304 164 171 61 379 153 114 118 355 226 193 217 225 29 257 127 204 8 113 50 356 37 71 74 398 248 162 214 371 19 69 236 391 31 214
227 25 1492 194 194 33 350 71 226 16 347 204 174 225 159 142 33 224 243 88 60 113 314 209 11 172 333 95 290 20 286 83 281 17 365 230 237 97 135 197 320 12 256 62 194 79 104 183 90 69 398 149 331
228 25 1455 125 272 213 319 212 382 104 83 166 84 150 182 115 338 126 11 72 331 136 179 44 331 209 199 15 299 169 13 149 49 187 220 161 355 31 244 111 16 11 146 17 195 206 70 71 30 43 303 67 172
229 25 1428 198 97 30 149 164 278 217 76 76 316 14 46 178 370 28 374 130 345 136 178 13 180 88 19 101 160 150 194 165 119 215 12 244 160 24 27 105 351 144 368 71 290 78 396 119 174 82 98 87 161
230 25 1390 35 157 62 397 158 107 61 226 21 374 45 366 36 174 241 112 131 394 157 350 79 239 170 375 60 344 106 257 182 68 144 238 81 90 97 87 202 75 9 377 219 75 112 192 217 173 124 110 31 124
231 25 1476 103 60 62 172 134 121 117 341 230 148 8 23 237 341 14 234 77 67 110 136 143 278 5 21 130 229 195 340 160 318 242 321 81 65 106 304 84 246 33 183 55 207 220 145 122 305 174 288 111 282
232 25 1581 193 324 38 13 153 167 59 92 178 76 135 300 159 2 5 162 185 50 96 267 106 104 238 351 75 194 126 164 7 236 147 301 9 335 64 263 203 72 55 32 200 291 131 358 244 87 171 280 186 368
233 25 1576 49 341 71 36 243 347 30 268 212 138 205 58 41 165 144 304 78 348 77 334 179 378 24 261 87 20 147 357 149 34 226 397 148 385 69 244 216 389 207 255 65 245 58 210 200 187 8 27 220 136
234 25 1696 6 295 199 243 214 295 99 165 29 27 13 255 74 49 25 168 164 363 174 21 158 290 215 117 150 317 53 209 145 374 46 250 218 244 242 182 191 243 248 19 119 10 175 192 209 151 11 224 216 287
235 25 1758 194 23 126 61 41 227 27 345 237 223 68 283 172 185 26 116 216 358 65 186 178 177 62 369 135 113 130 58 78 166 154 152 143 266 122 194 138 58 166 55 140 39 239 18 204 157 233 63 223 371
236 25 1458 190 99 182 209 135 396 40 295 75 157 248 276 51 13 69 72 8 158 132 173 12 373 111 3 140 317 11 175 179 33 95 171 234 28 29 368 24 370 212 100 78 361 178 78 175 348 152 82 156 135
237 25 1783 206 317 7 369 19 97 85 29 223 215 114 367 97 346 215 16 171 236 130 21 63 142 48 343 217 295 194 100 152 178 58 269 186 226 189 332 162 120 156 276 183 72 213 181 120 127 196 290 163 377
238 25 1549 160 227 219 209 119 137 56 164 36 7 93 93 127 129 170 366 212 331 135 118 107 169 191 19 151 110 97 96 202 11 125 261 40 143 22 358 129 77 174 66 118 111 12 46 130 227 210 311 63 79
239 25 1627 169 383 221 87 233 281 185 330 84 98 54 44 187 96 67 196 126 45 119 392 130 187 102 293 234 81 69 145 43 333 223 11 65 394 49 149 76 136 78 9 132 4 129 373 114 5 117 135 248 48
240 25 1601 71 49 90 56 181 10 201 376 94 375 36 160 70 387 158 97 22 386 7 354 219 13 172 47 185 337 203 353 221 350 103 343 150 292 49 31 54 151 156 147 227 343 157 397 229 166 145 50 3 102
241 25 1711 105 71 66 26 170 50 15 24 4 385 174 306 128 323 150 278 5 3 12 101 104 205 209 52 135 125 147 87 127 150 91 250 215 19 221 216 233 294 171 269 219 27 196 142 176 73 148 130 202 260
242 25 1573 180 156 66 189 159 52 115 255 38 43 56 179 144 122 199 66 187 81 160 58 101 178 236 97 21 163 121 221 94 173 32 73 230 399 13 38 229 245 174 200 18 267 74 66 33 210 248 244 219 398
243 25 1523 23 206 246 196 170 167 166 163 41 399 138 170 247 400 9 46 231 3 135 4 5 102 72 28 219 154 189 168 249 360 18 322 65 163 19 85 184 247 123 34 134 292 80 386 3 75 218 5 62 321
244 25 1494 161 313 44 138 34 248 177 103 248 238 220 21 102 335 139 38 167 124 37 290 7 222 33 186 9 135 13 76 192 24 198 202 138 42 23 241 118 326 238 7 47 9 210 31 247 398 150 221 36 39
245 25 1646 177 7 73 115 66 210 127 193 151 350 91 102 189 182 193 12 174 162 187 361 168 33 121 80 216 370 115 142 14 155 70 277 134 337 186 110 232 338 61 222 42 200 5 336 63 328 248 99 190 217
246 25 1789 83 113 246 50 132 324 116 223 237 320 142 309 99 76 247 186 137 278 74 100 151 115 155 2 213 284 49 63 226 268 138 115 147 269 91 312 141 79 32 334 87 332 159 136 117 98 163 192 197 16
247 25 1942 8 47 172 260 59 256 210 121 183 129 117 70 244 315 190 186 127 332 114 10 65 203 241 226 238 9 223 302 103 119 167 10 89 221 175 96 231 247 228 211 115 399 156 282 91 108 121 7 217 387
248 25 1833 109 9 112 98 119 86 199 121 104 268 81 320 56 303 246 203 183 244 32 244 211 82 149 92 221 392 249 91 148 267 127 206 227 241 203 195 26 253 66 82 220 398 53 227 200 399 181 285 144 112
249 25 1860 80 4 243 280 247 113 171 245 155 268 163 184 175 241 224 279 188 301 84 255 82 155 204 335 134 103 35 314 239 78 128 18 222 298 130 187 170 277 191 340 241 76 14 132 1 195 21 352 178 325
250 25 1248 35 32 78 171 67 182 55 231 71 85 110 90 70 281 239 149 117 11 27 360 100 268 187 265 101 38 59 373 141 288 97 225 22 376 48 188 107 354 218 229 38 177 121 59 10 161 158 76 221 136
251 25 1325 137 120 155 374 35 257 11 395 79 303 33 77 29 154 52 26 141 161 30 311 169 39 128 48 74 187 126 94 172 62 114 229 187 150 49 96 216 251 78 342 80 83 146 307 226 106 36 286 148 207
252 25 1631 176 161 184 324 84 372 199 177 93 12 92 73 249 43 158 347 239 375 98 68 216 79 151 213 35 78 220 223 15 268 81 190 128 214 13 111 185 63 189 29 125 181 2 73 223 211 21 361 87 168
253 25 1865 231 52 248 131 15 135 210 134 159 74 203 289 163 380 104 376 142 190 238 281 18 64 111 271 188 235 233 59 69 178 228 173 176 210 89 110 169 74 70 42 127 258 156 358 13 231 200 52 171 232
254 25 1712 21 236 94 92 174 78 226 382 25 197 59 304 119 86 63 309 247 33 232 116 224 8 225 330 18 187 62 317 138 284 98 59 70 391 152 43 229 376 197 325 136 100 95 172 113 153 195 135 212 152
255 25 1777 111 49 63 279 188 99 128 248 68 320 201 212 240 30 239 136 156 176 87 151 49 399 153 169 246 37 106 18 233 367 119 93 117 383 124 157 31 301 206 250 171 257 213 112 93 279 135 293 77 336
256 25 1406 98 345 181 136 50 148 218 369 18 263 187 250 36 395 183 86 151 84 58 207 197 369 96 199 219 138 27 104 133 254 39 82 150 121 67 152 220 35 20 39 49 358 138 34 3 122 119 303 156 329
257 25 1460 61 302 97 56 202 16 195 129 21 79 184 61 10 83 83 329 134 352 65 305 140 163 165 229 196 167 153 266 171 108 194 81 11 43 238 364 60 184 144 32 213 377 92 374 12 224 2 197 77 168
258 25 1551 2 68 30 268 196 77 184 150 243 6 7 88 186 169 32 125 183 43 58 176 124 122 5 165 16 340 49 264 66 117 217 133 246 184 181 75 167 130 19 174 239 56 159 59 190 335 132 243 171 206
259 25 1500 214 375 72 59 42 262 208 305 127 76 122 60 123 5 190 147 124 121 65 347 159 171 108 118 162 92 110 343 234 130 48 250 56 70 60 97 33 219 104 209 144 175 20 367 181 211 63 256 232 228
260 25 1809 3 390 100 312 109 161 103 319 155 289 55 90 156 176 149 104 58 168 207 266 161 183 236 379 214 296 92 169 129 271 223 169 170 186 229 332 241 49 186 381 240 70 117 18 9 324 35 168 242 198
261 25 1648 100 179 76 215 226 267 136 205 89 210 225 308 246 103 141 88 2 129 118 152 168 137 157 87 4 317 60 291 84 151 188 386 129 215 52 355 134 87 61 122 249 35 82 196 237 172 183 240 150 350
262 25 1356 91 120 36 197 56 239 14 167 31 149 18 168 86 198 83 238 204 16 176 214 39 76 48 70 121 337 92 153 226 93 102 167 12 139 165 369 130 380 136 10 229 53 230 166 2 64 155 306 231 231
263 25 1593 219 119 106 319 139 177 5 30 131 382 174 335 186 73 165 254 54 394 91 364 24 345 193 240 97 108 94 4 188 376 224 256 132 392 210 198 175 242 99 176 136 201 45 141 4 239 182 69 114 26
264 25 1604 113 103 224 220 249 127 7 176 101 165 109 144 10 370 242 185 112 73 135 339 105 122 41 100 212 245 240 295 215 153 21 378 8 44 108 123 6 183 73 222 92 66 181 161 209 117 183 351 213 238
265 25 1473 74 353 187 286 149 178 30 14 130 52 191 89 248 91 96 170 46 231 144 369 22 61 134 20 216 58 2 369 70 239 242 224 77 229 73 304 11 386 86 12 228 226 120 274 82 166 54 175 234 77
266 25 1517 86 35 60 207 51 219 8 21 190 399 62 314 77 241 186 333 201 223 220 164 52 295 225 71 120 258 188 223 133 274 70 260 113 26 10 231 185 332 71 183 244 186 160 136 221 144 88 245 13 51
267 25 997 198 107 127 320 27 35 10 1 19 333 2 238 242 216 15 104 96 399 35 318 32 330 53 393 165 125 86 304 21 300 7 218 106 83 40 184 49 137 139 33 240 228 26 155 92 231 152 41 16 70
268 25 1349 174 147 74 118 14 201 5 67 71 104 123 291 161 8 32 245 126 80 133 115 12 272 92 239 76 336 120 129 178 287 100 101 233 274 20 196 24 215 146 29 87 388 239 146 169 285 172 350 117 288
269 25 1709 111 40 231 252 17 116 221 146 45 207 195 47 189 168 16 387 193 141 1 291 219 339 180 210 235 149 146 258 198 215 147 111 204 229 12 271 97 234 66 291 40 310 138 230 230 153 218 174 70 16
270 25 1676 216 211 246 127 197 346 23 104 245 387 202 105 90 380 18 62 26 203 227 119 242 339 156 24 68 160 243 93 55 63 9 371 173 354 147 119 199 221 174 293 157 277 200 399 8 319 10 36 22 89
271 25 1507 154 315 177 209 38 346 218 33 125 95 46 247 219 51 245 389 99 116 214 194 24 390 195 224 49 13 234 184 34 324 189 1 100 97 140 295 67 322 84 293 68 30 39 286 30 385 224 381 2 339
272 25 1501 124 326 80 268 101 29 182 384 164 318 109 53 68 208 201 207 4 69 81 338 161 48 69 51 184 398 186 159 180 87 150 55 64 329 222 65 209 106 100 73 73 259 77 292 18 177 50 24 146 130
273 25 1677 63 206 130 231 209 63 228 244 173 110 182 174 164 198 153 38 114 11 243 165 85 117 125 111 158 345 40 9 118 85 189 280 92 268 60 50 232 289 45 6 148 79 180 162 28 234 49 41 146 293
274 25 1579 205 231 59 132 243 368 176 84 126 43 68 66 74 362 85 383 163 118 123 208 174 173 138 255 36 65 186 57 135 328 111 65 238 344 210 255 69 393 32 13 13 248 134 220 38 202 245 147 77 167
275 25 1493 234 131 152 400 20 87 156 4 16 269 121 253 12 282 159 183 126 192 145 290 91 33 115 75 154 255 128 198 101 104 14 337 86 367 186 307 205 344 212 322 62 234 176 23 5 293 228 352 82 318
276 25 1463 34 49 144 187 53 171 187 255 76 252 43 363 69 79 219 175 172 83 197 185 216 174 157 383 160 364 25 237 117 8 56 202 6 2 188 310 174 324 165 350 28 307 114 346 37 85 72 310 217 120
277 25 1730 144 34 94 253 216 203 18 290 241 34 198 48 135 305 199 174 215 173 150 379 224 177 187 337 124 174 123 145 89 265 29 173 10 381 88 312 50 30 104 133 229 301 67 183 52 92 247 74 227 99
278 25 1462 167 116 187 342 239 360 87 323 148 303 3 222 12 335 62 275 84 391 80 166 219 380 184 3 131 176 202 306 118 278 6 185 193 343 176 233 2 164 8 399 116 110 123 29 147 134 205 30 26 334
279 25 1738 98 296 216 231 198 98 158 201 104 226 179 359 162 23 153 87 108 154 53 267 155 220 78 277 249 324 62 55 204 37 89 53 182 254 183 181 1 241 232 306 218 12 167 379 86 69 67 145 75 219
280 25 1276 11 279 139 339 5 239 62 68 145 167 4 233 19 387 138 54 119 341 246 52 48 263 65 366 91 1 135 257 47 209 128 108 39 18 146 145 208 259 102 26 167 237 46 205 176 249 173 166 94 327
281 25 1704 66 308 41 281 248 293 117 357 90 75 236 49 113 353 144 209 162 304 170 163 81 286 51 77 140 177 77 365 244 323 243 209 180 135 190 378 30 356 36 321 233 221 219 47 225 14 56 236 17 227
282 25 1728 98 113 51 226 154 77 152 70 20 24 14 131 104 399 120 183 178 127 111 240 218 108 116 183 215 151 49 141 102 248 203 352 73 359 30 127 230 350 244 32 205 242 201 89 171 329 208 20 190 299
283 25 1880 239 97 214 371 63 316 69 103 20 269 158 271 93 266 201 19 197 152 21 40 183 75 235 116 103 313 223 374 104 74 112 302 132 264 157 153 117 26 221 274 96 313 241 98 232 287 101 4 229 383
284 25 1603 180 111 119 145 14 184 20 87 137 393 101 339 181 332 102 289 34 120 114 104 93 210 169 35 209 252 224 60 105 152 194 284 112 313 81 327 96 300 216 132 144 166 172 26 47 224 115 133 228 188
285 25 1552 38 389 206 274 100 359 47 259 163 250 102 49 212 116 231 390 111 280 5 295 75 72 218 100 219 43 114 253 186 194 40 225 84 148 183 106 91 271 146 395 71 109 60 251 101 273 232 5 69 156
286 25 1524 27 386 157 197 129 173 201 366 66 40 92 51 189 191 184 245 137 126 117 385 22 337 195 182 89 95 206 220 2 124 227 80 59 133 78 89 5 228 204 222 17 195 173 6 136 208 152 324 185 268
287 25 1472 110 357 56 257 140 294 201 95 65 2 220 391 81 230 25 260 169 332 37 372 53 354 19 377 111 56 136 64 231 21 131 191 27 38 247 18 181 349 214 347 103 233 137 335 62 363 45 332 144 281
288 25 1666 56 399 236 374 227 48 181 63 61 311 183 393 103 11 80 99 78 312 41 258 102 275 196 236 238 109 180 220 204 311 2 48 152 279 46 332 193 206 242 375 149 295 37 180 45 316 192 344 108 301
289 25 1153 145 232 197 33 21 107 62 290 210 324 66 364 22 267 144 19 150 86 24 392 88 300 104 134 165 245 28 172 45 274 55 143 8 25 201 272 13 147 82 176 70 1 71 88 152 358 12 45 171 285
290 25 1427 232 220 138 368 34 234 197 157 181 270 211 25 80 135 76 351 51 38 235 213 17 87 85 254 194 117 33 314 4 66 141 33 220 177 129 226 59 251 188 83 30 22 8 280 125 345 78 109 109 46
291 25 1438 95 193 52 382 238 368 14 3 171 280 37 264 164 156 42 293 233 50 243 172 32 72 244 40 153 120 134 230 78 93 28 374 79 307 25 398 223 377 121 304 116 86 117 123 29 59 58 78 151 179
292 25 1424 11 272 174 200 176 43 36 308 72 180 35 195 18 165 202 294 164 126 223 336 229 238 21 195 162 49 4 319 28 6 48 239 30 373 190 355 216 77 212 189 206 348 234 176 37 69 78 162 43 113
293 25 1618 40 80 86 336 144 86 91 262 14 147 11 354 126 284 195 282 151 372 246 39 79 43 124 354 109 362 225 236 73 217 214 249 85 152 142 23 105 138 238 268 191 365 51 385 147 353 156 342 193 87
294 25 1371 234 317 240 42 78 366 129 353 83 81 68 31 65 271 74 39 113 178 126 200 145 266 47 203 63 51 60 304 144 196 39 262 238 281 241 153 111 395 135 141 15 317 8 385 140 196 97 220 49 264
295 25 1483 241 15 213 343 27 13 103 280 158 200 18 219 87 350 210 140 111 256 24 103 170 343 60 355 82 8 1 251 81 399 167 71 115 381 216 341 245 370 120 303 19 290 223 108 91 382 97 153 88 272
296 25 1746 106 159 164 67 13 198 126 214 200 308 218 331 29 398 196 21 193 265 243 197 235 82 169 92 72 203 140 25 142 162 82 150 127 298 224 276 128 76 133 143 113 271 191 8 44 385 24 36 181 161
297 25 1376 119 1 154 292 153 94 18 194 155 99 146 133 49 158 209 224 137 284 108 279 226 71 200 18 130 345 104 254 136 366 100 87 19 291 91 262 159 387 68 209 132 201 9 391 11 284 27 244 92 5
298 25 1765 71 312 106 141 191 50 44 146 181 132 61 380 118 232 171 10 243 381 46 113 141 229 215 250 169 225 235 345 218 326 102 190 239 7 80 82 157 24 79 37 155 242 219 324 173 239 35 117 81 229
299 25 1588 61 109 143 112 130 317 47 176 186 74 27 126 213 84 155 296 242 30 174 80 136 315 148 11 87 238 146 104 160 128 32 271 38 377 134 67 245 82 93 181 6 271 108 370 204 264 165 397 96 338
