0 25 1728 119 73 81 23 208 110 238 12 48 173 51 125 221 23 69 2 145 149 45 157 41 15 120 59 91 99 166 164 192 5 204 10 229 59 82 161 70 97 222 167 196 124 143 141 172 162 142 43 162 64
1 25 1838 52 103 203 121 13 146 146 154 134 63 210 64 249 165 222 58 226 91 104 124 10 26 173 152 168 21 113 86 215 52 199 18 79 29 141 116 149 113 121 109 225 7 72 26 43 83 197 10 213 72
2 25 1853 194 40 19 46 132 141 60 92 133 36 93 175 116 71 242 107 96 30 179 154 206 161 152 31 82 46 140 105 230 104 226 101 168 122 121 126 14 107 193 46 70 85 248 110 232 114 243 2 118 172
3 25 1770 157 126 32 83 206 115 205 48 94 159 151 44 209 96 165 31 71 54 213 65 176 59 149 98 68 82 14 11 58 133 232 16 158 140 225 64 79 4 163 122 215 63 92 48 233 109 156 139 20 70
4 25 1528 64 53 169 114 220 102 102 32 162 84 113 2 94 154 202 9 157 80 221 155 196 158 22 69 118 32 176 123 120 95 42 33 97 37 123 168 224 25 77 135 14 103 3 18 106 111 101 38 133 8
5 25 1318 33 165 6 103 134 137 178 8 106 122 50 140 70 38 13 63 128 138 37 79 247 102 7 1 96 139 197 1 145 131 84 62 186 138 147 174 116 130 129 89 56 70 159 168 132 46 146 120 34 26
6 25 1465 68 12 59 171 133 148 135 79 175 132 111 160 145 71 48 116 69 113 47 174 1 2 168 9 222 27 156 117 223 116 169 140 78 128 162 60 250 149 140 49 30 125 34 99 147 133 66 42 95 63
7 25 1829 217 72 214 61 208 35 137 88 153 34 6 49 1 110 151 64 144 77 162 85 27 141 236 112 216 7 94 57 50 138 118 35 209 78 92 171 240 156 200 161 173 150 245 148 66 65 74 52 226 151
8 25 1297 20 136 12 35 194 156 16 143 145 11 110 106 72 63 222 142 54 155 66 28 42 39 55 14 163 147 128 14 198 29 189 169 64 52 9 96 102 81 34 14 136 55 210 21 33 164 88 62 232 101
9 25 1862 43 95 239 164 248 79 64 3 219 157 118 95 37 52 131 83 181 138 241 71 123 45 223 134 117 157 124 104 243 6 132 38 225 72 151 97 150 166 26 18 198 44 86 72 119 18 152 108 135 47
10 25 1470 81 6 71 16 197 104 240 128 22 120 134 9 69 30 161 118 4 2 20 21 26 38 109 61 237 80 6 63 37 40 219 23 159 85 19 138 176 21 61 120 154 71 190 160 231 59 113 59 204 8
11 25 1383 186 68 194 24 204 173 154 19 59 95 180 55 69 115 66 140 127 116 210 139 10 116 109 1 75 92 235 65 102 90 22 113 7 165 38 113 89 168 6 125 39 37 129 158 226 119 47 30 184 83
12 25 1772 243 95 73 4 197 100 145 108 141 23 72 37 135 156 229 49 67 41 248 68 105 61 46 87 213 166 110 42 126 92 12 97 142 167 219 168 211 78 133 108 175 146 45 80 124 93 97 93 236 21
13 25 1739 210 40 81 33 153 70 198 89 62 26 80 100 197 96 241 92 65 153 120 22 212 71 93 83 68 153 13 120 172 104 177 6 208 71 180 96 234 30 2 83 154 150 22 39 141 61 218 86 178 50
14 25 1548 137 147 204 136 59 68 32 132 123 58 212 155 131 118 2 89 200 129 124 78 180 100 68 29 117 3 96 154 182 22 141 156 78 128 189 70 210 95 18 44 83 22 149 150 201 63 24 156 136 1
15 25 1680 235 135 102 2 90 168 57 112 221 165 161 138 220 113 243 108 132 77 29 49 111 48 38 75 233 86 205 145 39 91 181 140 194 23 209 27 159 56 44 46 96 138 158 63 23 142 141 28 40 37
16 25 1808 14 39 182 51 240 41 213 121 235 1 86 68 242 82 140 27 233 25 83 78 71 55 141 30 219 65 221 11 167 163 172 155 203 131 82 93 45 38 58 97 176 27 139 132 168 65 67 124 19 164
17 25 1623 5 136 69 73 25 166 183 93 3 107 75 133 162 56 234 152 89 168 199 114 87 47 236 153 63 30 104 8 143 58 193 13 81 144 204 15 111 133 71 110 217 159 216 18 244 157 62 17 170 158
18 25 1437 130 119 70 60 6 99 213 15 219 20 84 106 2 102 86 142 114 21 39 51 212 48 93 5 42 136 186 28 105 10 111 175 7 95 155 132 182 21 50 54 129 133 207 57 120 100 98 40 214 48
19 25 1465 77 13 90 108 229 2 143 58 8 149 120 144 249 101 88 155 207 97 51 107 225 131 41 131 15 60 106 162 127 21 109 5 108 75 12 63 178 29 186 2 239 129 102 89 141 107 71 89 9 54
20 25 1398 88 39 71 171 155 130 78 166 106 25 226 35 207 52 23 119 55 151 115 90 30 29 145 81 217 12 89 64 1 72 169 163 238 164 60 92 137 83 28 11 133 115 44 112 62 139 166 38 154 107
21 25 1447 119 9 151 49 75 137 88 166 37 86 86 27 23 50 138 90 145 125 174 72 112 33 63 133 19 50 46 9 214 76 190 32 159 42 182 11 229 71 3 42 157 38 195 154 14 8 158 109 118 82
22 25 1359 70 51 244 154 44 95 77 5 183 127 121 14 138 138 48 175 41 118 9 99 16 29 105 55 151 64 96 94 72 142 66 121 189 87 22 143 139 60 137 3 232 88 195 50 241 103 75 32 8 156
23 25 1454 36 120 182 149 92 150 146 9 95 88 54 35 199 102 5 45 176 20 55 115 47 13 227 141 139 68 45 164 76 153 244 161 49 2 141 151 33 124 172 72 154 82 248 132 163 92 107 57 23 73
24 25 1692 203 11 202 20 151 121 89 14 96 18 210 158 144 136 195 9 64 78 134 112 174 139 245 21 70 32 140 53 63 87 117 74 102 161 75 124 40 144 196 26 228 89 87 172 122 52 149 7 88 25
25 25 1881 245 158 95 64 239 111 92 79 100 44 20 73 195 8 199 170 236 64 88 31 89 42 27 38 141 103 237 25 218 113 94 50 209 58 140 70 101 118 144 19 165 118 240 147 217 59 34 132 198 164
26 25 1616 247 39 233 74 53 126 153 164 75 22 168 71 112 2 13 106 129 30 151 124 219 93 163 117 134 48 152 117 72 41 39 60 98 14 238 75 128 49 140 133 19 37 244 147 24 76 28 131 201 101
27 25 1441 68 39 18 129 238 94 95 85 136 10 96 61 185 135 168 113 111 109 47 131 170 40 129 71 40 156 226 165 107 126 7 22 162 84 116 132 118 151 93 91 86 118 10 39 58 170 210 88 189 124
28 25 1385 166 34 140 147 61 29 30 162 188 151 131 24 11 171 207 6 247 75 46 159 142 45 3 84 22 168 77 12 19 143 158 91 106 139 195 44 26 172 125 101 157 147 183 37 70 109 182 79 79 11
29 25 1484 79 62 174 75 56 52 161 101 94 108 186 86 16 174 157 34 151 103 235 1 62 134 160 148 128 143 232 108 69 60 219 49 198 42 98 128 95 11 31 89 20 66 35 64 58 96 139 162 116 75
30 25 1698 40 151 73 93 120 106 150 141 215 120 39 87 213 114 16 33 99 46 98 20 113 73 107 151 157 154 91 96 85 32 95 77 232 42 246 101 174 147 243 113 217 57 151 54 20 169 236 95 166 8
31 25 1433 41 104 183 172 129 14 72 109 187 3 6 88 111 99 158 63 198 6 56 137 222 162 88 151 208 131 238 29 123 23 69 51 105 116 132 93 67 78 104 78 82 61 17 42 234 24 4 31 32 34
32 25 1384 118 103 145 107 5 129 14 93 232 161 165 101 37 19 20 88 184 22 18 139 53 128 55 119 212 106 247 119 112 58 111 39 52 42 119 8 32 163 89 43 229 66 204 97 108 23 161 144 46 31
33 25 1414 182 75 8 36 193 71 66 41 65 54 198 102 143 152 46 163 209 2 177 124 244 30 140 99 151 74 123 88 94 118 25 17 53 138 161 148 30 52 39 134 1 66 204 163 17 62 163 10 97 154
34 25 1291 183 74 2 31 11 48 75 81 222 119 108 111 204 107 68 157 121 126 8 113 30 11 46 50 140 63 239 74 186 167 59 84 245 166 146 67 40 126 16 58 58 151 139 40 120 145 112 70 4 24
35 25 1518 126 42 171 68 139 160 131 63 47 72 221 55 16 36 226 135 77 28 75 162 188 127 150 129 247 96 40 118 2 63 219 168 187 41 62 127 103 117 89 149 65 36 81 57 96 83 93 175 185 167
36 25 1652 36 24 146 135 152 144 80 16 86 158 230 6 18 24 163 145 203 81 135 128 20 171 33 104 243 17 17 104 165 4 52 160 88 104 155 170 246 167 202 151 248 104 95 173 216 91 172 51 104 43
37 25 1466 173 62 198 65 178 44 34 6 8 87 58 69 127 38 73 173 108 164 199 85 13 54 30 112 172 122 113 95 47 17 89 19 103 62 236 132 130 121 240 14 159 49 157 35 11 79 32 20 244 158
38 25 1725 155 7 38 136 218 134 57 31 5 56 149 144 26 101 130 88 234 134 85 125 247 19 223 30 162 80 78 21 61 134 133 98 154 144 106 61 198 13 143 64 86 147 153 171 132 138 246 30 231 118
39 25 1788 234 10 155 143 123 36 248 68 121 8 203 95 86 23 127 98 47 65 6 115 228 143 211 80 114 145 219 84 174 174 178 35 59 134 179 33 244 51 103 166 109 132 135 96 154 137 69 127 51 1
40 25 1681 241 130 119 129 111 84 248 30 44 73 130 146 134 165 155 63 73 75 90 100 216 148 81 150 244 11 213 64 137 90 89 28 96 32 33 32 40 32 138 83 154 42 156 13 57 112 202 31 161 141
41 25 1490 155 76 91 162 78 136 172 92 99 133 7 87 37 4 246 94 12 12 200 49 72 31 18 102 95 76 240 71 156 25 188 60 128 80 248 82 65 19 198 63 56 127 115 160 49 160 21 35 235 45
42 25 1267 6 140 39 9 136 164 73 8 119 25 220 130 54 100 27 160 16 147 57 4 124 138 232 13 122 130 125 117 66 84 163 72 150 51 7 160 164 57 67 132 138 63 59 64 189 143 105 10 76 160
43 25 1748 211 63 116 75 59 22 174 103 62 132 215 35 33 93 242 94 181 148 87 65 30 27 227 13 165 143 107 94 104 57 5 39 120 145 114 105 218 162 184 130 171 51 203 143 224 75 29 10 216 58
44 25 1716 136 45 247 103 62 155 23 117 137 53 81 133 249 94 239 142 230 25 98 152 25 38 205 19 70 130 45 100 191 11 110 129 157 158 163 53 86 151 130 116 129 11 197 91 224 119 192 23 6 73
45 25 1650 141 52 129 111 127 120 48 88 248 129 45 128 23 9 32 108 209 87 126 45 142 36 120 38 26 93 131 170 91 113 169 133 165 48 143 144 167 30 216 72 145 44 185 126 204 45 189 154 80 14
46 25 1444 34 19 42 151 1 88 68 89 233 26 5 155 20 172 100 14 228 140 10 78 209 106 139 37 59 9 175 14 150 32 152 133 125 143 160 26 7 153 216 140 230 145 121 26 116 21 93 137 195 48
47 25 1595 208 9 184 66 69 110 106 68 66 82 2 16 52 86 168 58 240 108 149 19 102 95 70 19 92 60 161 53 162 7 175 144 142 8 236 137 68 66 29 60 200 30 103 93 194 162 32 1 180 149
48 25 1377 97 171 185 34 100 147 168 125 67 9 234 80 223 28 1 88 148 158 164 175 27 33 12 160 35 147 64 28 137 112 75 72 174 20 140 148 188 125 34 167 22 86 41 25 73 138 109 137 237 146
49 25 1953 199 171 230 72 10 20 174 146 157 75 69 56 23 38 222 48 26 121 106 94 145 168 9 171 216 147 229 104 236 142 249 34 212 53 155 46 123 5 219 6 29 12 213 153 227 34 225 129 204 107
50 25 1687 72 125 75 33 70 67 231 75 195 66 216 68 1 155 22 5 102 146 186 170 228 41 209 165 218 10 123 43 38 154 124 161 128 50 245 25 191 150 51 110 42 94 179 92 148 53 48 74 233 46
51 25 1531 26 98 129 140 16 15 88 135 54 141 35 91 245 135 111 69 127 37 197 139 229 40 42 145 64 146 68 139 244 77 84 121 200 14 85 92 228 49 126 133 141 135 249 36 96 111 31 123 147 27
52 25 1728 188 25 143 156 247 108 27 166 222 120 67 57 242 43 73 126 184 52 202 161 35 142 173 58 79 168 243 37 92 116 40 154 218 83 110 89 238 56 63 159 47 97 100 142 144 127 52 20 228 63
53 25 1560 181 47 135 63 102 129 57 38 198 125 103 153 117 137 39 132 228 151 162 16 134 110 214 135 178 57 112 130 3 166 192 59 248 39 33 107 128 105 56 130 160 99 116 148 94 101 70 36 61 106
54 25 1445 51 171 159 134 7 113 11 72 181 46 161 83 44 101 140 52 103 95 209 108 131 7 50 103 38 20 153 57 82 64 87 132 211 122 217 59 3 165 164 123 175 71 193 152 13 119 105 109 202 39
55 25 1511 114 10 190 143 72 35 196 80 16 36 219 175 221 165 139 164 49 166 53 14 41 30 187 158 183 99 227 112 34 128 177 72 213 142 189 161 153 11 18 20 98 86 19 70 152 85 60 77 2 165
56 25 1639 116 142 146 129 25 153 204 51 217 37 30 18 235 94 111 100 82 113 113 99 33 87 186 128 232 37 162 16 139 89 107 29 205 152 9 156 80 162 81 21 198 163 188 84 158 174 58 114 163 72
57 25 1485 87 22 84 174 200 140 211 163 207 149 228 114 204 85 65 112 115 21 173 73 41 97 10 56 5 94 231 164 8 118 186 46 42 44 70 91 185 80 55 93 128 108 56 8 67 98 144 81 168 130
58 25 1536 111 114 191 16 245 85 171 83 217 140 195 162 206 163 83 171 249 87 1 42 91 135 149 123 201 123 18 33 43 60 63 3 73 153 169 62 115 152 30 4 21 119 87 61 126 57 84 38 134 27
59 25 1739 180 20 76 55 70 23 72 5 90 157 217 44 181 121 38 25 135 54 28 139 150 82 221 87 83 129 171 47 199 153 209 174 7 29 174 106 35 40 187 1 219 121 98 20 205 152 197 46 236 24
60 25 1426 177 106 35 136 59 7 134 50 6 114 209 81 195 89 54 75 123 119 163 98 229 134 45 101 153 102 29 127 174 41 2 52 71 61 63 7 93 148 231 150 236 116 80 33 129 134 9 126 154 24
61 25 1597 225 57 7 22 59 111 75 13 64 48 55 165 199 153 203 88 209 72 13 16 96 100 184 100 132 137 160 18 165 88 16 66 46 22 214 57 134 140 146 148 137 75 114 88 177 141 152 12 212 14
62 25 1787 130 59 116 113 186 47 226 170 239 115 10 81 233 157 229 23 113 13 188 83 162 151 208 75 215 34 193 17 223 31 132 27 165 97 164 50 96 14 46 161 131 57 42 65 64 145 12 53 51 136
63 25 1608 145 27 95 147 191 105 214 59 52 171 41 153 87 139 168 88 234 84 84 47 39 142 63 55 7 82 116 35 66 17 172 135 245 43 83 85 197 48 196 76 219 11 3 105 226 123 93 12 181 103
64 25 1616 83 21 221 147 175 28 78 17 114 70 160 10 57 29 152 89 191 175 37 36 50 5 223 105 161 125 177 80 111 59 234 170 29 30 41 130 182 171 48 72 215 133 33 48 213 109 12 53 235 98
65 25 1539 140 160 154 87 41 141 14 94 21 149 27 29 157 58 61 138 241 58 110 139 200 42 72 157 56 108 136 16 232 76 177 62 239 19 153 152 137 50 228 65 28 48 23 113 58 35 180 168 194 121
66 25 1743 242 138 41 63 96 72 248 106 239 154 6 40 68 122 233 45 98 146 75 35 225 49 7 62 84 118 94 151 238 164 117 152 179 72 102 101 28 65 135 81 74 106 190 95 181 85 240 30 246 114
67 25 1500 179 4 128 39 148 173 239 136 38 80 87 68 135 9 145 88 13 111 169 147 44 19 233 113 58 170 227 89 92 17 194 71 57 145 93 20 80 105 1 42 173 63 152 67 150 14 4 95 162 147
68 25 1503 13 39 132 50 198 28 78 164 69 144 157 141 140 116 61 82 212 40 214 165 158 161 52 61 54 26 74 7 120 36 206 57 126 164 233 126 166 12 139 109 30 47 202 71 64 162 105 76 3 118
69 25 1609 90 61 203 93 71 108 45 172 16 39 84 46 147 36 159 131 236 26 142 76 160 98 123 11 146 63 224 100 63 151 169 4 238 98 246 111 80 167 9 120 157 92 168 78 4 153 135 90 104 128
70 25 1653 215 115 151 89 77 21 227 52 147 91 127 115 247 17 37 167 229 43 134 12 164 165 180 106 195 8 111 31 24 41 59 41 209 106 108 31 9 127 100 112 168 46 55 56 189 33 23 149 121 38
71 25 1255 66 77 221 137 187 6 42 135 146 127 152 2 12 83 34 167 241 144 220 115 130 137 37 10 44 128 69 91 1 40 206 18 91 51 29 2 6 123 89 78 124 90 179 36 22 114 104 115 59 76
72 25 1689 56 115 164 168 224 8 22 120 125 22 186 5 190 53 5 170 7 87 242 145 114 168 144 28 60 157 58 124 117 60 229 132 249 123 232 58 46 1 182 43 61 114 109 14 220 53 195 57 141 45
73 25 1812 239 26 191 143 237 24 160 41 187 91 22 85 15 53 94 36 231 52 230 166 240 113 81 135 117 2 143 113 119 14 126 147 129 43 33 103 170 118 243 6 35 139 142 1 118 10 211 23 111 90
74 25 1772 241 28 129 123 14 123 152 131 235 70 196 113 66 25 132 1 202 126 245 71 8 104 161 174 179 3 242 3 198 8 70 50 162 92 15 111 143 97 95 65 217 84 182 43 41 82 94 166 126 41
75 25 1467 201 81 151 51 37 31 186 103 8 58 60 2 134 98 170 50 35 88 21 5 179 164 140 35 232 105 242 2 123 94 168 148 77 93 23 138 98 35 207 69 51 133 177 51 55 3 10 92 150 41
76 25 1793 147 114 131 56 220 12 99 123 34 45 165 33 246 83 83 158 182 67 139 136 1 73 214 26 77 92 88 145 141 80 43 131 162 24 200 174 249 48 209 170 167 15 48 124 224 80 140 149 177 125
77 25 1713 94 41 2 123 234 166 169 149 121 37 105 57 112 6 207 10 205 91 232 21 82 148 68 107 72 149 173 95 220 50 21 39 240 148 86 23 213 54 198 33 67 54 217 103 162 98 38 43 88 71
78 25 1974 238 171 218 156 202 164 56 2 136 76 76 81 191 117 30 53 241 145 233 88 177 150 194 45 227 132 168 166 174 132 236 39 230 104 69 31 94 101 157 106 1 59 89 91 118 120 240 162 153 5
79 25 1588 241 2 75 162 178 56 4 69 204 63 131 92 192 11 137 174 30 13 233 162 215 66 50 58 168 145 177 157 231 29 38 73 112 60 60 117 15 130 198 52 85 64 20 71 153 19 152 117 78 113
80 25 1669 183 68 163 140 60 57 117 69 14 147 106 39 179 93 98 63 211 64 44 158 43 53 174 112 178 107 3 69 234 141 226 154 130 93 140 63 134 133 28 7 166 66 210 35 63 47 195 52 240 28
81 25 1548 69 70 128 57 71 155 139 174 200 74 41 175 54 122 192 94 184 127 3 13 209 145 29 118 4 43 217 49 58 53 241 29 132 73 52 36 213 127 135 88 17 36 92 165 205 12 175 56 237 166
82 25 1384 159 65 211 164 208 29 64 3 188 43 19 17 199 68 118 134 55 96 120 169 212 31 35 151 87 121 25 167 162 88 10 122 128 45 37 62 100 101 214 37 168 59 103 67 28 22 102 9 17 172
83 25 1746 128 80 104 112 32 115 185 133 8 148 21 19 221 175 190 157 186 89 107 101 76 50 187 155 243 64 102 94 148 95 167 75 152 47 38 8 163 174 193 23 213 41 93 139 81 175 249 169 206 124
84 25 1883 194 107 185 99 74 149 177 95 148 148 186 97 149 33 61 109 72 60 228 169 7 167 235 25 105 92 199 153 35 81 203 6 190 163 156 13 138 134 134 135 181 70 58 32 229 70 217 50 206 144
85 25 1980 144 113 235 55 164 89 146 114 191 32 71 143 214 160 132 94 125 21 154 58 7 112 77 164 118 7 136 61 207 141 129 77 155 163 181 168 201 78 133 118 209 79 237 123 213 169 143 14 239 47
86 25 1540 197 146 85 175 161 79 32 123 239 40 117 93 245 131 175 90 133 102 47 125 60 52 213 134 65 156 227 128 172 175 51 94 61 1 31 14 59 129 204 175 19 120 142 138 2 116 177 59 167 26
87 25 1385 110 53 177 147 14 168 5 117 96 76 216 98 46 28 173 151 241 58 106 169 82 99 115 148 239 118 140 67 101 106 92 160 236 169 31 124 111 60 90 83 62 157 56 82 34 80 35 26 163 92
88 25 1751 171 171 116 62 69 31 104 33 222 4 64 140 101 159 147 1 44 109 142 52 197 23 9 81 183 90 190 10 102 8 182 25 68 168 205 46 177 127 226 117 92 142 244 100 90 146 170 123 187 73
89 25 1510 172 11 233 27 18 173 118 4 126 125 210 50 150 27 42 154 49 21 132 51 112 175 69 108 201 9 3 121 133 90 95 54 25 78 130 95 247 98 227 124 235 127 148 63 45 28 14 165 87 116
90 25 1647 79 86 60 36 214 95 140 61 202 4 30 81 206 109 237 152 86 74 37 84 210 13 83 173 84 160 199 71 76 29 34 135 16 97 204 130 182 58 234 36 115 16 170 76 242 129 38 42 117 73
91 25 1827 177 156 55 149 240 167 186 40 112 61 168 172 248 108 243 28 87 51 60 172 237 1 212 33 127 155 88 66 22 107 239 150 43 123 201 159 233 65 98 20 9 171 92 41 189 22 130 139 158 76
92 25 1605 52 84 115 36 162 44 101 27 42 82 165 16 118 135 240 19 45 74 160 94 169 169 190 87 211 155 108 90 193 168 141 122 51 32 109 37 127 109 138 71 217 53 111 160 214 3 5 83 26 16
93 25 1613 2 146 184 91 158 20 170 142 86 164 234 53 162 34 21 47 163 131 235 8 48 139 145 84 102 72 238 34 123 78 212 118 39 102 177 60 173 96 120 137 129 23 15 83 111 20 1 22 179 125
94 25 1766 85 74 133 111 170 95 147 94 224 133 164 14 112 142 34 62 222 122 68 171 172 157 3 41 44 75 193 91 178 167 75 128 113 75 195 86 18 46 218 158 236 79 225 86 215 163 59 11 230 54
95 25 1929 157 38 183 175 207 7 42 174 212 11 225 14 209 37 40 106 197 58 128 142 192 140 18 27 161 106 110 74 12 138 155 2 121 54 233 54 148 83 217 83 107 83 193 146 172 175 242 6 177 35
96 25 1258 23 69 57 117 45 119 72 5 67 11 92 49 212 14 179 96 70 151 178 136 60 134 20 128 79 144 154 173 124 33 134 148 176 42 140 20 111 113 29 123 68 4 209 156 133 31 52 35 33 115
97 25 1388 120 144 209 174 99 102 127 23 228 134 7 25 234 73 114 56 10 52 179 166 26 23 94 87 81 76 192 157 138 127 71 134 97 32 82 120 133 35 68 10 119 151 187 29 75 125 9 60 78 140
98 25 1599 225 106 137 43 42 142 146 110 201 160 161 21 243 132 152 74 54 162 133 173 98 78 148 159 57 172 186 167 158 63 58 82 70 95 52 161 13 174 196 138 183 133 86 77 215 12 100 143 84 140
99 25 1816 73 137 239 106 95 62 143 13 220 33 171 153 77 17 106 163 81 54 235 169 188 17 231 89 8 117 165 27 44 76 218 16 139 56 85 118 68 47 237 100 219 166 151 160 147 65 118 100 174 138
100 25 1443 90 118 243 155 77 161 172 29 104 72 171 46 160 29 246 119 63 142 84 112 11 149 37 72 20 102 164 97 2 26 113 121 17 123 81 115 203 109 61 123 107 72 102 167 198 89 209 81 152 46
101 25 1373 7 38 117 28 16 158 49 120 160 88 190 55 132 164 10 146 141 20 84 41 151 30 68 52 174 91 17 132 148 118 54 156 208 95 134 73 154 132 92 16 195 59 95 76 72 156 98 163 181 28
102 25 1314 3 163 145 156 111 87 123 94 12 17 147 17 99 143 150 24 174 134 15 14 128 75 35 55 72 40 4 109 91 35 213 120 122 109 51 159 221 175 29 34 166 125 100 142 194 75 40 44 183 6
103 25 1535 57 12 156 93 68 27 182 96 112 125 107 49 171 105 32 146 15 154 97 118 187 138 69 62 231 90 138 70 83 122 27 15 185 109 82 129 116 26 223 142 133 73 12 62 180 135 227 10 181 46
104 25 1445 72 20 190 60 25 4 97 146 136 95 173 127 54 108 61 157 170 76 182 92 119 116 40 30 230 21 214 106 205 47 178 28 41 42 87 166 35 113 158 154 34 159 145 144 67 89 121 101 57 39
105 25 1592 16 123 221 20 18 11 52 150 32 55 54 123 198 66 240 95 175 27 127 81 139 162 239 160 208 6 78 83 4 144 23 2 120 121 174 46 247 58 2 51 232 150 43 71 169 19 124 122 249 14
106 25 1716 158 140 248 40 247 47 45 29 51 113 26 79 101 95 126 118 23 8 21 100 164 145 217 36 240 35 110 136 136 100 146 75 175 62 221 121 156 49 123 143 226 70 98 79 196 15 128 10 50 169
107 25 1801 107 68 129 146 152 115 84 37 165 129 11 114 90 108 161 23 158 59 215 134 111 60 106 39 82 22 191 61 108 42 204 116 209 83 14 36 172 147 249 38 177 137 128 68 194 164 174 57 212 159
108 25 1516 168 144 100 149 242 165 59 149 132 88 165 140 197 130 52 168 126 26 158 154 14 135 21 9 73 113 12 123 119 148 138 93 83 36 234 72 194 10 105 133 201 22 4 30 98 97 207 175 131 85
109 25 1530 13 40 232 124 90 44 185 87 39 85 170 76 2 77 163 38 226 157 22 30 16 99 228 20 53 26 243 59 177 173 220 117 37 51 215 153 122 1 165 62 10 36 40 64 202 78 15 160 176 46
110 25 1685 176 24 174 72 153 76 39 11 129 138 232 170 49 157 236 129 155 37 43 69 246 30 58 161 119 11 13 135 21 163 181 48 186 56 94 138 158 84 100 161 183 156 146 167 191 149 121 29 168 89
111 25 1612 25 173 48 112 116 84 100 76 31 139 133 80 177 90 125 66 97 83 68 7 103 25 189 125 216 132 124 14 10 66 179 111 140 152 223 156 237 24 208 69 164 90 90 4 172 156 227 31 23 160
112 25 1310 85 149 1 84 90 57 57 155 93 50 58 129 89 11 53 46 122 153 153 92 241 144 81 124 14 163 200 19 12 87 228 85 76 68 172 30 187 71 13 15 62 98 69 7 146 85 213 62 105 79
113 25 1216 69 154 217 33 28 63 39 17 55 2 131 69 227 87 183 147 51 99 10 51 18 92 172 165 236 28 132 66 71 160 8 128 90 172 48 55 113 103 168 160 127 144 21 34 92 47 102 97 25 70
114 25 1812 145 14 247 80 144 30 171 114 190 80 194 79 101 116 8 88 195 166 232 4 118 100 50 126 69 98 183 147 196 84 241 65 200 64 219 93 68 91 56 84 20 51 137 47 37 163 237 68 167 4
115 25 1837 245 43 132 138 142 14 186 112 123 103 176 172 116 121 164 60 89 96 144 160 172 107 182 92 230 143 104 69 235 47 24 156 189 155 143 7 219 5 18 68 207 95 72 18 29 134 231 26 102 15
116 25 1445 224 33 223 65 213 142 44 83 129 167 156 134 58 111 204 64 131 58 7 148 90 78 188 63 45 118 73 102 18 99 169 94 9 116 33 123 35 103 205 38 195 160 121 152 22 49 240 152 59 23
117 25 1366 76 50 1 90 114 172 182 87 24 152 110 17 145 95 184 29 42 168 207 71 130 28 208 3 4 104 28 20 131 88 193 158 187 120 173 28 191 81 89 39 7 100 3 20 134 38 10 65 159 117
118 25 1658 92 141 94 72 196 123 41 126 161 110 236 172 129 158 101 170 113 114 135 97 91 42 76 12 184 109 124 93 48 134 36 66 249 129 187 122 204 53 224 89 62 134 43 116 163 12 229 153 98 77
119 25 1634 43 39 127 4 24 11 230 69 235 163 104 51 214 33 162 10 38 41 233 151 155 17 212 22 159 76 160 89 179 7 40 23 98 67 121 54 158 89 88 20 63 83 77 92 164 94 166 75 18 29
120 25 1524 121 76 57 82 165 135 241 131 159 88 222 137 60 75 96 174 15 143 143 154 52 121 107 119 136 126 153 25 239 6 173 66 187 156 32 23 146 163 34 133 161 72 43 38 68 18 102 10 137 105
121 25 1644 86 82 137 131 244 64 202 21 65 167 128 162 160 90 143 66 189 165 28 47 123 39 194 142 26 138 159 4 147 120 8 159 153 46 167 23 111 70 245 151 114 22 162 73 38 81 213 2 46 168
122 25 1637 50 170 133 120 36 60 207 96 238 30 192 147 141 171 195 82 193 80 128 37 230 166 160 169 13 123 1 3 26 98 22 102 19 154 54 15 228 101 104 135 142 25 175 89 246 8 131 76 210 119
123 25 1634 132 126 79 77 213 78 228 167 5 27 163 81 246 93 54 124 182 34 102 160 168 120 87 94 34 157 26 116 234 60 185 118 37 15 194 175 94 146 243 48 148 106 130 93 175 34 43 107 67 21
124 25 1380 243 36 91 54 29 174 13 31 139 23 140 150 65 77 141 159 28 34 31 172 183 80 129 163 24 79 98 144 160 41 164 77 101 129 83 6 229 97 136 20 44 102 144 61 155 135 71 9 120 103
125 25 1756 156 28 233 84 217 156 87 164 26 148 181 90 102 58 45 134 113 101 232 75 95 127 226 90 189 133 124 9 16 171 212 146 194 32 216 76 143 131 77 143 61 68 193 64 229 57 139 135 6 108
126 25 1893 86 108 73 75 65 48 135 31 245 171 103 19 141 9 209 144 154 116 222 146 89 139 147 54 167 103 93 3 160 127 165 143 101 139 159 151 176 16 123 169 239 64 204 174 92 130 194 120 244 16
127 25 1784 23 87 245 17 239 130 144 131 249 94 46 82 96 71 248 41 94 68 181 84 246 29 117 5 172 46 10 66 167 106 58 139 219 152 156 83 151 15 56 171 110 40 92 156 164 82 174 6 112 84
128 25 1487 53 117 100 32 114 22 119 81 113 1 138 103 44 91 58 53 99 160 167 154 56 152 70 22 209 108 180 109 188 168 217 141 186 16 151 37 69 6 124 44 220 126 11 11 40 34 97 134 152 110
129 25 1683 36 125 43 68 181 151 58 150 242 123 111 159 248 138 170 94 94 20 62 65 22 151 27 109 243 110 156 1 101 9 237 36 161 129 5 116 16 72 211 151 55 36 238 51 229 58 220 67 200 168
130 25 1760 95 1 152 62 213 159 239 140 67 125 227 78 156 43 158 118 185 31 30 62 62 115 1 89 68 11 60 112 235 127 210 30 242 174 63 55 188 5 204 114 208 58 97 102 64 36 74 145 222 62
131 25 1512 35 73 225 129 8 109 15 169 37 20 155 67 13 79 4 44 218 60 149 109 193 58 5 69 124 145 232 74 114 3 148 52 9 129 136 19 229 56 240 9 122 4 164 2 198 81 212 71 39 6
132 25 1564 154 93 176 4 212 132 30 153 64 152 90 100 130 76 170 100 56 150 41 164 73 94 102 75 193 110 113 14 123 95 44 18 247 99 81 79 53 33 217 144 37 108 245 91 133 139 116 82 229 163
133 25 1525 151 158 89 118 119 128 233 16 124 28 110 146 4 66 126 58 50 17 228 61 101 47 104 109 238 120 24 78 179 4 142 4 138 58 23 31 237 8 99 11 87 33 83 92 208 150 152 151 1 1
134 25 1418 192 161 240 62 211 19 42 40 187 45 54 94 244 10 108 103 10 45 142 19 152 8 69 159 34 45 9 88 58 34 215 127 197 29 157 47 6 48 83 52 127 154 72 13 163 52 47 57 18 40
135 25 1442 133 127 35 41 88 131 101 150 16 161 116 92 157 44 183 14 67 88 136 126 164 64 56 87 151 93 213 74 199 82 34 25 25 96 8 175 22 98 86 62 241 119 57 48 225 112 145 52 227 35
136 25 1573 133 138 113 27 26 161 3 7 176 160 242 78 210 89 85 9 235 109 21 173 51 90 131 123 123 157 184 169 34 87 81 143 74 93 219 126 205 146 160 131 8 126 60 117 217 21 152 151 204 50
137 25 1578 26 29 241 158 78 115 215 163 186 150 124 91 117 99 208 87 14 35 159 146 17 86 55 60 127 152 88 55 105 12 57 110 204 139 139 44 130 3 104 31 221 147 30 36 228 43 245 161 39 36
138 25 1320 148 145 95 127 97 57 56 28 146 139 115 149 27 153 17 159 106 122 89 33 44 138 161 123 123 163 218 67 125 156 229 173 200 173 149 71 201 76 19 15 100 147 67 43 7 124 42 98 59 85
139 25 1385 85 119 10 34 209 152 27 33 84 155 105 35 77 130 33 159 12 158 35 105 47 86 29 140 55 160 239 48 232 24 135 141 219 119 226 27 222 52 6 66 189 159 173 121 218 34 2 116 101 89
140 25 1284 94 41 143 153 156 43 110 129 77 2 22 95 3 99 43 29 60 124 112 25 239 20 197 62 12 33 116 165 48 42 203 141 32 73 18 12 140 154 92 68 6 165 139 110 163 106 215 24 129 151
141 25 1521 99 169 121 47 30 134 129 21 201 51 112 155 168 120 54 88 33 120 16 49 123 38 232 103 32 49 176 87 124 151 231 171 23 135 182 78 155 32 31 18 136 98 190 10 246 159 103 94 96 75
142 25 1556 59 122 13 4 107 115 240 80 166 170 178 90 230 159 42 86 92 74 104 2 122 42 18 158 63 2 162 158 199 87 193 95 47 80 225 128 245 165 234 87 184 61 51 90 121 167 1 12 16 81
143 25 1426 41 39 124 8 48 11 161 10 71 134 198 38 106 144 70 105 248 91 44 81 177 55 244 154 94 139 170 121 178 12 3 118 127 102 175 89 38 11 234 46 35 74 1 5 20 158 37 76 209 15
144 25 1711 55 77 143 76 168 114 48 145 201 153 164 129 131 142 205 144 179 140 130 77 76 55 177 5 211 58 237 12 142 28 93 93 45 170 112 133 95 33 10 122 221 166 229 40 245 122 37 103 69 62
145 25 1609 184 123 169 134 58 101 222 46 242 174 189 12 168 135 48 128 79 131 89 27 178 154 155 67 124 104 35 160 133 130 123 142 52 66 200 135 244 72 57 85 45 145 23 65 82 171 144 162 176 157
146 25 1499 189 130 213 170 97 13 75 158 199 83 187 171 24 166 214 148 52 7 246 83 43 68 205 141 59 111 136 102 47 63 35 87 117 172 134 15 184 110 149 157 17 63 55 42 28 168 217 154 76 12
147 25 1435 38 43 104 67 183 164 129 143 215 76 82 127 114 1 98 174 115 109 159 141 117 102 53 21 169 80 40 135 10 140 96 72 85 27 39 167 65 117 187 82 194 118 233 110 170 132 8 87 167 18
148 25 1518 2 86 45 79 56 65 133 73 199 169 164 146 40 173 49 28 117 141 97 78 172 56 92 164 59 3 131 128 81 116 74 109 173 113 118 72 188 61 238 84 150 60 234 130 101 174 176 80 147 167
149 25 1633 177 54 118 145 143 151 199 50 205 154 242 129 162 141 166 131 90 4 241 77 39 117 61 97 71 139 221 123 120 94 165 73 148 132 17 167 59 142 13 120 109 116 108 101 238 115 14 130 141 27
150 25 1661 72 129 175 119 169 172 92 88 216 6 38 40 139 156 106 22 223 48 209 44 183 102 27 108 12 166 75 25 48 40 178 146 120 104 66 38 201 132 166 114 215 32 152 45 87 73 194 86 159 13
151 25 1586 195 137 241 2 225 8 28 1 107 43 130 52 214 108 143 27 33 51 31 25 165 147 66 16 219 91 12 156 26 149 175 64 216 29 213 173 156 63 30 50 192 108 126 50 67 9 103 147 60 67
152 25 1926 193 43 184 110 161 151 123 117 76 21 168 164 211 171 128 161 202 67 117 76 233 149 164 86 26 132 119 78 178 80 246 22 222 29 84 83 230 156 126 82 54 143 73 141 89 75 203 142 242 144
153 25 1525 92 76 245 133 36 95 189 56 249 169 244 167 7 99 227 141 3 35 116 162 88 109 84 130 99 85 8 15 126 3 183 104 172 142 89 168 197 141 232 59 44 140 58 48 81 62 157 71 25 71
154 25 1635 206 58 150 6 243 59 247 170 39 7 23 112 173 164 105 157 12 70 209 168 31 130 82 65 227 62 203 60 210 128 80 67 187 131 192 69 1 30 200 175 41 25 190 47 33 51 142 119 45 24
155 25 1322 198 129 65 51 242 167 10 101 244 41 70 83 21 42 63 162 12 113 43 139 40 111 38 31 182 145 134 75 163 78 50 137 156 139 89 175 131 98 200 51 19 133 161 87 71 74 124 60 119 137
156 25 1709 126 154 76 157 87 47 90 164 12 94 163 73 127 27 164 101 9 136 177 9 151 48 94 163 159 66 136 109 4 47 228 59 247 11 246 19 125 136 107 120 123 156 221 49 96 159 207 125 243 32
157 25 1475 172 88 121 107 203 33 66 79 112 87 31 172 86 141 219 31 42 104 37 89 52 117 209 152 61 82 119 8 155 77 54 17 197 87 44 104 152 49 17 16 230 39 178 122 107 58 41 88 246 4
158 25 1480 189 112 89 167 124 20 4 117 229 33 68 7 101 66 119 171 170 22 195 13 214 26 176 41 172 35 100 62 95 42 164 159 181 105 134 152 111 103 6 20 45 162 221 163 7 41 34 56 12 146
159 25 1409 194 87 99 110 209 33 36 97 106 56 114 69 39 119 125 47 70 160 149 75 105 71 214 27 58 72 244 168 52 106 13 173 42 136 34 52 195 69 124 77 199 89 22 139 132 97 11 103 233 136
160 25 1456 230 39 56 170 115 65 116 109 9 170 114 172 117 32 132 75 109 79 70 34 80 69 172 102 107 130 100 19 59 57 38 96 137 159 135 29 152 70 212 21 60 35 139 117 217 40 27 70 209 35
161 25 1377 76 29 133 127 38 87 26 56 197 160 87 110 82 151 20 18 131 96 163 42 193 172 177 81 245 97 64 91 25 93 211 82 95 123 45 147 106 67 33 144 78 164 119 47 182 99 18 94 210 67
162 25 1702 221 118 205 17 214 95 159 73 247 1 5 22 8 50 244 40 143 78 9 47 242 104 168 50 80 37 220 99 99 11 94 168 192 110 158 87 68 81 58 170 14 12 17 123 213 10 88 107 239 171
163 25 1894 28 107 176 48 106 80 84 100 128 134 63 73 126 79 232 134 65 1 139 74 248 79 138 164 202 150 159 38 160 161 195 38 233 102 192 94 79 120 141 17 180 169 226 113 61 153 203 11 225 8
164 25 1605 23 113 35 127 112 175 235 102 111 97 21 173 107 172 240 25 161 53 242 29 7 61 231 121 48 136 183 62 182 58 125 67 134 63 66 120 16 26 241 13 224 147 162 115 223 138 77 3 5 155
165 25 1317 159 90 63 155 39 98 104 71 9 63 130 135 13 175 21 57 42 21 75 130 23 116 187 148 103 63 107 20 10 173 91 61 233 122 209 16 184 38 78 114 203 104 36 45 206 60 74 104 235 91
166 25 1517 15 32 119 80 183 77 76 142 175 34 33 112 168 29 222 35 114 60 87 127 42 60 149 89 115 11 214 93 95 155 60 78 200 166 62 26 116 3 52 76 137 166 218 67 37 152 180 48 166 31
167 25 1602 61 159 90 10 97 57 70 113 101 66 142 60 145 18 52 156 218 69 60 97 69 22 187 63 13 75 217 145 23 109 225 158 144 67 93 123 213 55 175 30 248 87 224 140 238 106 9 7 91 80
168 25 1846 177 64 168 167 3 43 133 97 117 93 22 101 111 140 195 103 114 34 207 113 89 104 224 14 245 114 47 29 172 162 235 48 127 53 14 154 247 23 176 38 67 149 163 78 190 32 232 153 218 116
169 25 1374 90 106 96 91 71 66 81 17 94 102 105 3 201 6 82 165 212 103 64 14 42 81 139 80 160 53 163 116 130 130 33 96 37 54 88 133 219 168 76 14 169 106 93 22 13 25 186 49 104 151
170 25 1831 212 46 231 25 202 15 177 166 133 83 96 140 229 134 145 166 193 113 86 19 128 31 51 96 77 13 247 62 139 2 215 77 97 70 52 125 187 155 116 146 90 38 85 43 46 105 235 64 194 145
171 25 1581 7 99 28 7 246 29 221 92 218 34 45 82 61 117 228 14 143 14 145 158 84 9 70 71 153 16 102 38 104 147 59 137 172 136 120 42 190 115 10 34 199 5 9 98 167 74 183 43 198 18
172 25 1846 202 142 240 56 234 18 195 14 90 54 150 36 191 71 30 132 211 164 11 168 31 21 140 148 194 32 232 136 129 24 214 97 89 45 83 106 114 46 222 144 23 108 160 68 243 78 152 35 113 97
173 25 1609 115 58 88 64 28 19 145 89 249 94 4 71 184 98 180 89 139 125 186 157 222 70 118 167 133 161 69 136 47 84 232 111 70 175 146 63 71 136 87 139 189 84 99 89 215 13 102 89 100 60
174 25 1331 238 21 178 4 103 115 124 13 186 132 72 23 127 91 22 130 195 59 18 160 99 28 209 137 17 73 15 81 222 100 20 67 2 73 146 168 96 85 3 131 227 129 48 101 128 145 162 97 6 135
175 25 1750 50 14 72 116 188 136 98 109 12 67 202 90 89 72 107 62 184 161 141 89 113 46 139 13 122 66 109 8 114 142 163 55 215 29 117 153 178 28 164 70 79 104 235 53 237 71 211 148 161 76
176 25 1488 87 33 189 26 4 31 9 113 170 24 32 82 5 73 162 149 192 153 16 136 31 121 72 33 132 170 120 56 207 96 44 15 109 94 195 92 54 58 186 78 216 144 134 163 209 15 222 36 180 59
177 25 1653 44 152 232 3 160 151 73 116 235 95 59 124 203 80 18 71 158 102 6 12 19 125 171 157 7 156 246 80 142 27 240 10 221 12 112 49 61 154 233 105 140 83 210 44 27 155 151 31 138 13
178 25 1544 99 39 210 5 120 90 27 76 183 155 40 69 209 87 106 173 212 91 151 94 71 115 203 105 135 105 161 136 60 173 75 158 136 140 132 102 68 107 110 73 73 78 181 162 35 28 248 28 44 25
179 25 1305 247 123 4 32 77 166 19 163 64 70 248 1 80 87 208 8 106 116 69 53 166 49 111 154 33 65 51 35 22 46 59 94 44 164 2 22 32 47 210 120 66 109 170 22 97 129 206 152 220 175
180 25 1375 132 62 23 44 40 32 158 92 94 107 138 79 50 108 20 103 4 1 24 115 145 66 123 41 187 44 247 69 171 41 18 4 54 115 93 124 154 34 142 85 86 80 164 165 161 114 113 125 210 28
181 25 1328 98 53 91 18 224 160 190 41 204 18 94 121 89 61 144 20 71 60 131 44 179 167 93 156 160 158 21 60 118 100 84 47 16 28 170 152 43 110 155 60 53 125 90 170 29 25 105 160 4 149
182 25 1612 116 11 46 75 130 145 185 51 87 113 245 113 182 31 45 168 108 21 243 149 141 37 209 46 212 115 80 54 121 58 104 37 96 49 88 50 119 150 153 155 14 174 95 20 55 141 112 89 238 105
183 25 1254 63 130 16 173 1 4 37 7 158 110 15 61 246 87 12 35 38 105 59 15 186 72 41 107 95 49 230 108 212 161 22 141 201 144 191 130 33 125 39 167 91 26 139 77 162 148 89 18 132 6
184 25 1495 79 30 171 162 173 167 36 2 76 47 87 48 39 89 93 130 20 27 56 8 120 46 209 108 197 122 183 112 115 16 17 43 220 112 106 142 53 41 145 4 239 83 78 53 222 20 109 168 147 39
185 25 1646 151 41 59 11 126 30 182 8 141 96 223 60 90 44 48 98 186 76 188 107 81 4 15 60 56 11 179 16 180 102 80 120 89 142 170 120 176 54 85 148 153 121 196 94 62 83 249 15 128 104
186 25 1627 179 62 184 16 65 151 195 44 229 127 138 142 120 34 11 145 237 148 220 139 245 159 84 163 45 119 183 70 83 135 24 138 48 134 230 138 110 124 58 138 152 145 7 122 103 144 168 66 137 29
187 25 1676 163 145 14 150 164 7 185 9 116 21 82 55 144 140 59 133 249 133 165 14 134 61 47 107 63 40 175 105 83 161 183 97 181 173 98 46 32 54 197 130 187 152 123 2 85 105 177 94 246 42
188 25 1190 155 81 13 11 120 153 187 49 112 148 8 160 30 155 157 125 136 164 81 35 20 169 211 67 195 147 223 24 168 145 190 122 25 155 84 146 21 171 47 45 78 156 1 109 12 27 52 7 54 71
189 25 1434 26 91 64 147 114 86 147 81 105 14 204 81 243 113 78 78 160 23 224 31 77 54 131 86 90 157 180 19 216 60 93 127 128 66 17 90 15 25 222 28 103 4 47 117 132 74 3 31 49 133
190 25 1276 208 2 13 93 68 47 49 61 139 85 227 106 138 131 98 154 72 162 53 143 166 8 199 139 101 132 37 29 62 137 88 146 63 28 131 74 38 43 162 172 121 144 11 101 91 140 148 80 69 67
191 25 1689 220 103 240 34 29 146 172 34 233 9 71 103 171 23 93 128 148 32 48 111 106 118 154 166 244 172 30 143 151 51 34 145 128 49 5 158 194 27 241 128 35 164 57 163 177 87 186 8 211 148
192 25 1440 13 153 102 156 223 25 112 140 200 137 249 46 42 24 176 74 67 29 40 147 90 55 179 173 92 155 59 79 114 119 77 129 30 109 221 104 70 13 130 134 138 50 25 11 175 29 132 166 125 96
193 25 1635 120 3 219 87 9 154 90 98 18 28 248 97 161 20 125 132 107 29 167 19 156 93 106 84 218 35 216 8 159 61 5 14 6 116 174 87 157 23 236 77 100 110 73 10 154 23 194 138 53 10
194 25 1345 208 60 153 139 144 120 200 109 4 160 146 133 23 79 75 122 240 109 94 127 110 19 161 7 55 166 231 123 130 11 108 63 195 37 3 38 54 123 86 113 46 19 138 149 20 34 38 153 29 89
195 25 1645 212 149 126 146 231 116 226 55 23 161 39 85 158 25 214 70 232 17 145 43 131 65 13 18 90 82 203 129 135 7 194 23 157 144 193 64 211 144 69 83 107 144 38 109 9 10 127 4 8 45
196 25 1803 21 125 159 30 228 12 39 136 182 111 217 150 31 133 62 26 126 95 181 159 90 94 192 49 205 159 225 60 142 157 154 40 7 139 169 84 152 157 146 133 44 112 184 126 245 151 248 14 157 82
197 25 1315 129 2 125 79 181 133 53 140 2 87 20 66 143 160 184 78 186 92 123 45 137 11 63 57 47 40 104 61 46 37 66 124 162 169 156 121 48 122 22 9 41 37 178 127 72 80 112 40 231 2
198 25 1631 215 58 216 23 80 105 128 142 3 15 184 1 178 4 32 100 226 128 72 87 196 85 189 47 134 146 86 73 74 16 99 90 201 116 62 132 21 67 23 58 183 98 235 111 31 136 188 11 207 76
199 25 1542 131 94 240 129 152 135 189 24 110 32 150 150 159 15 163 15 85 129 39 134 11 173 209 47 183 114 233 97 174 16 23 31 59 139 112 37 48 175 157 8 12 108 166 126 171 80 13 124 95 121
200 25 1445 135 142 179 158 201 70 65 125 45 6 47 3 16 85 164 128 59 115 190 117 73 101 75 13 26 45 38 168 241 136 104 158 39 87 210 160 1 134 205 58 132 157 224 141 170 78 234 67 18 158
201 25 1448 42 69 146 19 188 42 59 82 32 169 11 16 49 26 219 126 86 48 109 18 179 134 8 125 61 160 177 80 193 70 123 115 238 62 231 121 68 14 66 130 155 175 80 32 93 131 92 115 191 9
202 25 1633 45 51 169 46 61 6 130 164 10 172 234 111 247 95 93 45 64 82 210 169 213 111 175 96 28 105 162 94 95 73 40 95 241 60 232 46 117 122 182 63 181 140 51 80 59 43 26 97 201 37
203 25 1560 217 165 23 42 85 150 148 172 46 145 171 60 16 63 72 175 185 163 21 16 227 79 30 2 190 22 62 88 222 73 232 112 170 150 71 172 122 169 219 43 89 78 84 78 226 60 137 138 55 2
204 25 1875 140 60 133 166 246 124 187 32 87 111 205 145 247 126 144 44 149 17 190 117 185 30 170 120 83 147 154 94 160 160 73 76 20 30 168 40 129 32 174 167 217 130 236 165 85 4 97 24 72 131
205 25 1710 154 93 150 161 90 55 56 174 215 128 1 61 185 93 202 90 124 125 231 67 104 18 6 136 48 66 14 144 216 37 27 119 30 151 206 19 183 137 219 47 241 44 232 25 136 8 191 62 160 171
206 25 1396 53 165 90 161 25 62 103 65 133 93 77 84 39 56 186 71 224 43 209 67 14 75 160 172 226 47 132 167 110 68 189 38 7 129 175 7 17 4 171 174 48 172 57 63 102 118 34 102 212 142
207 25 1321 118 28 43 79 26 94 128 157 37 12 49 25 1 83 105 2 189 122 155 136 122 78 208 156 242 161 125 75 190 36 119 34 163 36 38 64 31 17 197 167 3 48 144 31 5 100 132 43 73 14
208 25 1606 5 120 193 112 225 9 99 61 164 11 179 172 199 91 211 114 222 102 37 165 82 159 135 114 138 60 22 132 57 135 187 26 204 25 77 165 76 77 50 39 63 128 163 138 20 98 203 41 202 164
209 25 1609 233 85 123 119 25 62 203 121 146 85 58 107 112 61 183 166 9 67 151 24 231 28 11 70 236 122 240 89 136 49 110 168 49 121 97 71 218 33 3 1 172 166 84 87 217 94 130 93 42 63
210 25 1420 97 130 157 98 242 56 188 130 143 13 156 27 7 31 74 129 1 42 61 31 192 82 73 127 45 14 70 100 8 139 137 157 220 95 154 111 50 43 92 117 158 122 164 152 119 142 52 87 180 84
211 25 1555 55 163 81 34 58 72 205 57 229 18 220 112 137 91 43 174 118 12 40 136 244 161 206 35 189 126 128 168 39 82 101 118 70 157 126 4 153 8 210 8 100 56 122 89 98 66 37 165 102 104
212 25 1734 126 98 214 8 207 5 108 109 97 146 243 72 90 39 230 18 142 82 203 67 201 110 88 91 182 53 30 24 56 83 124 28 23 156 209 152 15 70 225 60 239 22 101 54 151 118 145 110 19 149
213 25 1698 203 122 33 117 212 116 96 16 64 76 50 89 6 48 196 64 201 135 210 126 221 125 199 74 53 151 193 97 85 112 247 39 131 155 244 47 125 87 112 3 136 53 133 10 198 11 10 35 38 7
214 25 1613 59 61 5 162 186 50 160 98 11 107 145 37 143 90 85 19 76 24 246 139 153 103 123 127 178 158 63 62 170 122 245 132 103 31 193 52 118 67 162 174 177 33 69 123 99 115 223 49 35 86
215 25 1244 151 40 11 29 192 170 17 128 115 172 23 92 80 167 119 72 233 157 72 85 40 35 187 60 33 56 149 10 20 159 91 161 5 159 88 21 73 86 44 141 140 12 9 138 195 68 206 59 196 135
216 25 1611 172 80 6 34 115 111 182 151 132 117 91 167 197 149 31 69 223 143 214 164 83 101 224 172 120 118 131 125 201 26 211 172 157 93 8 71 180 164 22 11 233 14 4 131 34 1 87 27 165 127
217 25 1457 161 167 26 57 61 143 14 87 146 41 49 94 98 42 126 170 46 67 93 34 149 32 212 81 23 48 231 134 176 147 86 138 38 144 100 55 233 163 25 25 237 94 224 130 121 119 102 62 138 10
218 25 1512 37 121 124 92 68 46 150 29 146 98 41 31 38 3 51 137 59 135 177 11 160 38 181 108 219 76 178 120 88 141 232 149 213 105 43 156 75 169 161 47 143 76 154 105 28 29 169 88 89 145
219 25 1720 123 125 109 3 232 127 104 62 248 18 77 131 166 66 185 10 171 11 205 31 182 48 133 110 129 160 141 172 98 81 72 30 249 150 161 52 228 124 27 47 100 32 139 41 144 24 13 56 5 71
220 25 1553 140 4 78 1 83 115 216 129 39 21 122 135 225 20 234 113 149 138 11 102 184 13 133 23 55 3 123 69 127 139 81 94 198 115 16 68 171 63 14 155 138 136 227 161 178 64 12 37 153 44
221 25 1625 36 82 124 58 126 82 136 91 81 18 236 155 82 18 247 2 140 85 90 170 149 77 35 25 162 87 65 148 175 118 169 112 26 17 71 128 207 44 182 1 79 38 208 24 160 111 188 144 77 9
222 25 1637 217 129 243 143 17 132 109 140 83 126 210 145 102 126 215 79 23 99 33 99 230 120 208 128 206 143 67 124 169 151 92 124 18 11 41 151 245 57 9 145 5 73 71 152 244 144 175 1 242 156
223 25 1701 72 76 33 78 143 75 153 38 227 47 39 46 232 79 22 76 160 7 148 125 136 95 92 6 46 135 151 123 212 169 180 10 44 13 162 88 164 67 201 90 13 66 235 146 169 133 239 46 129 76
224 25 1766 240 47 34 13 156 9 62 117 178 16 103 48 55 167 111 68 33 63 209 147 3 71 242 73 153 140 202 144 235 157 219 127 104 139 158 65 127 126 169 67 228 91 172 44 101 116 115 52 124 19
225 25 1622 97 143 241 126 132 67 94 94 123 115 45 75 120 160 134 59 236 11 29 79 89 170 227 84 222 68 12 112 121 12 55 19 204 23 169 63 115 133 64 131 52 165 102 138 174 161 248 61 139 53
226 25 1595 224 35 30 10 232 49 223 145 219 136 76 162 117 98 57 154 164 146 61 79 153 89 118 5 226 118 217 25 29 7 127 104 8 113 50 106 37 21 74 23 248 37 214 171 19 69 236 91 31 39
227 25 1492 194 69 33 150 71 26 16 97 204 99 225 109 142 33 224 168 88 85 113 14 209 86 172 58 95 90 20 86 83 56 17 115 230 12 97 85 197 45 12 56 62 69 79 154 183 140 69 173 149 31
228 25 1455 125 47 213 19 212 82 104 8 166 159 150 7 115 88 126 111 72 156 136 79 44 56 209 74 15 99 169 38 149 49 187 170 161 80 31 19 111 116 11 121 17 70 206 170 71 55 43 3 67 97
229 25 1428 198 97 30 149 164 153 217 151 76 41 14 96 178 70 28 149 130 120 136 153 13 105 88 19 101 110 150 94 165 69 215 12 244 160 24 152 105 101 144 68 71 115 78 96 119 99 82 123 87 61
230 25 1390 35 32 62 122 158 32 61 126 21 24 45 91 36 149 241 137 131 169 157 50 79 164 170 150 60 69 106 82 182 143 144 113 81 40 97 112 202 75 9 52 219 50 112 117 217 173 124 110 31 149
231 25 1476 103 135 62 47 134 96 117 16 230 173 8 73 237 41 14 59 77 117 110 111 143 78 5 171 130 4 195 165 160 68 242 21 81 90 106 79 84 121 33 133 55 107 220 120 122 80 174 113 111 82
232 25 1581 193 99 38 63 153 92 59 142 178 26 135 150 159 77 5 87 185 25 96 17 106 29 238 26 75 94 126 114 7 61 147 151 9 85 64 113 203 172 55 107 200 66 131 8 244 137 171 155 186 168
233 25 1576 49 66 71 11 243 22 30 143 212 13 205 108 41 140 144 4 78 123 77 134 179 128 24 111 87 120 147 7 149 34 226 72 148 60 69 169 216 89 207 130 65 95 58 160 200 112 8 52 220 161
234 25 1696 6 70 199 93 214 145 99 90 29 52 13 80 74 174 25 18 164 113 174 71 158 90 215 42 150 42 53 159 145 24 46 50 218 19 242 107 191 43 248 144 119 135 175 117 209 26 11 74 216 12
235 25 1758 194 123 126 111 41 152 27 95 237 23 68 58 172 35 26 16 216 58 65 161 178 52 62 69 135 13 130 83 78 16 154 52 143 116 122 69 138 158 166 30 140 139 239 93 204 7 233 13 223 96
236 25 1458 190 149 182 34 135 71 40 20 75 7 248 51 51 163 69 122 8 108 132 123 12 98 111 3 140 42 11 125 179 83 95 171 234 103 29 168 24 20 212 150 78 36 178 78 175 23 152 32 156 60
237 25 1783 206 92 7 19 19 172 85 79 223 90 114 142 97 46 215 141 171 86 130 171 63 142 48 143 217 20 194 150 152 28 58 44 186 101 189 157 162 170 156 51 183 22 213 106 120 27 196 65 163 2
238 25 1549 160 2 219 34 119 87 56 89 36 157 93 143 127 79 170 116 212 6 135 93 107 44 191 169 151 135 97 21 202 86 125 61 40 143 22 33 129 102 174 91 118 36 12 71 130 2 210 86 63 154
239 25 1627 169 108 221 112 233 6 185 55 84 148 54 44 187 21 67 46 126 170 119 142 130 137 102 93 234 81 69 70 43 158 223 86 65 94 49 124 76 61 78 59 132 79 129 148 114 105 117 60 248 173
240 25 1601 71 49 90 6 181 160 201 51 94 100 36 10 70 112 158 47 22 136 7 29 219 138 172 47 185 12 203 53 221 175 103 68 150 117 49 131 54 126 156 22 227 118 157 22 229 141 145 50 3 127
241 25 1711 105 71 66 151 170 175 15 24 4 35 174 56 128 48 150 153 5 53 12 51 104 80 209 127 135 25 147 137 127 100 91 150 215 144 221 141 233 69 171 119 219 27 196 117 176 23 148 30 202 35
242 25 1573 180 56 66 139 159 2 115 155 38 43 56 154 144 22 199 16 187 31 160 133 101 153 236 172 21 113 121 121 94 98 32 23 230 24 13 113 229 70 174 125 18 92 74 41 33 110 248 169 219 173
243 25 1523 23 156 246 171 170 142 166 13 41 49 138 170 247 150 9 96 231 153 135 129 5 2 72 28 219 129 189 43 249 135 18 47 65 163 19 10 184 22 123 159 134 117 80 161 3 150 218 155 62 121
244 25 1494 161 13 44 63 34 73 177 28 248 113 220 171 102 10 139 38 167 124 37 40 7 47 33 161 9 135 13 1 192 124 198 127 138 42 23 91 118 126 238 82 47 59 210 156 247 148 150 21 36 89
245 25 1646 177 32 73 90 66 135 127 18 151 150 91 2 189 157 193 162 174 137 187 111 168 83 121 130 216 20 115 17 14 155 70 2 134 112 186 60 232 163 61 47 42 75 5 111 63 53 248 149 190 92
246 25 1789 83 88 246 50 132 124 116 123 237 95 142 84 99 101 247 11 137 103 74 125 151 140 155 52 213 159 49 163 226 18 138 40 147 119 91 162 141 129 32 109 87 132 159 11 117 148 163 117 197 41
247 25 1942 8 97 172 110 59 131 210 121 183 29 117 45 244 140 190 11 127 7 114 10 65 153 241 126 238 84 223 77 103 19 167 60 89 146 175 21 231 147 228 11 115 74 156 7 91 133 121 7 217 112
248 25 1833 109 84 112 123 119 136 199 146 104 118 81 70 56 153 246 28 183 44 32 169 211 107 149 92 221 92 249 141 148 167 127 81 227 116 203 20 26 28 66 32 220 173 53 152 200 174 181 110 144 37
249 25 1860 80 104 243 105 247 88 171 45 155 118 163 84 175 41 224 4 188 76 84 5 82 130 204 10 134 128 35 64 239 3 128 118 222 48 130 87 170 102 191 140 241 1 14 132 1 120 21 77 178 150
250 25 1248 35 82 78 146 67 57 55 31 71 110 110 15 70 106 239 74 117 61 27 110 100 68 187 140 101 88 59 123 141 13 97 125 22 26 48 38 107 4 218 154 38 152 121 84 10 161 158 76 221 111
251 25 1325 137 70 155 74 35 132 11 95 79 103 33 152 29 4 52 101 141 61 30 86 169 39 128 98 74 62 126 169 172 137 114 129 187 75 49 146 216 76 78 117 80 58 146 7 226 156 36 161 148 107
252 25 1631 176 111 184 99 84 72 199 52 93 12 92 173 249 143 158 172 239 25 98 168 216 154 151 38 35 103 220 73 15 143 81 65 128 14 13 136 185 38 189 129 125 81 2 73 223 11 21 161 87 118
253 25 1865 231 152 248 6 15 35 210 9 159 149 203 64 163 30 104 26 142 115 238 131 18 89 111 171 188 60 233 9 69 103 228 123 176 135 89 35 169 99 70 17 127 158 156 58 13 56 200 127 171 132
254 25 1712 21 161 94 167 174 28 226 132 25 97 59 4 119 36 63 134 247 158 232 141 224 108 225 30 18 112 62 167 138 134 98 59 70 91 152 68 229 1 197 50 136 125 95 72 113 28 195 85 212 52
255 25 1777 111 74 63 104 188 49 128 148 68 95 201 37 240 105 239 136 156 26 87 26 49 149 153 169 246 137 106 43 233 167 119 68 117 8 124 132 31 1 206 25 171 57 213 87 93 54 135 118 77 36
256 25 1406 98 120 181 86 50 98 218 119 18 63 187 175 36 70 183 36 151 34 58 32 197 19 96 99 219 63 27 104 133 104 39 107 150 171 67 152 220 35 20 39 49 33 138 109 3 47 119 78 156 54
257 25 1460 61 152 97 56 202 91 195 29 21 54 184 111 10 133 83 154 134 152 65 5 140 63 165 29 196 117 153 116 171 133 194 81 11 43 238 114 60 9 144 82 213 52 92 24 12 99 2 72 77 143
258 25 1551 2 43 30 68 196 2 184 100 243 156 7 88 186 119 32 150 183 18 58 1 124 22 5 115 16 15 49 64 66 167 217 108 246 9 181 175 167 80 19 149 239 6 159 34 190 160 132 143 171 31
259 25 1500 214 75 72 34 42 137 208 130 127 26 122 135 123 80 190 22 124 171 65 47 159 121 108 143 162 42 110 118 234 80 48 150 56 95 60 22 33 19 104 59 144 25 20 67 181 86 63 131 232 28
260 25 1809 3 15 100 37 109 136 103 169 155 64 55 15 156 76 149 4 58 18 207 166 161 133 236 104 214 71 92 169 129 21 223 144 170 161 229 82 241 49 186 81 240 95 117 93 9 124 35 18 242 148
261 25 1648 100 54 76 165 226 92 136 55 89 85 225 58 246 78 141 88 2 54 118 27 168 87 157 12 4 167 60 91 84 51 188 136 129 115 52 30 134 62 61 97 249 60 82 171 237 72 183 65 150 75
262 25 1356 91 120 36 22 56 164 14 67 31 174 18 118 86 23 83 38 204 66 176 89 39 1 48 95 121 87 92 78 226 93 102 67 12 114 165 144 130 55 136 135 229 153 230 141 2 89 155 6 231 56
263 25 1593 219 94 106 44 139 52 5 5 131 82 174 60 186 173 165 79 54 69 91 14 24 45 193 65 97 133 94 4 188 76 224 6 132 117 210 48 175 67 99 126 136 101 45 41 4 139 182 144 114 1
264 25 1604 113 103 224 145 249 2 7 1 101 40 109 169 10 70 242 35 112 148 135 64 105 47 41 75 212 120 240 20 215 53 21 78 8 19 108 173 6 58 73 97 92 66 181 61 209 142 183 51 213 38
265 25 1473 74 28 187 161 149 103 30 14 130 2 191 89 248 91 96 170 46 6 144 69 22 86 134 170 216 33 2 19 70 64 242 99 77 54 73 79 11 61 86 37 228 101 120 49 82 16 54 25 234 27
266 25 1517 86 85 60 82 51 69 8 71 190 149 62 64 77 41 186 158 201 148 220 89 52 95 225 96 120 58 188 173 133 149 70 35 113 76 10 106 185 157 71 133 244 111 160 161 221 19 88 170 13 126
267 25 997 198 107 127 120 27 85 10 26 19 158 2 138 242 41 15 104 96 174 35 18 32 30 53 168 165 150 86 29 21 175 7 168 106 158 40 134 49 137 139 58 240 103 26 5 92 131 152 116 16 145
268 25 1349 174 47 74 18 14 26 5 67 71 4 123 116 161 158 32 45 126 105 133 15 12 122 92 14 76 36 120 54 178 162 100 1 233 74 20 71 24 115 146 154 87 138 239 96 169 85 172 50 117 113
269 25 1709 111 165 231 27 17 66 221 146 45 157 195 147 189 43 16 62 193 116 1 141 219 114 180 135 235 49 146 133 198 65 147 111 204 54 12 146 97 109 66 91 40 85 138 80 230 28 218 24 70 141
270 25 1676 216 11 246 127 197 71 23 154 245 37 202 80 90 55 18 37 26 103 227 44 242 39 156 74 68 110 243 143 55 88 9 71 173 154 147 119 199 146 174 18 157 52 200 74 8 69 10 36 22 64
271 25 1507 154 165 177 9 38 46 218 33 125 120 46 22 219 76 245 114 99 166 214 119 24 40 195 24 49 63 234 134 34 174 189 26 100 22 140 145 67 97 84 68 68 80 39 36 30 85 224 81 2 114
272 25 1501 124 26 80 18 101 54 182 159 164 93 109 3 68 58 201 7 4 94 81 138 161 98 69 51 184 173 186 84 180 12 150 55 64 129 222 40 209 106 100 148 73 134 77 117 18 127 50 149 146 5
273 25 1677 63 31 130 106 209 38 228 19 173 135 182 74 164 173 153 63 114 11 243 165 85 167 125 86 158 70 40 9 118 60 189 130 92 93 60 125 232 139 45 6 148 104 180 112 28 84 49 91 146 143
274 25 1579 205 31 59 157 243 43 176 84 126 93 68 41 74 12 85 83 163 18 123 58 174 98 138 80 36 40 186 107 135 128 111 65 238 144 210 105 69 43 32 88 13 173 134 170 38 102 245 122 77 92
275 25 1493 234 6 152 100 20 87 156 4 16 19 121 78 12 157 159 158 126 92 145 140 91 158 115 150 154 5 128 123 101 154 14 12 86 117 186 82 205 119 212 172 62 84 176 123 5 43 228 152 82 168
276 25 1463 34 99 144 87 53 171 187 30 76 27 43 63 69 129 219 125 172 8 197 10 216 149 157 133 160 39 25 87 117 158 56 102 6 152 188 160 174 24 165 75 28 32 114 171 37 60 72 10 217 20
277 25 1730 144 134 94 128 216 153 18 90 241 134 198 73 135 130 199 49 215 173 150 129 224 77 187 162 124 99 123 145 89 165 29 48 10 56 88 112 50 30 104 133 229 26 67 33 52 42 247 49 227 74
278 25 1462 167 16 187 17 239 60 87 23 148 128 3 172 12 135 62 175 84 141 80 91 219 130 184 53 131 126 202 31 118 78 6 10 193 118 176 8 2 164 8 149 116 110 123 4 147 59 205 5 26 84
279 25 1738 98 21 216 156 198 173 158 51 104 101 179 109 162 23 153 112 108 29 53 167 155 170 78 102 249 124 62 130 204 137 89 3 182 54 183 31 1 66 232 56 218 12 167 54 86 169 67 170 75 44
280 25 1276 11 154 139 64 5 14 62 18 145 117 4 158 19 112 138 79 119 41 246 2 48 88 65 16 91 1 135 107 47 9 128 133 39 143 146 20 208 9 102 126 167 37 46 80 176 124 173 66 94 2
281 25 1704 66 133 41 131 248 143 117 7 90 125 236 49 113 78 144 84 162 54 170 88 81 111 51 27 140 127 77 15 244 173 243 109 180 135 190 53 30 6 36 171 233 146 219 172 225 89 56 36 17 2
282 25 1728 98 113 51 126 154 152 152 95 20 74 14 56 104 24 120 58 178 102 111 40 218 8 116 8 215 76 49 66 102 73 203 2 73 84 30 77 230 100 244 132 205 67 201 14 171 154 208 45 190 99
283 25 1880 239 172 214 146 63 16 69 103 20 169 158 146 93 166 201 69 197 2 21 165 183 175 235 166 103 163 223 24 104 149 112 102 132 139 157 53 117 51 221 149 96 38 241 98 232 62 101 104 229 33
284 25 1603 180 61 119 70 14 159 20 87 137 93 101 39 181 7 102 64 34 45 114 104 93 135 169 110 209 27 224 110 105 2 194 34 112 138 81 102 96 25 216 57 144 41 172 76 47 74 115 83 228 163
285 25 1552 38 14 206 24 100 109 47 134 163 150 102 74 212 16 231 115 111 155 5 170 75 122 218 125 219 93 114 53 186 144 40 125 84 123 183 56 91 96 146 170 71 109 60 101 101 123 232 130 69 106
286 25 1524 27 136 157 47 129 98 201 66 66 115 92 1 189 116 184 95 137 76 117 135 22 137 195 57 89 70 206 95 2 74 227 55 59 33 78 64 5 153 204 172 17 120 173 131 136 133 152 99 185 18
287 25 1472 110 57 56 57 140 169 201 70 65 127 220 66 81 130 25 60 169 7 37 147 53 129 19 152 111 106 136 64 231 96 131 41 27 13 247 43 181 24 214 47 103 33 137 110 62 163 45 157 144 31
288 25 1666 56 149 236 174 227 173 181 13 61 86 183 118 103 61 80 24 78 112 41 158 102 25 196 86 238 59 180 145 204 111 2 48 152 104 46 107 193 106 242 25 149 120 37 155 45 141 192 144 108 51
289 25 1153 145 157 197 8 21 157 62 90 210 174 66 164 22 167 144 69 150 161 24 92 88 25 104 109 165 95 28 122 45 174 55 68 8 25 201 47 13 22 82 1 70 26 71 113 152 8 12 145 171 135
290 25 1427 232 170 138 68 34 34 197 82 181 120 211 25 80 10 76 126 51 63 235 63 17 137 85 129 194 42 33 39 4 141 141 33 220 127 129 51 59 76 188 108 30 22 8 105 125 45 78 59 109 46
291 25 1438 95 168 52 57 238 18 14 53 171 30 37 89 164 31 42 18 233 100 243 47 32 72 244 15 153 145 134 30 78 143 28 24 79 57 25 23 223 27 121 104 116 61 117 73 29 159 58 153 151 154
292 25 1424 11 147 174 175 176 168 36 108 72 155 35 20 18 165 202 19 164 151 223 136 229 88 21 45 162 74 4 69 28 81 48 14 30 48 190 130 216 2 212 14 206 23 234 26 37 44 78 62 43 113
293 25 1618 40 130 86 161 144 161 91 137 14 72 11 4 126 34 195 32 151 147 246 64 79 93 124 129 109 137 225 36 73 17 214 124 85 102 142 23 105 13 238 93 191 65 51 160 147 153 156 167 193 37
294 25 1371 234 92 240 142 78 116 129 53 83 81 68 81 65 71 74 139 113 28 126 150 145 166 47 128 63 1 60 104 144 96 39 87 238 131 241 3 111 145 135 166 15 17 8 10 140 71 97 95 49 39
295 25 1483 241 140 213 118 27 63 103 5 158 75 18 144 87 100 210 140 111 31 24 153 170 93 60 155 82 133 1 101 81 99 167 146 115 156 216 116 245 45 120 78 19 90 223 58 91 107 97 153 88 97
296 25 1746 106 84 164 17 13 173 126 39 200 83 218 31 29 148 196 71 193 140 243 47 235 82 169 117 72 153 140 50 142 37 82 175 127 173 224 101 128 76 133 168 113 146 191 133 44 10 24 11 181 111
297 25 1376 119 101 154 117 153 144 18 169 155 124 146 8 49 33 209 24 137 84 108 79 226 46 200 168 130 45 104 54 136 141 100 112 19 41 91 137 159 137 68 109 132 126 9 116 11 9 27 19 92 105
298 25 1765 71 62 106 116 191 175 44 71 181 82 61 130 118 7 171 160 243 156 46 63 141 29 215 75 169 100 235 170 218 76 102 65 239 32 80 132 157 99 79 62 155 17 219 174 173 164 35 142 81 29
299 25 1588 61 109 143 62 130 117 47 26 186 174 27 101 213 134 155 46 242 5 174 5 136 65 148 136 87 138 146 54 160 153 32 71 38 77 134 117 245 32 93 31 6 46 108 120 204 14 165 122 96 38
