0 25 1728 119 198 81 273 208 435 238 287 48 423 51 425 221 298 69 227 145 99 45 32 41 165 120 209 91 374 166 489 192 180 204 60 229 284 82 186 70 422 222 117 196 124 143 166 172 212 142 418 162 289
1 25 1838 52 203 203 421 13 146 146 429 134 88 210 189 249 40 222 183 226 41 104 49 10 151 173 402 168 446 113 411 215 127 199 368 79 4 141 91 149 138 121 134 225 182 72 76 43 258 197 185 213 347
2 25 1853 194 215 19 96 132 316 60 292 133 186 93 250 116 346 242 457 96 380 179 479 206 361 152 31 82 296 140 380 230 204 226 26 168 97 121 151 14 32 193 146 70 285 248 435 232 489 243 327 118 422
3 25 1770 157 176 32 308 206 215 205 198 94 434 151 319 209 171 165 431 71 179 213 115 176 384 149 423 68 232 14 61 58 483 232 66 158 115 225 364 79 179 163 422 215 313 92 423 233 359 156 389 20 270
4 25 1528 64 403 169 339 220 252 102 132 162 84 113 227 94 79 202 309 157 130 221 180 196 33 22 369 118 482 176 23 120 445 42 433 97 312 123 418 224 50 77 160 14 303 3 93 106 61 101 88 133 383
5 25 1318 33 165 6 253 134 487 178 258 106 122 50 140 70 213 13 238 128 338 37 204 247 152 7 101 96 464 197 51 145 181 84 162 186 188 147 24 116 155 129 339 56 370 159 268 132 396 146 470 34 451
6 25 1465 68 37 59 271 133 273 135 79 175 132 111 110 145 296 48 41 69 163 47 49 1 102 168 159 222 402 156 117 223 291 169 40 78 228 162 460 250 149 140 174 30 500 34 424 147 433 66 317 95 363
7 25 1829 217 447 214 486 208 185 137 363 153 109 6 424 1 185 151 14 144 2 162 385 27 441 236 162 216 382 94 32 50 188 118 135 209 103 92 246 240 306 200 311 173 450 245 323 66 490 74 477 226 351
8 25 1297 20 461 12 485 194 106 16 243 145 261 110 131 72 463 222 67 54 380 66 253 42 489 55 389 163 222 128 339 198 104 189 319 64 52 9 171 102 6 34 64 136 105 210 171 33 89 88 137 232 326
9 25 1862 43 370 239 264 248 179 64 203 219 132 118 270 37 227 131 458 181 488 241 346 123 345 223 184 117 107 124 204 243 106 132 138 225 222 151 222 150 66 26 118 198 394 86 472 119 293 152 208 135 247
10 25 1470 81 81 71 366 197 279 240 3 22 95 134 159 69 105 161 143 4 477 20 121 26 163 109 361 237 80 6 388 37 390 219 323 159 335 19 438 176 271 61 270 154 321 190 110 231 184 113 59 204 233
11 25 1383 186 468 194 149 204 23 154 194 59 395 180 130 69 190 66 190 127 491 210 289 10 466 109 301 75 192 235 40 102 290 22 38 7 215 38 63 89 43 6 250 39 287 129 358 226 194 47 455 184 358
12 25 1772 243 295 73 204 197 250 145 283 141 348 72 412 135 181 229 274 67 316 248 168 105 136 46 462 213 91 110 417 126 217 12 272 142 67 219 493 211 353 133 308 175 396 45 105 124 318 97 293 236 196
13 25 1739 210 90 81 358 153 145 198 114 62 426 80 425 197 221 241 267 65 303 120 197 212 396 93 358 68 28 13 245 172 454 177 131 208 71 180 321 234 355 2 408 154 75 22 139 141 336 218 36 178 75
14 25 1548 137 97 204 436 59 318 32 332 123 458 212 330 131 243 2 364 200 4 124 353 180 225 68 129 117 403 96 254 182 272 141 131 78 428 189 395 210 20 18 269 83 347 149 75 201 13 24 56 136 376
15 25 1680 235 360 102 52 90 468 57 37 221 340 161 213 220 238 243 158 132 452 29 149 111 348 38 400 233 311 205 220 39 291 181 140 194 123 209 352 159 31 44 171 96 13 158 88 23 392 141 403 40 462
16 25 1808 14 239 182 51 240 266 213 296 235 251 86 268 242 132 140 52 233 400 83 378 71 30 141 330 219 265 221 211 167 113 172 430 203 206 82 193 45 488 58 147 176 427 139 57 168 440 67 374 19 489
17 25 1623 5 11 69 223 25 391 183 293 3 457 75 58 162 406 234 302 89 143 199 14 87 422 236 128 63 155 104 433 143 108 193 313 81 69 204 115 111 58 71 435 217 84 216 68 244 157 62 442 170 483
18 25 1437 130 444 70 110 6 224 213 40 219 70 84 31 2 402 86 367 114 496 39 401 212 373 93 30 42 86 186 353 105 335 111 150 7 470 155 332 182 296 50 354 129 433 207 382 120 175 98 365 214 248
19 25 1465 77 188 90 208 229 277 143 183 8 99 120 369 249 126 88 5 207 122 51 7 225 281 41 431 15 160 106 362 127 421 109 55 108 300 12 438 178 154 186 252 239 304 102 114 141 357 71 114 9 429
20 25 1398 88 289 71 371 155 230 78 16 106 100 226 160 207 127 23 144 55 426 115 490 30 104 145 381 217 137 89 139 1 97 169 338 238 489 60 392 137 408 28 486 133 40 44 362 62 39 166 238 154 257
21 25 1447 119 109 151 499 75 37 88 316 37 36 86 477 23 75 138 165 145 275 174 172 112 158 63 8 19 375 46 434 214 51 190 82 159 442 182 336 229 371 3 117 157 88 195 179 14 333 158 459 118 182
22 25 1359 70 276 244 429 44 470 77 80 183 377 121 14 138 63 48 75 41 168 9 74 16 454 105 30 151 39 96 269 72 17 66 446 189 137 22 268 139 435 137 303 232 313 195 400 241 203 75 257 8 281
23 25 1454 36 145 182 324 92 200 146 109 95 63 54 135 199 177 5 120 176 495 55 415 47 138 227 491 139 468 45 214 76 53 244 361 49 277 141 476 33 249 172 197 154 57 248 182 163 367 107 157 23 123
24 25 1692 203 411 202 295 151 21 89 364 96 243 210 308 144 486 195 284 64 478 134 87 174 389 245 421 70 157 140 278 63 412 117 174 102 411 75 474 40 69 196 101 228 339 87 422 122 252 149 357 88 425
25 25 1881 245 333 95 314 239 336 92 154 100 344 20 273 195 33 199 270 236 489 88 181 89 417 27 338 141 278 237 350 218 13 94 300 209 408 140 45 101 293 144 194 165 268 240 447 217 259 34 57 198 464
26 25 1616 247 364 233 24 53 476 153 289 75 472 168 271 112 177 13 406 129 55 151 424 219 168 163 267 134 23 152 292 72 366 39 185 98 164 238 175 128 499 140 383 19 262 244 297 24 1 28 431 201 251
27 25 1441 68 364 18 304 238 419 95 60 136 235 96 336 185 10 168 63 111 409 47 481 170 40 129 46 40 156 226 440 107 226 7 322 162 59 116 257 118 1 93 66 86 93 10 164 58 270 210 38 189 499
28 25 1385 166 484 140 322 61 329 30 37 188 101 131 349 11 496 207 481 247 300 46 184 142 295 3 459 22 418 77 312 19 493 158 166 106 339 195 494 26 397 125 226 157 472 183 387 70 334 182 4 79 236
29 25 1484 79 37 174 350 56 352 161 426 94 308 186 361 16 274 157 259 151 53 235 376 62 59 160 198 128 243 232 233 69 60 219 499 198 142 98 253 95 361 31 189 20 466 35 239 58 396 139 462 116 125
30 25 1698 40 26 73 418 120 156 150 291 215 470 39 162 213 489 16 308 99 296 98 220 113 248 107 351 157 104 91 471 85 207 95 477 232 417 246 351 174 247 243 138 217 282 151 179 20 269 236 470 166 333
31 25 1433 41 29 183 397 129 89 72 59 187 28 6 413 111 274 158 313 198 256 56 187 222 87 88 151 208 106 238 29 123 173 69 401 105 466 132 193 67 453 104 253 82 461 17 442 234 174 4 431 32 59
32 25 1384 118 253 145 307 5 204 14 243 232 136 165 301 37 19 20 63 184 472 18 39 53 478 55 244 212 81 247 494 112 408 111 114 52 417 119 108 32 463 89 168 229 491 204 247 108 223 161 394 46 31
33 25 1414 182 200 8 486 193 71 66 291 65 279 198 27 143 102 46 113 209 327 177 399 244 155 140 49 151 349 123 413 94 168 25 367 53 363 161 373 30 452 39 59 1 316 204 463 17 162 163 135 97 154
34 25 1291 183 99 2 306 11 448 75 306 222 44 108 186 204 332 68 7 121 376 8 288 30 461 46 475 140 488 239 24 186 392 59 284 245 216 146 192 40 451 16 83 58 201 139 390 120 145 112 245 4 149
35 25 1518 126 317 171 143 139 260 131 163 47 272 221 80 16 436 226 60 77 28 75 262 188 127 150 179 247 396 40 93 2 188 219 68 187 491 62 427 103 442 89 399 65 161 81 432 96 408 93 275 185 417
36 25 1652 36 224 146 435 152 244 80 441 86 433 230 406 18 249 163 195 203 206 135 453 20 296 33 54 243 42 17 329 165 404 52 60 88 454 155 20 246 342 202 226 248 304 95 348 216 391 172 26 104 43
37 25 1466 173 137 198 415 178 344 34 6 8 187 58 419 127 363 73 248 108 414 199 185 13 354 30 212 172 272 113 195 47 467 89 469 103 37 236 132 130 371 240 239 159 399 157 285 11 229 32 220 244 83
38 25 1725 155 7 38 286 218 209 57 331 5 206 149 344 26 251 130 113 234 259 85 75 247 244 223 5 162 305 78 346 61 84 133 198 154 194 106 336 198 163 143 189 86 22 153 171 132 488 246 480 231 218
39 25 1788 234 110 155 68 123 311 248 218 121 433 203 420 86 248 127 273 47 40 6 190 228 193 211 380 114 195 219 109 174 449 178 10 59 184 179 283 244 426 103 216 109 407 135 296 154 12 69 52 51 176
40 25 1681 241 130 119 304 111 84 248 80 44 23 130 221 134 290 155 313 73 250 90 425 216 448 81 100 244 336 213 164 137 365 89 128 96 207 33 207 40 132 138 333 154 17 156 38 57 162 202 231 161 291
41 25 1490 155 376 91 337 78 186 172 142 99 58 7 187 37 204 246 319 12 387 200 399 72 456 18 477 95 426 240 46 156 400 188 310 128 130 248 307 65 169 198 163 56 202 115 10 49 285 21 185 235 170
42 25 1267 6 190 39 84 136 214 73 283 119 325 220 30 54 100 27 110 16 47 57 429 124 363 232 238 122 280 125 142 66 109 163 72 150 451 7 35 164 432 67 32 138 413 59 89 189 168 105 485 76 135
43 25 1748 211 438 116 50 59 247 174 303 62 32 215 485 33 268 242 419 181 423 87 315 30 77 227 88 165 18 107 19 104 182 5 314 120 120 114 280 218 287 184 280 171 251 203 18 224 300 29 60 216 58
44 25 1716 136 45 247 153 62 455 23 267 137 28 81 108 249 444 239 217 230 25 98 252 25 463 205 144 70 280 45 450 191 261 110 179 157 208 163 353 86 151 130 416 129 211 197 441 224 294 192 498 6 498
45 25 1650 141 177 129 436 127 320 48 338 248 204 45 328 23 59 32 108 209 412 126 170 142 86 120 88 26 93 131 70 91 488 169 83 165 48 143 219 167 480 216 472 145 244 185 426 204 495 189 79 80 164
46 25 1444 34 269 42 126 1 463 68 489 233 151 5 280 20 147 100 289 228 65 10 353 209 356 139 237 59 134 175 489 150 107 152 183 125 193 160 376 7 228 216 240 230 220 121 101 116 221 93 137 195 448
47 25 1595 208 334 184 266 69 460 106 468 66 257 2 441 52 161 168 308 240 383 149 469 102 270 70 319 92 310 161 478 162 207 175 369 142 108 236 62 68 91 29 485 200 30 103 43 194 12 32 326 180 24
48 25 1377 97 21 185 109 100 347 168 275 67 59 234 405 223 153 1 138 148 383 164 250 27 358 12 410 35 172 64 203 137 262 75 72 174 270 140 198 188 300 34 92 22 436 41 125 73 188 109 487 237 196
49 25 1953 199 396 230 222 10 395 174 146 157 350 69 231 23 338 222 323 26 271 106 469 145 393 9 371 216 447 229 304 236 67 249 434 212 228 155 221 123 430 219 131 29 287 213 403 227 184 225 354 204 182
50 25 1687 72 200 75 433 70 392 231 150 195 466 216 193 1 30 22 405 102 246 186 320 228 316 209 440 218 435 123 443 38 429 124 461 128 50 245 50 191 475 51 135 42 119 179 42 148 303 48 249 233 421
51 25 1531 26 298 129 215 16 165 88 310 54 266 35 116 245 335 111 294 127 187 197 114 229 315 42 20 64 446 68 414 244 152 84 121 200 64 85 317 228 24 126 383 141 410 249 386 96 211 31 223 147 227
52 25 1728 188 375 143 331 247 58 27 416 222 270 67 157 242 368 73 76 184 152 202 161 35 92 173 33 79 18 243 212 92 491 40 279 218 183 110 464 238 231 63 359 47 72 100 17 144 27 52 295 228 213
53 25 1560 181 422 135 213 102 4 57 313 198 150 103 78 117 137 39 182 228 276 162 291 134 60 214 85 178 357 112 480 3 441 192 184 248 464 33 407 128 480 56 230 160 274 116 448 94 76 70 236 61 481
54 25 1445 51 146 159 9 7 388 11 197 181 46 161 108 44 226 140 52 103 120 209 83 131 232 50 328 38 245 153 107 82 464 87 132 211 347 217 234 3 265 164 48 175 271 193 252 13 244 105 234 202 39
55 25 1511 114 285 190 293 72 435 196 280 16 11 219 250 221 65 139 39 49 391 53 314 41 330 187 483 183 199 227 37 34 428 177 397 213 117 189 386 153 236 18 20 98 236 19 420 152 10 60 302 2 465
56 25 1639 116 42 146 404 25 78 204 251 217 237 30 393 235 94 111 25 82 263 113 349 33 62 186 403 232 87 162 291 139 164 107 4 205 252 9 81 80 212 81 296 198 213 188 284 158 49 58 489 163 272
57 25 1485 87 297 84 124 200 315 211 463 207 99 228 64 204 35 65 212 115 496 173 298 41 222 10 331 5 19 231 164 8 393 186 196 42 269 70 241 185 30 55 243 128 33 56 433 67 473 144 181 168 330
58 25 1536 111 139 191 441 245 210 171 158 217 415 195 412 206 213 83 196 249 112 1 242 91 135 149 23 201 223 18 233 43 435 63 153 73 253 169 462 115 77 30 29 21 294 87 86 126 32 84 488 134 177
59 25 1739 180 120 76 305 70 298 72 405 90 257 217 344 181 71 38 100 135 254 28 414 150 207 221 337 83 354 171 422 199 203 209 24 7 279 174 181 35 365 187 1 219 71 98 420 205 102 197 221 236 199
60 25 1426 177 206 35 361 59 307 134 250 6 189 209 131 195 339 54 375 123 169 163 373 229 484 45 76 153 102 29 202 174 116 2 452 71 286 63 232 93 298 231 200 236 41 80 33 129 134 9 251 154 274
61 25 1597 225 382 7 122 59 11 75 338 64 248 55 315 199 478 203 363 209 397 13 41 96 350 184 425 132 312 160 493 165 63 16 241 46 22 214 457 134 140 146 448 137 450 114 438 177 66 152 487 212 164
62 25 1787 130 409 116 313 186 247 226 95 239 390 10 356 233 157 229 48 113 113 188 258 162 426 208 25 215 134 193 367 223 256 132 352 165 247 164 350 96 139 46 436 131 157 42 215 64 20 12 278 51 36
63 25 1608 145 227 95 272 191 80 214 159 52 321 41 403 87 139 168 38 234 409 84 272 39 342 63 355 7 82 116 285 66 417 172 460 245 118 83 435 197 148 196 101 219 486 3 305 226 273 93 312 181 28
64 25 1616 83 321 221 497 175 228 78 142 114 495 160 35 57 404 152 389 191 200 37 136 50 5 223 155 161 300 177 355 111 459 234 45 29 455 41 305 182 471 48 397 215 208 33 123 213 434 12 153 235 48
65 25 1539 140 285 154 112 41 416 14 69 21 374 27 4 157 458 61 313 241 133 110 239 200 317 72 132 56 83 136 291 232 276 177 237 239 69 153 2 137 275 228 15 28 498 23 88 58 335 180 293 194 21
66 25 1743 242 113 41 313 96 347 248 231 239 229 6 415 68 97 233 470 98 471 75 485 225 174 7 312 84 193 94 126 238 114 117 452 179 47 102 426 28 340 135 106 74 231 190 145 181 410 240 5 246 464
67 25 1500 179 104 128 364 148 73 239 136 38 355 87 43 135 134 145 163 13 86 169 397 44 344 233 488 58 245 227 164 92 42 194 446 57 445 93 45 80 130 1 167 173 488 152 67 150 414 4 170 162 47
68 25 1503 13 289 132 500 198 478 78 464 69 119 157 116 140 66 61 232 212 140 214 65 158 386 52 161 54 201 74 307 120 236 206 382 126 439 233 176 166 162 139 234 30 147 202 271 64 262 105 26 3 68
69 25 1609 90 411 203 493 71 108 45 497 16 414 84 471 147 311 159 231 236 176 142 476 160 23 123 111 146 38 224 500 63 476 169 4 238 223 246 161 80 392 9 95 157 92 168 303 4 178 135 240 104 128
70 25 1653 215 115 151 189 77 296 227 152 147 141 127 65 247 217 37 492 229 468 134 237 164 40 180 331 195 433 111 431 24 66 59 91 209 131 108 356 9 2 100 237 168 346 55 56 189 33 23 424 121 288
71 25 1255 66 152 221 362 187 331 42 460 146 202 152 427 12 33 34 117 241 144 220 90 130 387 37 185 44 328 69 316 1 190 206 418 91 426 29 277 6 423 89 3 124 490 179 386 22 314 104 115 59 176
72 25 1689 56 40 164 343 224 208 22 145 125 272 186 330 190 378 5 320 7 362 242 95 114 218 144 103 60 457 58 424 117 335 229 157 249 173 232 308 46 376 182 318 61 364 109 439 220 178 195 332 141 195
73 25 1812 239 326 191 443 237 499 160 116 187 241 22 185 15 3 94 311 231 377 230 291 240 338 81 210 117 377 143 138 119 439 126 297 129 68 33 128 170 193 243 106 35 14 142 401 118 485 211 98 111 190
74 25 1772 241 453 129 173 14 98 152 406 235 20 196 213 66 325 132 451 202 301 245 46 8 279 161 399 179 278 242 228 198 283 70 400 162 492 15 111 143 22 95 265 217 409 182 393 41 382 94 341 126 241
75 25 1467 201 6 151 201 37 281 186 278 8 383 60 327 134 73 170 250 35 63 21 380 179 339 140 110 232 180 242 427 123 219 168 323 77 318 23 113 98 310 207 44 51 283 177 226 55 278 10 367 150 491
76 25 1793 147 239 131 6 220 162 99 248 34 420 165 208 246 233 83 108 182 392 139 436 1 273 214 226 77 242 88 295 141 180 43 231 162 49 200 324 249 448 209 20 167 15 48 499 224 480 140 174 177 175
77 25 1713 94 141 2 23 234 441 169 374 121 212 105 282 112 156 207 360 205 166 232 21 82 98 68 432 72 149 173 245 220 350 21 64 240 23 86 223 213 254 198 83 67 404 217 428 162 173 38 218 88 371
78 25 1974 238 271 218 56 202 39 56 227 136 26 76 406 191 417 30 378 241 95 233 438 177 300 194 245 227 457 168 366 174 107 236 264 230 204 69 431 94 226 157 81 1 84 89 191 118 420 240 212 153 280
79 25 1588 241 202 75 337 178 281 4 294 204 213 131 217 192 436 137 224 30 113 233 462 215 316 50 258 168 270 177 157 231 79 38 73 112 410 60 392 15 205 198 227 85 414 20 21 153 244 152 117 78 363
80 25 1669 183 143 163 440 60 432 117 319 14 47 106 189 179 218 98 238 211 464 44 158 43 378 174 62 178 157 3 44 234 366 226 479 130 18 140 163 134 458 28 32 166 466 210 485 63 447 195 27 240 103
81 25 1548 69 470 128 482 71 305 139 74 200 474 41 425 54 22 192 444 184 427 3 313 209 20 29 168 4 193 217 449 58 403 241 379 132 473 52 436 213 227 135 288 17 411 92 390 205 387 175 131 237 441
82 25 1384 159 15 211 14 208 279 64 278 188 68 19 67 199 93 118 134 55 446 120 194 212 31 35 351 87 171 25 217 162 363 10 172 128 470 37 437 100 351 214 287 168 334 103 117 28 72 102 184 17 222
83 25 1746 128 330 104 162 32 190 185 158 8 198 21 119 221 250 190 257 186 39 107 251 76 25 187 30 243 214 102 94 148 470 167 275 152 122 38 183 163 324 193 273 213 391 93 314 81 350 249 369 206 249
84 25 1883 194 332 185 224 74 399 177 270 148 498 186 422 149 58 61 184 72 385 228 344 7 292 235 350 105 417 199 103 35 6 203 331 190 388 156 13 138 434 134 285 181 70 58 432 229 470 217 50 206 194
85 25 1980 144 463 235 480 164 89 146 214 191 32 71 393 214 260 132 119 125 121 154 258 7 187 77 314 118 157 136 436 207 341 129 452 155 113 181 318 201 178 133 243 209 454 237 423 213 119 143 189 239 297
86 25 1540 197 496 85 125 161 304 32 148 239 340 117 143 245 331 175 165 133 102 47 125 60 352 213 84 65 81 227 253 172 125 51 19 61 176 31 114 59 179 204 500 19 70 142 13 2 66 177 134 167 76
87 25 1385 110 328 177 72 14 343 5 92 96 176 216 498 46 378 173 76 241 333 106 194 82 124 115 473 239 218 140 17 101 56 92 460 236 19 31 499 111 35 90 308 62 157 56 107 34 330 35 376 163 492
88 25 1751 171 346 116 387 69 456 104 208 222 454 64 265 101 434 147 201 44 34 142 102 197 298 9 406 183 440 190 410 102 283 182 300 68 118 205 171 177 177 226 292 92 92 244 25 90 46 170 123 187 123
89 25 1510 172 336 233 327 18 173 118 279 126 400 210 425 150 27 42 354 49 71 132 376 112 325 69 208 201 409 3 371 133 440 95 304 25 78 130 145 247 423 227 499 235 152 148 113 45 353 14 115 87 241
90 25 1647 79 411 60 36 214 320 140 186 202 79 30 6 206 459 237 202 86 124 37 84 210 438 83 323 84 435 199 21 76 129 34 135 16 247 204 155 182 8 234 461 115 291 170 351 242 479 38 467 117 223
91 25 1827 177 406 55 499 240 92 186 40 112 261 168 247 248 183 243 53 87 276 60 422 237 276 212 8 127 55 88 266 22 307 239 50 43 48 201 384 233 490 98 345 9 446 92 191 189 497 130 214 158 301
92 25 1605 52 184 115 161 162 419 101 427 42 157 165 341 118 60 240 319 45 324 160 494 169 169 190 112 211 230 108 90 193 368 141 97 51 107 109 212 127 459 138 21 217 53 111 335 214 453 5 258 26 16
93 25 1613 2 296 184 191 158 395 170 367 86 214 234 78 162 284 21 347 163 81 235 433 48 389 145 234 102 97 238 109 123 253 212 168 39 402 177 35 173 146 120 387 129 448 15 483 111 395 1 197 179 150
94 25 1766 85 324 133 436 170 120 147 144 224 108 164 364 112 442 34 87 222 272 68 271 172 332 3 341 44 500 193 241 178 92 75 353 113 125 195 361 18 21 218 283 236 329 225 486 215 163 59 486 230 79
95 25 1929 157 163 183 350 207 182 42 299 212 236 225 64 209 87 40 6 197 308 128 267 192 465 18 302 161 181 110 499 12 188 155 27 121 4 233 404 148 383 217 383 107 383 193 296 172 300 242 81 177 360
96 25 1258 23 494 57 392 45 319 72 405 67 436 92 324 212 314 179 46 70 326 178 36 60 284 20 3 79 44 154 173 124 183 134 498 176 42 140 470 111 313 29 248 68 204 209 131 133 106 52 60 33 440
97 25 1388 120 169 209 474 99 252 127 123 228 309 7 225 234 48 114 306 10 427 179 141 26 348 94 87 81 226 192 382 138 77 71 109 97 382 82 195 133 60 68 360 119 176 187 204 75 50 9 335 78 40
98 25 1599 225 206 137 318 42 217 146 335 201 385 161 271 243 7 152 74 54 137 133 223 98 353 148 284 57 472 186 417 158 13 58 132 70 195 52 361 13 49 196 213 183 458 86 277 215 487 100 18 84 240
99 25 1816 73 187 239 106 95 312 143 363 220 8 171 453 77 217 106 438 81 154 235 44 188 442 231 214 8 217 165 127 44 101 218 366 139 206 85 18 68 447 237 325 219 291 151 185 147 190 118 50 174 263
100 25 1443 90 468 243 405 77 61 172 204 104 272 171 321 160 479 246 494 63 292 84 137 11 124 37 297 20 227 164 422 2 426 113 71 17 148 81 40 203 434 61 123 107 72 102 417 198 414 209 281 152 321
101 25 1373 7 438 117 128 16 133 49 120 160 13 190 180 132 189 10 421 141 295 84 366 151 155 68 2 174 266 17 132 148 168 54 6 208 420 134 473 154 182 92 166 195 134 95 76 72 206 98 213 181 78
102 25 1314 3 438 145 106 111 12 123 344 12 392 147 267 99 418 150 174 174 434 15 339 128 250 35 55 72 240 4 284 91 185 213 195 122 459 51 334 221 25 29 84 166 175 100 117 194 250 40 469 183 406
103 25 1535 57 162 156 193 68 227 182 321 112 375 107 74 171 330 32 221 15 354 97 43 187 13 69 287 231 365 138 270 83 422 27 140 185 34 82 354 116 26 223 342 133 398 12 212 180 335 227 135 181 121
104 25 1445 72 295 190 210 25 54 97 396 136 370 173 377 54 308 61 157 170 176 182 392 119 416 40 130 230 71 214 206 205 247 178 128 41 367 87 316 35 63 158 154 34 309 145 94 67 64 121 351 57 489
105 25 1592 16 448 221 245 18 286 52 75 32 480 54 73 198 391 240 470 175 302 127 181 139 12 239 135 208 306 78 8 4 419 23 452 120 321 174 171 247 58 2 301 232 200 43 221 169 69 124 147 249 364
106 25 1716 158 90 248 115 247 47 45 254 51 463 26 354 101 395 126 418 23 433 21 425 164 470 217 486 240 35 110 136 136 75 146 225 175 112 221 471 156 224 123 118 226 320 98 104 196 265 128 35 50 394
107 25 1801 107 118 129 346 152 90 84 287 165 479 11 89 90 333 161 98 158 284 215 9 111 35 106 464 82 472 191 61 108 342 204 66 209 333 14 111 172 97 249 438 177 112 128 368 194 289 174 32 212 284
108 25 1516 168 419 100 499 242 290 59 99 132 13 165 90 197 280 52 118 126 301 158 154 14 285 21 59 73 338 12 348 119 473 138 243 83 136 234 372 194 435 105 58 201 297 4 230 98 372 207 500 131 110
109 25 1530 13 415 232 174 90 319 185 187 39 260 170 176 2 252 163 338 226 357 22 330 16 74 228 20 53 326 243 259 177 373 220 292 37 201 215 478 122 251 165 262 10 186 40 364 202 53 15 160 176 446
110 25 1685 176 249 174 297 153 101 39 161 129 263 232 420 49 432 236 379 155 487 43 269 246 80 58 211 119 361 13 485 21 438 181 298 186 206 94 88 158 484 100 286 183 206 146 467 191 24 121 279 168 389
111 25 1612 25 498 48 337 116 159 100 351 31 389 133 180 177 190 125 366 97 108 68 132 103 500 189 350 216 482 124 439 10 291 179 386 140 477 223 6 237 174 208 369 164 340 90 29 172 206 227 131 23 210
112 25 1310 85 374 1 184 90 232 57 130 93 200 58 229 89 136 53 196 122 328 153 342 241 94 81 474 14 138 200 394 12 262 228 385 76 243 172 205 187 371 13 165 62 148 69 257 146 160 213 387 105 204
113 25 1216 69 79 217 308 28 213 39 292 55 402 131 144 227 187 183 97 51 449 10 51 18 267 172 265 236 3 132 41 71 460 8 128 90 72 48 480 113 353 168 335 127 144 21 309 92 72 102 122 25 220
114 25 1812 145 289 247 130 144 230 171 464 190 30 194 279 101 241 8 463 195 491 232 279 118 375 50 176 69 223 183 272 196 309 241 340 200 339 219 93 68 491 56 109 20 351 137 472 37 388 237 18 167 354
115 25 1837 245 318 132 63 142 314 186 87 123 28 176 72 116 246 164 285 89 71 144 460 172 132 182 217 230 218 104 319 235 122 24 331 189 405 143 182 219 430 18 193 207 45 72 143 29 459 231 201 102 190
116 25 1445 224 483 223 190 213 42 44 133 129 267 156 459 58 61 204 239 131 133 7 323 90 403 188 263 45 68 73 127 18 424 169 94 9 141 33 73 35 428 205 163 195 360 121 252 22 324 240 402 59 348
117 25 1366 76 250 1 365 114 147 182 437 24 52 110 442 145 470 184 279 42 468 207 246 130 253 208 103 4 229 28 345 131 438 193 58 187 295 173 403 191 206 89 214 7 50 3 20 134 413 10 90 159 242
118 25 1658 92 116 94 197 196 473 41 326 161 85 236 97 129 158 101 320 113 189 135 472 91 392 76 462 184 459 124 443 48 384 36 241 249 379 187 47 204 478 224 114 62 459 43 116 163 112 229 453 98 302
119 25 1634 43 239 127 4 24 336 230 69 235 113 104 476 214 483 162 10 38 241 233 151 155 192 212 447 159 476 160 489 179 257 40 323 98 167 121 354 158 189 88 20 63 483 77 492 164 419 166 425 18 229
120 25 1524 121 426 57 132 165 485 241 56 159 88 222 337 60 75 96 249 15 468 143 429 52 371 107 294 136 26 153 450 239 131 173 266 187 156 32 23 146 88 34 483 161 222 43 88 68 143 102 285 137 30
121 25 1644 86 257 137 231 244 14 202 396 65 292 128 487 160 65 143 441 189 390 28 472 123 189 194 267 26 363 159 229 147 295 8 84 153 246 167 248 111 470 245 426 114 372 162 23 38 406 213 227 46 343
122 25 1637 50 20 133 95 36 10 207 46 238 455 192 347 141 446 195 57 193 55 128 187 230 491 160 244 13 198 1 328 26 148 22 177 19 404 54 265 228 201 104 35 142 200 175 189 246 333 131 51 210 419
123 25 1634 132 201 79 477 213 378 228 392 5 477 163 181 246 168 54 299 182 384 102 285 168 95 87 194 34 332 26 16 234 235 185 468 37 115 194 500 94 421 243 348 148 156 130 393 175 184 43 107 67 246
124 25 1380 243 336 91 79 29 124 13 406 139 348 140 425 65 427 141 259 28 234 31 372 183 280 129 313 24 54 98 419 160 266 164 402 101 4 83 481 229 447 136 470 44 377 144 461 155 285 71 284 120 453
125 25 1756 156 303 233 34 217 256 87 314 26 98 181 190 102 383 45 184 113 376 232 100 95 127 226 90 189 483 124 9 16 96 212 421 194 307 216 301 143 381 77 343 61 368 193 264 229 407 139 210 6 483
126 25 1893 86 333 73 275 65 298 135 81 245 96 103 494 141 159 209 294 154 441 222 246 89 439 147 454 167 53 93 228 160 427 165 243 101 189 159 1 176 341 123 194 239 264 204 299 92 380 194 70 244 341
127 25 1784 23 12 245 467 239 155 144 6 249 244 46 157 96 221 248 341 94 43 181 459 246 229 117 205 172 246 10 366 167 106 58 189 219 302 156 208 151 65 56 496 110 65 92 331 164 432 174 456 112 484
128 25 1487 53 442 100 257 114 447 119 331 113 326 138 153 44 41 58 353 99 60 167 404 56 27 70 147 209 233 180 234 188 143 217 241 186 66 151 12 69 231 124 394 220 276 11 436 40 359 97 309 152 335
129 25 1683 36 400 43 18 181 276 58 175 242 298 111 409 248 363 170 419 94 395 62 415 22 351 27 309 243 135 156 51 101 409 237 386 161 279 5 341 16 397 211 126 55 311 238 76 229 433 220 392 200 343
130 25 1760 95 476 152 337 213 159 239 415 67 475 227 253 156 68 158 218 185 406 30 412 62 340 1 489 68 36 60 312 235 152 210 155 242 24 63 480 188 380 204 89 208 58 97 377 64 311 74 445 222 237
131 25 1512 35 473 225 204 8 34 15 94 37 420 155 192 13 179 4 344 218 235 149 409 193 58 5 69 124 170 232 299 114 453 148 277 9 454 136 144 229 181 240 384 122 104 164 227 198 381 212 96 39 6
132 25 1564 154 43 176 129 212 157 30 178 64 427 90 425 130 226 170 200 56 100 41 189 73 394 102 50 193 335 113 289 123 220 44 18 247 274 81 154 53 258 217 219 37 408 245 416 133 414 116 257 229 188
133 25 1525 151 433 89 343 119 303 233 241 124 128 110 371 4 191 126 158 50 342 228 336 101 222 104 234 238 70 24 353 179 354 142 329 138 333 23 256 237 358 99 361 87 458 83 442 208 100 152 151 1 401
134 25 1418 192 336 240 12 211 444 42 65 187 370 54 19 244 310 108 453 10 70 142 319 152 83 69 109 34 470 9 213 58 9 215 102 197 204 157 147 6 323 83 227 127 204 72 38 163 127 47 482 18 365
135 25 1442 133 202 35 241 88 356 101 300 16 211 116 117 157 319 183 314 67 438 136 1 164 364 56 337 151 468 213 299 199 82 34 50 25 371 8 375 22 273 86 137 241 344 57 173 225 462 145 327 227 360
136 25 1573 133 313 113 202 26 411 3 357 176 435 242 328 210 214 85 334 235 209 21 223 51 115 131 473 123 207 184 119 34 262 81 268 74 443 219 201 205 471 160 131 8 401 60 217 217 246 152 201 204 25
137 25 1578 26 254 241 8 78 465 215 363 186 100 124 266 117 49 208 187 14 10 159 246 17 411 55 335 127 152 88 430 105 112 57 210 204 64 139 419 130 353 104 81 221 447 30 486 228 293 245 136 39 261
138 25 1320 148 445 95 127 97 182 56 53 146 464 115 99 27 253 17 9 106 222 89 433 44 388 161 73 123 138 218 367 125 256 229 23 200 73 149 296 201 251 19 315 100 397 67 218 7 24 42 198 59 335
139 25 1385 85 469 10 309 209 477 27 83 84 5 105 135 77 105 33 34 12 483 35 30 47 486 29 215 55 35 239 198 232 399 135 316 219 144 226 177 222 2 6 216 189 434 173 471 218 184 2 66 101 89
140 25 1284 94 316 143 378 156 193 110 304 77 277 22 220 3 199 43 254 60 449 112 25 239 45 197 312 12 233 116 115 48 217 203 141 32 198 18 437 140 479 92 318 6 465 139 360 163 431 215 324 129 76
141 25 1521 99 219 121 397 30 484 129 146 201 426 112 5 168 245 54 288 33 295 16 124 123 88 232 103 32 49 176 12 124 126 231 96 23 260 182 3 155 382 31 118 136 198 190 485 246 234 103 369 96 475
142 25 1556 59 197 13 479 107 40 240 230 166 220 178 40 230 109 42 236 92 174 104 227 122 67 18 208 63 252 162 33 199 137 193 145 47 455 225 153 245 465 234 12 184 411 51 15 121 92 1 212 16 456
143 25 1426 41 489 124 308 48 186 161 210 71 359 198 263 106 244 70 330 248 416 44 481 177 330 244 329 94 114 170 446 178 37 3 468 127 127 175 164 38 486 234 396 35 349 1 130 20 433 37 226 209 315
144 25 1711 55 452 143 251 168 414 48 95 201 153 164 179 131 392 205 294 179 440 130 177 76 80 177 455 211 183 237 437 142 403 93 343 45 445 112 458 95 58 10 497 221 291 229 215 245 272 37 3 69 362
145 25 1609 184 98 169 134 58 351 222 96 242 124 189 437 168 235 48 478 79 106 89 427 178 379 155 142 124 29 35 160 133 455 123 317 52 41 200 360 244 172 57 485 45 245 23 315 82 321 144 262 176 232
146 25 1499 189 205 213 445 97 438 75 483 199 208 187 321 24 341 214 473 52 457 246 358 43 143 205 66 59 286 136 452 47 163 35 87 117 497 134 65 184 60 149 382 17 188 55 142 28 268 217 79 76 462
147 25 1435 38 368 104 242 183 264 129 318 215 426 82 102 114 51 98 99 115 384 159 366 117 277 53 171 169 80 40 385 10 365 96 297 85 302 39 17 65 417 187 132 194 18 233 410 170 182 8 387 167 18
148 25 1518 2 386 45 304 56 65 133 198 199 244 164 146 40 498 49 78 117 216 97 53 172 431 92 464 59 228 131 178 81 266 74 134 173 388 118 222 188 111 238 334 150 485 234 80 101 199 176 255 147 317
149 25 1633 177 179 118 370 143 426 199 375 205 279 242 279 162 16 166 131 90 354 241 77 39 242 61 22 71 264 221 98 120 469 165 398 148 32 17 142 59 67 13 345 109 41 108 226 238 315 14 330 141 302
150 25 1661 72 304 175 244 169 247 92 288 216 256 38 215 139 156 106 447 223 223 209 419 183 102 27 158 12 116 75 275 48 215 178 221 120 454 66 288 201 157 166 264 215 482 152 120 87 348 194 411 159 113
151 25 1586 195 362 241 352 225 458 28 351 107 243 130 327 214 83 143 252 33 151 31 50 165 347 66 466 219 16 12 481 26 124 175 489 216 379 213 423 156 63 30 500 192 208 126 350 67 409 103 97 60 267
152 25 1926 193 193 184 260 161 301 123 392 76 246 168 64 211 296 128 486 202 42 117 201 233 74 164 211 26 82 119 128 178 280 246 472 222 179 84 383 230 206 126 407 54 43 73 366 89 450 203 392 242 69
153 25 1525 92 76 245 108 36 270 189 256 249 219 244 42 7 24 227 241 3 35 116 262 88 409 84 55 99 385 8 490 126 178 183 304 172 392 89 293 197 41 232 34 44 90 58 373 81 412 157 196 25 96
154 25 1635 206 108 150 406 243 259 247 220 39 32 23 312 173 464 105 207 12 145 209 243 31 105 82 440 227 162 203 235 210 228 80 17 187 331 192 169 1 230 200 125 41 475 190 497 33 451 142 94 45 24
155 25 1322 198 229 65 26 242 17 10 451 244 441 70 283 21 242 63 212 12 63 43 314 40 186 38 331 182 320 134 175 163 178 50 462 156 364 89 500 131 98 200 476 19 258 161 362 71 224 124 485 119 437
156 25 1709 126 54 76 207 87 247 90 114 12 369 163 473 127 27 164 126 9 261 177 234 151 48 94 163 159 266 136 384 4 172 228 159 247 36 246 494 125 211 107 95 123 181 221 399 96 9 207 125 243 107
157 25 1475 172 438 121 432 203 358 66 304 112 487 31 122 86 316 219 431 42 429 37 489 52 467 209 52 61 407 119 383 155 77 54 92 197 337 44 54 152 449 17 491 230 139 178 397 107 358 41 138 246 279
158 25 1480 189 462 89 342 124 245 4 242 229 408 68 32 101 366 119 496 170 372 195 288 214 26 176 141 172 135 100 212 95 342 164 159 181 255 134 277 111 228 6 120 45 287 221 263 7 466 34 231 12 321
159 25 1409 194 287 99 85 209 233 36 272 106 131 114 269 39 294 125 422 70 235 149 325 105 46 214 177 58 322 244 193 52 256 13 348 42 111 34 102 195 69 124 402 199 339 22 339 132 397 11 53 233 261
160 25 1456 230 189 56 45 115 465 116 359 9 270 114 22 117 7 132 400 109 179 70 334 80 19 172 102 107 155 100 469 59 332 38 21 137 184 135 204 152 95 212 171 60 85 139 67 217 390 27 395 209 360
161 25 1377 76 79 133 427 38 37 26 256 197 460 87 235 82 76 20 68 131 171 163 342 193 222 177 331 245 72 64 241 25 418 211 407 95 498 45 472 106 242 33 294 78 114 119 97 182 499 18 344 210 417
162 25 1702 221 143 205 317 214 370 159 198 247 326 5 22 8 300 244 215 143 128 9 72 242 229 168 275 80 287 220 124 99 386 94 93 192 410 158 312 68 356 58 495 14 62 17 373 213 10 88 457 239 96
163 25 1894 28 82 176 48 106 255 84 325 128 284 63 323 126 4 232 34 65 401 139 224 248 4 138 264 202 125 159 113 160 186 195 438 233 402 192 419 79 70 141 392 180 144 226 463 61 228 203 386 225 58
164 25 1605 23 238 35 77 112 100 235 327 111 272 21 298 107 422 240 275 161 328 242 154 7 136 231 71 48 61 183 387 182 58 125 467 134 338 66 220 16 426 241 388 224 347 162 65 223 13 77 153 5 480
165 25 1317 159 140 63 480 39 373 104 471 9 138 130 235 13 425 21 232 42 446 75 180 23 341 187 98 103 263 107 95 10 348 91 136 233 297 209 241 184 338 78 389 203 104 36 395 206 360 74 79 235 266
166 25 1517 15 82 119 130 183 327 76 192 175 334 33 162 168 329 222 260 114 310 87 2 42 410 149 289 115 361 214 193 95 480 60 278 200 41 62 276 116 3 52 301 137 316 218 67 37 227 180 448 166 181
167 25 1602 61 59 90 460 97 57 70 413 101 16 142 160 145 193 52 456 218 19 60 122 69 197 187 138 13 75 217 295 23 234 225 333 144 417 93 473 213 255 175 330 248 437 224 190 238 281 9 7 91 130
168 25 1846 177 139 168 167 3 493 133 47 117 468 22 51 111 290 195 453 114 9 207 38 89 204 224 164 245 314 47 254 172 387 235 348 127 153 14 129 247 248 176 363 67 49 163 178 190 107 232 303 218 41
169 25 1374 90 306 96 166 71 341 81 117 94 2 105 328 201 231 82 215 212 328 64 239 42 381 139 455 160 328 163 391 130 380 33 321 37 379 88 358 219 168 76 164 169 181 93 222 13 175 186 474 104 101
170 25 1831 212 396 231 350 202 390 177 466 133 158 96 415 229 234 145 316 193 363 86 269 128 356 51 221 77 63 247 12 139 452 215 452 97 445 52 400 187 330 116 171 90 63 85 318 46 230 235 239 194 320
171 25 1581 7 174 28 307 246 104 221 492 218 109 45 432 61 142 228 214 143 414 145 258 84 234 70 21 153 116 102 388 104 397 59 212 172 86 120 167 190 90 10 9 199 305 9 298 167 324 183 218 198 368
172 25 1846 202 267 240 206 234 193 195 439 90 4 150 11 191 371 30 482 211 39 11 343 31 121 140 448 194 182 232 161 129 99 214 247 89 170 83 31 114 271 222 469 23 483 160 143 243 103 152 85 113 97
173 25 1609 115 233 88 164 28 269 145 189 249 494 4 496 184 173 180 214 139 450 186 107 222 20 118 217 133 111 69 136 47 284 232 411 70 75 146 88 71 436 87 314 189 184 99 464 215 63 102 164 100 60
174 25 1331 238 471 178 454 103 390 124 488 186 407 72 198 127 391 22 330 195 309 18 110 99 53 209 62 17 373 15 431 222 75 20 442 2 473 146 243 96 485 3 56 227 129 48 351 128 295 162 497 6 260
175 25 1750 50 214 72 316 188 336 98 409 12 117 202 115 89 347 107 37 184 386 141 239 113 371 139 463 122 16 109 33 114 292 163 430 215 229 117 153 178 128 164 295 79 29 235 28 237 271 211 123 161 301
176 25 1488 87 383 189 401 4 56 9 138 170 224 32 332 5 98 162 224 192 203 16 236 31 396 72 58 132 445 120 106 207 421 44 340 109 444 195 17 54 83 186 28 216 119 134 313 209 415 222 161 180 59
177 25 1653 44 177 232 453 160 176 73 266 235 345 59 324 203 105 18 321 158 202 6 287 19 375 171 82 7 481 246 80 142 277 240 185 221 137 112 249 61 229 233 405 140 408 210 494 27 30 151 81 138 188
178 25 1544 99 364 210 430 120 190 27 51 183 405 40 219 209 112 106 173 212 416 151 444 71 290 203 30 135 230 161 36 60 48 75 158 136 440 132 177 68 432 110 473 73 78 181 287 35 353 248 53 44 225
179 25 1305 247 348 4 382 77 16 19 238 64 195 248 326 80 187 208 358 106 491 69 78 166 499 111 304 33 315 51 335 22 446 59 19 44 164 2 222 32 372 210 95 66 59 170 247 97 479 206 202 220 25
180 25 1375 132 487 23 94 40 157 158 442 94 32 138 254 50 33 20 153 4 301 24 65 145 441 123 166 187 219 247 494 171 466 18 404 54 40 93 49 154 34 142 435 86 305 164 340 161 214 113 475 210 303
181 25 1328 98 478 91 168 224 335 190 291 204 343 94 96 89 186 144 95 71 35 131 344 179 217 93 56 160 158 21 385 118 425 84 447 16 353 170 452 43 210 155 135 53 250 90 245 29 300 105 310 4 424
182 25 1612 116 411 46 250 130 470 185 326 87 288 245 38 182 306 45 418 108 146 243 299 141 162 209 21 212 165 80 329 121 83 104 487 96 149 88 225 119 375 153 205 14 499 95 445 55 491 112 264 238 105
183 25 1254 63 230 16 123 1 79 37 432 158 260 15 11 246 212 12 185 38 130 59 190 186 72 41 132 95 474 230 108 212 186 22 191 201 144 191 30 33 225 39 42 91 151 139 302 162 323 89 143 132 131
184 25 1495 79 305 171 312 173 367 36 402 76 247 87 348 39 389 93 230 20 477 56 58 120 396 209 8 197 222 183 137 115 416 17 193 220 437 106 392 53 141 145 129 239 83 78 28 222 170 109 93 147 414
185 25 1646 151 16 59 211 126 5 182 58 141 296 223 260 90 44 48 48 186 351 188 432 81 279 15 10 56 486 179 266 180 177 80 45 89 142 170 195 176 329 85 73 153 446 196 494 62 483 249 415 128 129
186 25 1627 179 387 184 266 65 51 195 94 229 127 138 67 120 409 11 45 237 448 220 389 245 234 84 238 45 419 183 395 83 310 24 113 48 309 230 113 110 424 58 88 152 195 7 22 103 119 168 191 137 79
187 25 1676 163 120 14 400 164 432 185 59 116 346 82 80 144 390 59 358 249 233 165 189 134 461 47 7 63 165 175 105 83 311 183 97 181 48 98 446 32 4 197 230 187 27 123 327 85 480 177 419 246 467
188 25 1190 155 206 13 411 120 178 187 224 112 498 8 60 30 305 157 225 136 439 81 435 20 369 211 142 195 147 223 474 168 70 190 322 25 305 84 246 21 321 47 120 78 356 1 234 12 327 52 407 54 71
189 25 1434 26 116 64 322 114 36 147 31 105 439 204 231 243 288 78 428 160 148 224 381 77 79 131 311 90 457 180 244 216 335 93 302 128 16 17 265 15 150 222 453 103 304 47 492 132 474 3 131 49 133
190 25 1276 208 127 13 18 68 72 49 61 139 235 227 481 138 456 98 154 72 362 53 293 166 8 199 64 101 432 37 104 62 437 88 121 63 203 131 274 38 293 162 272 121 244 11 326 91 165 148 305 69 42
191 25 1689 220 178 240 34 29 421 172 484 233 359 71 103 171 273 93 153 148 482 48 161 106 168 154 116 244 347 30 243 151 451 34 120 128 274 5 8 194 427 241 28 35 414 57 38 177 62 186 408 211 448
192 25 1440 13 378 102 481 223 50 112 465 200 62 249 171 42 374 176 49 67 454 40 447 90 305 179 498 92 355 59 129 114 269 77 479 30 459 221 329 70 38 130 484 138 50 25 11 175 429 132 316 125 471
193 25 1635 120 303 219 462 9 379 90 123 18 453 248 297 161 70 125 332 107 4 167 244 156 43 106 334 218 35 216 283 159 186 5 64 6 216 174 237 157 398 236 27 100 85 73 260 154 448 194 113 53 110
194 25 1345 208 60 153 314 144 120 200 109 4 460 146 8 23 4 75 447 240 84 94 327 110 194 161 432 55 416 231 248 130 386 108 88 195 362 3 338 54 298 86 263 46 94 138 299 20 84 38 103 29 364
195 25 1645 212 324 126 496 231 41 226 80 23 111 39 360 158 150 214 245 232 267 145 68 131 190 13 18 90 32 203 229 135 232 194 198 157 69 193 239 211 419 69 233 107 444 38 109 9 385 127 279 8 320
196 25 1803 21 275 159 405 228 387 39 311 182 236 217 250 31 308 62 51 126 295 181 84 90 219 192 349 205 134 225 85 142 482 154 15 7 414 169 484 152 457 146 333 44 362 184 176 245 226 248 289 157 82
197 25 1315 129 227 125 79 181 258 53 265 2 137 20 266 143 285 184 228 186 492 123 120 137 86 63 107 47 140 104 336 46 37 66 374 162 144 156 271 48 22 22 434 41 287 178 177 72 405 112 165 231 52
198 25 1631 215 283 216 173 80 105 128 17 3 165 184 126 178 429 32 300 226 53 72 12 196 460 189 122 134 446 86 298 74 316 99 140 201 166 62 132 21 292 23 308 183 148 235 361 31 136 188 436 207 301
199 25 1542 131 269 240 354 152 435 189 199 110 107 150 500 159 65 163 40 85 454 39 209 11 323 209 97 183 239 233 472 174 41 23 406 59 114 112 62 48 50 157 8 12 258 166 76 171 455 13 374 95 471
200 25 1445 135 167 179 83 201 270 65 25 45 356 47 53 16 410 164 78 59 65 190 67 73 201 75 488 26 245 38 118 241 361 104 158 39 187 210 160 1 234 205 208 132 7 224 291 170 153 234 342 18 158
201 25 1448 42 194 146 169 188 292 59 407 32 419 11 291 49 1 219 401 86 423 109 468 179 184 8 450 61 35 177 430 193 70 123 190 238 412 231 296 68 114 66 180 155 375 80 257 93 481 92 265 191 309
202 25 1633 45 476 169 346 61 331 130 339 10 72 234 261 247 145 93 145 64 207 210 494 213 436 175 71 28 405 162 394 95 73 40 320 241 135 232 321 117 172 182 438 181 165 51 280 59 143 26 122 201 337
203 25 1560 217 15 23 392 85 50 148 497 46 345 171 85 16 263 72 350 185 438 21 366 227 304 30 277 190 272 62 163 222 398 232 487 170 225 71 72 122 419 219 68 89 303 84 453 226 285 137 163 55 252
204 25 1875 140 460 133 166 246 174 187 307 87 261 205 170 247 226 144 169 149 117 190 367 185 130 170 120 83 247 154 469 160 60 73 151 20 205 168 265 129 457 174 67 217 480 236 315 85 354 97 274 72 281
205 25 1710 154 93 150 486 90 155 56 249 215 378 1 86 185 418 202 165 124 125 231 442 104 318 6 161 48 91 14 394 216 437 27 119 30 426 206 369 183 262 219 147 241 219 232 425 136 433 191 362 160 171
206 25 1396 53 365 90 411 25 137 103 390 133 68 77 409 39 356 186 346 224 118 209 192 14 450 160 347 226 397 132 167 110 393 189 413 7 29 175 282 17 379 171 399 48 497 57 188 102 493 34 427 212 492
207 25 1321 118 78 43 379 26 19 128 407 37 237 49 225 1 408 105 27 189 122 155 211 122 203 208 31 242 411 125 275 190 336 119 159 163 411 38 189 31 17 197 317 3 98 144 106 5 350 132 193 73 389
208 25 1606 5 195 193 462 225 184 99 311 164 286 179 72 199 191 211 239 222 477 37 140 82 134 135 39 138 235 22 182 57 410 187 251 204 250 77 240 76 277 50 239 63 478 163 113 20 123 203 491 202 239
209 25 1609 233 385 123 219 25 362 203 296 146 10 58 332 112 261 183 291 9 67 151 349 231 378 11 445 236 147 240 289 136 74 110 293 49 471 97 446 218 458 3 401 172 116 84 212 217 444 130 368 42 463
210 25 1420 97 155 157 198 242 406 188 280 143 363 156 252 7 306 74 104 1 292 61 106 192 482 73 377 45 39 70 175 8 464 137 207 220 395 154 461 50 193 92 442 158 247 164 52 119 17 52 262 180 259
211 25 1555 55 263 81 34 58 222 205 482 229 168 220 37 137 216 43 449 118 337 40 161 244 286 206 10 189 176 128 343 39 307 101 93 70 432 126 229 153 183 210 483 100 31 122 339 98 16 37 465 102 179
212 25 1734 126 448 214 183 207 5 108 334 97 146 243 447 90 414 230 68 142 382 203 217 201 85 88 141 182 103 30 499 56 458 124 253 23 306 209 277 15 395 225 160 239 422 101 4 151 168 145 385 19 199
213 25 1698 203 72 33 392 212 316 96 491 64 151 50 289 6 73 196 464 201 460 210 176 221 300 199 424 53 451 193 447 85 212 247 139 131 30 244 447 125 337 112 378 136 253 133 60 198 261 10 10 38 332
214 25 1613 59 236 5 112 186 50 160 373 11 407 145 37 143 240 85 119 76 299 246 64 153 128 123 452 178 383 63 437 170 497 245 257 103 356 193 152 118 167 162 24 177 158 69 398 99 40 223 249 35 36
215 25 1244 151 15 11 454 192 245 17 378 115 122 23 217 80 317 119 447 233 132 72 160 40 85 187 35 33 6 149 285 20 409 91 461 5 209 88 271 73 311 44 391 140 462 9 438 195 243 206 384 196 35
216 25 1611 172 230 6 284 115 11 182 1 132 442 91 342 197 299 31 69 223 193 214 364 83 176 224 122 120 68 131 75 201 76 211 372 157 318 8 21 180 189 22 61 233 464 4 281 34 201 87 477 165 302
217 25 1457 161 442 26 282 61 343 14 487 146 441 49 369 98 117 126 470 46 417 93 209 149 307 212 31 23 98 231 359 176 497 86 438 38 219 100 130 233 188 25 25 237 144 224 455 121 444 102 287 138 310
218 25 1512 37 296 124 67 68 221 150 279 146 498 41 231 38 78 51 137 59 385 177 186 160 163 181 383 219 51 178 70 88 316 232 374 213 355 43 31 75 294 161 72 143 451 154 430 28 454 169 438 89 95
219 25 1720 123 100 109 303 232 77 104 12 248 43 77 81 166 141 185 60 171 361 205 331 182 348 133 85 129 160 141 47 98 81 72 180 249 375 161 177 228 24 27 122 100 107 139 491 144 449 13 106 5 196
220 25 1553 140 204 78 326 83 340 216 379 39 296 122 360 225 120 234 488 149 313 11 27 184 213 133 323 55 378 123 419 127 114 81 294 198 15 16 393 171 413 14 280 138 236 227 236 178 89 12 112 153 394
221 25 1625 36 207 124 408 126 107 136 91 81 68 236 380 82 368 247 327 140 410 90 420 149 177 35 375 162 462 65 173 175 468 169 62 26 42 71 3 207 94 182 126 79 413 208 49 160 386 188 319 77 459
222 25 1637 217 4 243 193 17 57 109 440 83 326 210 395 102 251 215 354 23 299 33 399 230 195 208 28 206 343 67 274 169 26 92 24 18 136 41 176 245 82 9 320 5 23 71 377 244 94 175 276 242 6
223 25 1701 72 301 33 278 143 100 153 163 227 347 39 96 232 329 22 476 160 132 148 200 136 170 92 206 46 85 151 73 212 494 180 385 44 463 162 288 164 417 201 390 13 341 235 96 169 108 239 71 129 476
224 25 1766 240 72 34 138 156 184 62 367 178 491 103 323 55 117 111 218 33 413 209 147 3 296 242 273 153 165 202 494 235 182 219 327 104 464 158 390 127 126 169 367 228 241 172 344 101 241 115 52 124 219
225 25 1622 97 468 241 101 132 192 94 219 123 415 45 125 120 360 134 9 236 361 29 454 89 20 227 284 222 218 12 337 121 237 55 319 204 398 169 188 115 258 64 131 52 290 102 13 174 111 248 386 139 53
226 25 1595 224 260 30 110 232 99 223 170 219 61 76 37 117 473 57 304 164 171 61 79 153 214 118 255 226 393 217 325 29 457 127 104 8 213 50 356 37 71 74 98 248 462 214 471 19 369 236 291 31 314
227 25 1492 194 494 33 50 71 426 16 247 204 74 225 159 142 233 224 43 88 260 113 14 209 111 172 433 95 290 20 386 83 181 17 365 230 337 97 435 197 420 12 356 62 494 79 104 183 190 69 298 149 31
228 25 1455 125 172 213 219 212 482 104 383 166 284 150 382 115 338 126 211 72 131 136 279 44 231 209 499 15 399 169 313 149 449 187 320 161 155 31 244 111 16 11 246 17 495 206 370 71 330 43 303 67 72
229 25 1428 198 297 30 49 164 178 217 476 76 416 14 146 178 270 28 274 130 145 136 478 13 380 88 219 101 260 150 394 165 319 215 112 244 160 24 127 105 451 144 368 71 490 78 196 119 74 82 198 87 461
230 25 1390 35 157 62 397 158 307 61 226 21 274 45 366 36 174 241 412 131 294 157 350 79 339 170 275 60 244 106 257 182 168 144 338 81 290 97 387 202 175 9 77 219 375 112 392 217 273 124 10 31 224
231 25 1476 103 360 62 272 134 121 117 341 230 48 8 123 237 441 14 334 77 67 110 336 143 78 5 321 130 129 195 140 160 418 242 121 81 365 106 304 84 446 33 483 55 7 220 245 122 405 174 188 111 182
232 25 1581 193 24 38 13 153 167 59 292 178 476 135 400 159 102 5 462 185 450 96 167 106 204 238 351 75 494 126 364 7 236 147 301 9 435 64 263 203 372 55 232 200 291 131 358 244 487 171 280 186 368
233 25 1576 49 41 71 36 243 247 30 368 212 138 205 358 41 65 144 104 78 448 77 234 179 378 24 161 87 120 147 257 149 434 226 197 148 85 69 144 216 289 207 455 65 245 58 310 200 487 8 27 220 436
234 25 1696 6 95 199 343 214 95 99 465 29 427 13 355 74 449 25 468 164 63 174 221 158 90 215 317 150 17 53 9 145 374 46 150 218 244 242 182 191 443 248 219 119 10 175 192 209 51 11 224 216 287
235 25 1758 194 123 126 261 41 127 27 445 237 23 68 283 172 285 26 16 216 458 65 286 178 177 62 369 135 113 130 358 78 166 154 52 143 266 122 394 138 358 166 455 140 439 239 18 204 57 233 263 223 371
236 25 1458 190 399 182 309 135 396 40 95 75 57 248 376 51 13 69 172 8 58 132 173 12 373 111 103 140 417 11 475 179 233 95 471 234 128 29 368 24 170 212 200 78 61 178 378 175 348 152 182 156 135
237 25 1783 206 417 7 169 19 397 85 29 223 115 114 67 97 46 215 316 171 236 130 121 63 42 48 43 217 395 194 500 152 78 58 69 186 226 189 332 162 320 156 276 183 472 213 381 120 427 196 290 163 177
238 25 1549 160 327 219 309 119 37 56 164 36 207 93 93 127 29 170 66 212 331 135 118 107 169 191 319 151 310 97 96 202 111 125 361 40 343 22 158 129 77 174 266 118 211 12 146 130 327 210 211 63 179
239 25 1627 169 83 221 487 233 281 185 430 84 398 54 444 187 396 67 196 126 245 119 392 130 487 102 493 234 481 69 45 43 233 223 211 65 194 49 149 76 336 78 409 132 204 129 373 114 5 117 335 248 348
240 25 1601 71 349 90 156 181 10 201 76 94 275 36 260 70 187 158 497 22 486 7 254 219 313 172 347 185 137 203 153 221 450 103 143 150 192 49 331 54 351 156 147 227 43 157 297 229 166 145 250 3 402
241 25 1711 105 471 66 26 170 250 15 224 4 485 174 106 128 323 150 278 5 203 12 201 104 305 209 252 135 125 147 487 127 150 91 450 215 219 221 316 233 194 171 69 219 27 196 42 176 473 148 230 202 160
242 25 1573 180 56 66 389 159 52 115 55 38 343 56 379 144 122 199 466 187 181 160 358 101 378 236 297 21 263 121 21 94 73 32 273 230 199 13 138 229 45 174 100 18 67 74 466 33 10 248 44 219 98
243 25 1523 23 306 246 396 170 367 166 263 41 299 138 270 247 400 9 246 231 303 135 404 5 402 72 328 219 354 189 68 249 260 18 22 65 263 19 485 184 247 123 334 134 392 80 386 3 75 218 305 62 121
244 25 1494 161 213 44 238 34 148 177 203 248 38 220 121 102 335 139 438 167 424 37 290 7 22 33 86 9 35 13 476 192 324 198 102 138 242 23 241 118 226 238 7 47 109 210 131 247 398 150 421 36 439
245 25 1646 177 307 73 115 66 210 127 393 151 450 91 2 189 82 193 212 174 162 187 161 168 233 121 480 216 470 115 242 14 155 70 477 134 237 186 10 232 438 61 322 42 500 5 336 63 428 248 499 190 17
246 25 1789 83 413 246 150 132 224 116 123 237 20 142 409 99 276 247 386 137 478 74 300 151 115 155 302 213 184 49 63 226 168 138 15 147 269 91 12 141 179 32 134 87 232 159 436 117 398 163 292 197 416
247 25 1942 8 347 172 60 59 356 210 121 183 229 117 70 244 115 190 186 127 432 114 10 65 303 241 326 238 209 223 2 103 419 167 110 89 21 175 296 231 147 228 311 115 399 156 82 91 208 121 307 217 287
248 25 1833 109 309 112 198 119 186 199 221 104 468 81 220 56 203 246 203 183 244 32 244 211 282 149 292 221 92 249 91 148 67 127 6 227 341 203 95 26 253 66 482 220 498 53 127 200 299 181 485 144 212
249 25 1860 80 104 243 80 247 213 171 245 155 68 163 384 175 241 224 479 188 101 84 355 82 155 204 135 134 403 35 314 239 178 128 318 222 398 130 287 170 477 191 340 241 176 14 232 1 95 21 352 178 125
250 25 1248 35 332 78 271 67 82 55 131 71 85 110 490 70 81 239 449 117 11 27 160 100 268 187 465 101 438 59 473 141 88 97 425 22 276 48 88 107 454 218 29 38 77 121 459 10 461 158 376 221 36
251 25 1325 137 320 155 74 35 357 11 195 79 3 33 277 29 54 52 326 141 261 30 211 169 139 128 148 74 387 126 294 172 262 114 429 187 250 49 296 216 51 78 242 80 483 146 7 226 406 36 186 148 307
252 25 1631 176 261 184 324 84 172 199 377 93 312 92 373 249 443 158 47 239 475 98 168 216 279 151 213 35 478 220 423 15 368 81 190 128 14 13 211 185 63 189 129 125 281 2 373 223 11 21 461 87 368
253 25 1865 231 52 248 131 15 135 210 234 159 474 203 489 163 80 104 176 142 390 238 81 18 464 111 371 188 435 233 459 69 178 228 473 176 210 89 310 169 174 70 142 127 58 156 58 13 331 200 152 171 132
254 25 1712 21 236 94 392 174 278 226 382 25 397 59 104 119 86 63 309 247 333 232 316 224 108 225 130 18 487 62 217 138 84 98 159 70 191 152 243 229 476 197 125 136 300 95 472 113 153 195 135 212 252
255 25 1777 111 449 63 179 188 499 128 448 68 420 201 412 240 430 239 436 156 476 87 251 49 199 153 369 246 37 106 118 233 67 119 93 117 283 124 157 31 1 206 450 171 157 213 12 93 279 135 93 77 436
256 25 1406 98 445 181 236 50 48 218 469 18 163 187 50 36 195 183 286 151 484 58 307 197 69 96 499 219 438 27 104 133 354 39 82 150 321 67 52 220 35 20 339 49 58 138 334 3 422 119 403 156 29
257 25 1460 61 102 97 156 202 316 195 229 21 179 184 161 10 83 83 429 134 52 65 5 140 363 165 129 196 167 153 166 171 308 194 481 11 143 238 64 60 284 144 432 213 77 92 74 12 424 2 497 77 168
258 25 1551 2 68 30 268 196 77 184 450 243 206 7 288 186 369 32 25 183 443 58 76 124 122 5 465 16 240 49 364 66 217 217 133 246 484 181 175 167 130 19 474 239 56 159 459 190 35 132 343 171 6
259 25 1500 214 175 72 159 42 62 208 405 127 276 122 260 123 105 190 47 124 421 65 347 159 371 108 118 162 392 110 43 234 30 48 50 56 370 60 97 33 119 104 409 144 475 20 267 181 311 63 156 232 128
260 25 1809 3 390 100 212 109 261 103 219 155 189 55 90 156 276 149 104 58 268 207 466 161 283 236 279 214 296 92 369 129 71 223 269 170 286 229 32 241 49 186 281 240 370 117 18 9 424 35 68 242 298
261 25 1648 100 79 76 415 226 167 136 105 89 210 225 8 246 203 141 88 2 429 118 252 168 237 157 387 4 17 60 391 84 51 188 286 129 115 52 355 134 187 61 222 249 35 82 96 237 472 183 340 150 50
262 25 1356 91 420 36 497 56 39 14 467 31 449 18 468 86 498 83 138 204 216 176 14 39 276 48 370 121 137 92 53 226 93 102 67 12 239 165 169 130 280 136 410 229 153 230 166 2 164 155 206 231 331
263 25 1593 219 19 106 119 139 477 5 230 131 82 174 335 186 73 165 354 54 194 91 464 24 345 193 440 97 208 94 404 188 276 224 456 132 92 210 198 175 442 99 276 136 201 45 341 4 239 182 69 114 26
264 25 1604 113 303 224 320 249 127 7 376 101 65 109 44 10 170 242 185 112 373 135 239 105 122 41 400 212 45 240 495 215 353 21 78 8 244 108 223 6 483 73 422 92 366 181 261 209 217 183 351 213 38
265 25 1473 74 253 187 286 149 278 30 114 130 152 191 489 248 291 96 470 46 431 144 69 22 361 134 320 216 358 2 169 70 39 242 424 77 129 73 104 11 186 86 412 228 426 120 374 82 166 54 475 234 177
266 25 1517 86 335 60 7 51 19 8 321 190 399 62 114 77 441 186 33 201 223 220 464 52 395 225 171 120 158 188 423 133 274 70 460 113 326 10 131 185 432 71 83 244 286 160 36 221 44 88 45 13 51
267 25 997 198 407 127 220 27 35 10 301 19 33 2 338 242 216 15 104 96 199 35 18 32 130 53 293 165 125 86 104 21 200 7 218 106 383 40 484 49 137 139 433 240 328 26 455 92 231 152 41 16 170
268 25 1349 174 247 74 318 14 301 5 367 71 204 123 391 161 108 32 145 126 80 133 15 12 372 92 139 76 36 120 329 178 487 100 101 233 174 20 496 24 215 146 329 87 388 239 46 169 485 172 350 117 288
269 25 1709 111 340 231 352 17 16 221 346 45 207 195 247 189 368 16 287 193 141 1 191 219 439 180 310 235 349 146 258 198 115 147 411 204 229 12 471 97 334 66 391 40 10 138 330 230 153 218 274 70 316
270 25 1676 216 111 246 127 197 446 23 204 245 387 202 405 90 180 18 162 26 203 227 19 242 339 156 424 68 160 243 193 55 63 9 271 173 254 147 119 199 21 174 193 157 477 200 99 8 319 10 136 22 89
271 25 1507 154 115 177 309 38 346 218 133 125 195 46 247 219 151 245 189 99 16 214 394 24 190 195 224 49 13 234 184 34 424 189 1 100 497 140 195 67 22 84 293 68 130 39 286 30 385 224 481 2 39
272 25 1501 124 26 80 68 101 129 182 84 164 318 109 353 68 208 201 207 4 369 81 338 161 148 69 51 184 98 186 259 180 187 150 155 64 229 222 165 209 6 100 373 73 459 77 492 18 277 50 124 146 130
273 25 1677 63 306 130 131 209 63 228 144 173 10 182 174 164 98 153 238 114 111 243 65 85 417 125 411 158 245 40 309 118 185 189 180 92 68 60 50 232 389 45 6 148 79 180 62 28 434 49 141 146 393
274 25 1579 205 231 59 432 243 68 176 384 126 43 68 166 74 262 85 383 163 418 123 208 174 373 138 455 36 165 186 157 135 328 111 365 238 144 210 55 69 93 32 213 13 448 134 20 38 302 245 347 77 367
275 25 1493 234 31 152 500 20 87 156 404 16 369 121 253 12 182 159 183 126 292 145 490 91 33 115 475 154 255 128 398 101 204 14 437 86 267 186 207 205 444 212 322 62 434 176 323 5 93 228 252 82 318
276 25 1463 34 49 144 187 53 271 187 255 76 52 43 263 69 479 219 375 172 283 197 85 216 474 157 183 160 264 25 137 117 208 56 2 6 302 188 410 174 124 165 250 28 207 114 346 37 185 72 310 217 120
277 25 1730 144 34 94 153 216 3 18 490 241 134 198 148 135 305 199 174 215 373 150 379 224 177 187 337 124 474 123 445 89 65 29 373 10 181 88 12 50 430 104 433 229 1 67 283 52 92 247 174 227 499
278 25 1462 167 16 187 142 239 60 87 123 148 3 3 122 12 35 62 375 84 491 80 266 219 80 184 103 131 276 202 406 118 178 6 285 193 443 176 33 2 364 8 399 116 10 123 229 147 434 205 230 26 34
279 25 1738 98 96 216 31 198 198 158 1 104 26 179 359 162 223 153 87 108 154 53 467 155 20 78 277 249 224 62 55 204 337 89 153 182 54 183 481 1 341 232 206 218 12 167 379 86 69 67 45 75 119
280 25 1276 11 479 139 339 5 239 62 168 145 367 4 233 19 287 138 54 119 241 246 452 48 463 65 66 91 401 135 157 47 209 128 308 39 118 146 145 208 59 102 426 167 437 46 305 176 349 173 166 94 227
281 25 1704 66 408 41 381 248 293 117 257 90 75 236 249 113 353 144 109 162 304 170 263 81 86 51 377 140 477 77 165 244 23 243 309 180 135 190 178 30 56 36 221 233 21 219 447 225 214 56 136 17 327
282 25 1728 98 413 51 326 154 277 152 170 20 424 14 431 104 399 120 383 178 27 111 40 218 308 116 283 215 251 49 41 102 248 203 152 73 459 30 327 230 50 244 332 205 142 201 189 171 329 208 420 190 99
283 25 1880 239 497 214 271 63 316 69 103 20 169 158 171 93 366 201 419 197 352 21 440 183 475 235 16 103 313 223 374 104 174 112 202 132 264 157 53 117 426 221 274 96 313 241 398 232 187 101 104 229 283
284 25 1603 180 411 119 445 14 284 20 387 137 193 101 339 181 232 102 189 34 320 114 4 93 210 169 435 209 252 224 60 105 452 194 284 112 313 81 227 96 100 216 232 144 66 172 426 47 24 115 433 228 288
285 25 1552 38 289 206 74 100 59 47 159 163 350 102 49 212 16 231 290 111 80 5 195 75 172 218 500 219 343 114 253 186 194 40 325 84 348 183 406 91 171 146 295 71 209 60 51 101 273 232 105 69 56
286 25 1524 27 286 157 97 129 373 201 166 66 240 92 251 189 91 184 345 137 126 117 385 22 437 195 82 89 295 206 320 2 24 227 380 59 133 78 289 5 28 204 422 17 295 173 206 136 208 152 124 185 268
287 25 1472 110 457 56 157 140 394 201 95 65 202 220 291 81 130 25 260 169 132 37 372 53 54 19 77 111 256 136 364 231 321 131 91 27 38 247 18 181 49 214 347 103 433 137 35 62 263 45 332 144 81
288 25 1666 56 299 236 74 227 448 181 363 61 411 183 293 103 311 80 99 78 112 41 458 102 75 196 136 238 209 180 320 204 11 2 348 152 479 46 332 193 106 242 375 149 95 37 80 45 216 192 44 108 1
289 25 1153 145 432 197 133 21 7 62 90 210 424 66 64 22 467 144 419 150 86 24 392 88 200 104 234 165 45 28 272 45 274 55 343 8 325 201 172 13 447 82 76 70 401 71 488 152 258 12 145 171 285
290 25 1427 232 120 138 68 34 34 197 157 181 470 211 125 80 35 76 251 51 338 235 413 17 487 85 254 194 117 33 114 4 366 141 433 220 277 129 126 59 451 188 183 30 222 8 280 125 345 78 109 109 446
291 25 1438 95 193 52 482 238 168 14 203 171 380 37 164 164 256 42 293 233 350 243 272 32 272 244 40 153 220 134 230 78 493 28 274 79 107 25 98 223 477 121 204 116 386 117 223 29 159 58 378 151 79
292 25 1424 11 172 174 300 176 143 36 8 72 380 35 95 18 465 202 394 164 26 223 136 229 338 21 95 162 49 4 219 28 6 48 39 30 73 190 455 216 77 212 389 206 348 234 76 37 469 78 62 43 213
293 25 1618 40 380 86 236 144 486 91 362 14 347 11 154 126 84 195 182 151 272 246 39 79 343 124 154 109 262 225 436 73 17 214 249 85 52 142 423 105 38 238 468 191 465 51 385 147 53 156 142 193 87
294 25 1371 234 317 240 342 78 66 129 253 83 481 68 331 65 471 74 339 113 178 126 100 145 66 47 303 63 451 60 204 144 396 39 62 238 381 241 53 111 95 135 341 15 317 8 485 140 96 97 420 49 64
295 25 1483 241 215 213 43 27 413 103 480 158 100 18 219 87 250 210 140 111 156 24 303 170 443 60 155 82 8 1 251 81 299 167 71 115 481 216 141 245 170 120 403 19 490 223 208 91 182 97 53 88 472
296 25 1746 106 359 164 267 13 98 126 14 200 308 218 231 29 198 196 21 193 365 243 197 235 482 169 192 72 203 140 125 142 362 82 250 127 98 224 76 128 276 133 143 113 171 191 308 44 485 24 36 181 361
297 25 1376 119 201 154 292 153 294 18 294 155 99 146 133 49 158 209 124 137 484 108 279 226 471 200 18 130 345 104 154 136 366 100 87 19 391 91 62 159 487 68 109 132 201 9 391 11 484 27 244 92 305
298 25 1765 71 312 106 441 191 450 44 446 181 32 61 280 118 432 171 310 243 181 46 413 141 29 215 150 169 225 235 445 218 326 102 390 239 207 80 282 157 124 79 337 155 242 219 124 173 139 35 17 81 429
299 25 1588 61 109 143 312 130 117 47 176 186 474 27 326 213 484 155 96 242 130 174 180 136 415 148 111 87 138 146 104 160 328 32 471 38 277 134 167 245 282 93 181 6 471 108 70 204 364 165 297 96 338
