0 25 1728 119 198 81 223 208 35 238 287 48 123 51 125 221 98 69 227 145 299 45 82 41 65 120 9 91 174 166 339 192 230 204 10 229 334 82 386 70 172 222 317 196 424 143 216 172 312 142 218 162 189
1 25 1838 52 103 203 221 13 246 146 279 134 288 210 39 249 190 222 183 226 341 104 399 10 301 173 302 168 46 113 161 215 427 199 268 79 204 141 241 149 138 121 184 225 282 72 376 43 108 197 85 213 147
2 25 1853 194 415 19 196 132 166 60 242 133 386 93 350 116 396 242 307 96 180 179 179 206 311 152 131 82 196 140 80 230 404 226 226 168 347 121 51 14 432 193 196 70 35 248 35 232 189 243 27 118 422
3 25 1770 157 176 32 258 206 215 205 198 94 334 151 69 209 121 165 131 71 79 213 65 176 134 149 23 68 182 14 111 58 233 232 66 158 415 225 264 79 429 163 22 215 213 92 23 233 159 156 289 20 170
4 25 1528 64 53 169 239 220 52 102 382 162 284 113 377 94 29 202 159 157 280 221 280 196 433 22 269 118 182 176 23 120 445 42 183 97 62 123 318 224 250 77 410 14 403 3 343 106 411 101 188 133 33
5 25 1318 33 215 6 303 134 237 178 258 106 372 50 40 70 113 13 338 128 188 37 304 247 52 7 1 96 164 197 351 145 231 84 62 186 238 147 124 116 105 129 139 56 20 159 268 132 46 146 270 34 1
6 25 1465 68 337 59 71 133 23 135 29 175 432 111 360 145 146 48 391 69 313 47 249 1 252 168 159 222 402 156 217 223 91 169 290 78 128 162 310 250 149 140 124 30 250 34 224 147 233 66 317 95 313
7 25 1829 217 147 214 36 208 235 137 163 153 259 6 374 1 335 151 164 144 252 162 185 27 441 236 62 216 32 94 32 50 388 118 85 209 203 92 346 240 206 200 61 173 200 245 423 66 190 74 277 226 201
8 25 1297 20 11 12 135 194 106 16 43 145 111 110 231 72 413 222 117 54 30 66 253 42 39 55 139 163 72 128 339 198 304 189 269 64 402 9 171 102 256 34 314 136 105 210 221 33 339 88 437 232 426
9 25 1862 43 220 239 164 248 429 64 3 219 382 118 70 37 377 131 108 181 88 241 396 123 95 223 34 117 7 124 304 243 56 132 138 225 422 151 372 150 16 26 68 198 344 86 322 119 43 152 108 135 297
10 25 1470 81 231 71 316 197 229 240 53 22 345 134 359 69 355 161 143 4 277 20 371 26 63 109 211 237 130 6 338 37 390 219 223 159 385 19 238 176 421 61 170 154 21 190 310 231 134 113 159 204 83
11 25 1383 186 418 194 299 204 373 154 344 59 145 180 280 69 190 66 390 127 91 210 89 10 316 109 251 75 442 235 390 102 290 22 238 7 265 38 263 89 343 6 450 39 337 129 58 226 94 47 105 184 408
12 25 1772 243 45 73 354 197 50 145 333 141 148 72 62 135 31 229 124 67 16 248 218 105 386 46 162 213 191 110 167 126 167 12 72 142 367 219 143 211 353 133 408 175 296 45 105 124 68 97 443 236 446
13 25 1739 210 240 81 308 153 45 198 264 62 76 80 225 197 21 241 167 65 3 120 397 212 196 93 8 68 128 13 345 172 104 177 231 208 371 180 421 234 405 2 408 154 75 22 289 141 236 218 186 178 275
14 25 1548 137 147 204 436 59 318 32 182 123 258 212 180 131 343 2 414 200 204 124 53 180 175 68 379 117 403 96 254 182 72 141 231 78 378 189 445 210 220 18 169 83 197 149 125 201 363 24 256 136 76
15 25 1680 235 60 102 302 90 118 57 287 221 390 161 313 220 88 243 208 132 152 29 99 111 348 38 400 233 11 205 170 39 391 181 240 194 373 209 202 159 381 44 221 96 363 158 138 23 442 141 253 40 262
16 25 1808 14 39 182 51 240 416 213 296 235 251 86 18 242 132 140 102 233 200 83 128 71 380 141 330 219 265 221 61 167 13 172 130 203 56 82 143 45 438 58 197 176 277 139 407 168 390 67 24 19 39
17 25 1623 5 111 69 123 25 291 183 43 3 107 75 8 162 6 234 402 89 43 199 14 87 22 236 428 63 205 104 433 143 58 193 213 81 69 204 415 111 408 71 335 217 284 216 68 244 407 62 42 170 83
18 25 1437 130 44 70 110 6 24 213 440 219 220 84 81 2 202 86 417 114 196 39 301 212 373 93 430 42 136 186 203 105 285 111 450 7 20 155 232 182 446 50 4 129 233 207 382 120 75 98 215 214 198
19 25 1465 77 138 90 8 229 177 143 433 8 349 120 369 249 26 88 355 207 172 51 357 225 81 41 231 15 210 106 412 127 71 109 55 108 200 12 438 178 4 186 352 239 354 102 314 141 207 71 64 9 79
20 25 1398 88 239 71 71 155 80 78 316 106 100 226 160 207 327 23 294 55 276 115 290 30 154 145 81 217 137 89 189 1 47 169 438 238 189 60 242 137 108 28 186 133 240 44 112 62 439 166 338 154 307
21 25 1447 119 59 151 249 75 237 88 316 37 236 86 27 23 425 138 365 145 275 174 322 112 308 63 208 19 225 46 384 214 101 190 332 159 392 182 286 229 371 3 217 157 438 195 279 14 33 158 359 118 232
22 25 1359 70 176 244 229 44 220 77 130 183 127 121 264 138 363 48 225 41 418 9 124 16 204 105 30 151 389 96 169 72 217 66 446 189 437 22 218 139 235 137 153 232 363 195 250 241 203 75 407 8 31
23 25 1454 36 295 182 374 92 50 146 309 95 363 54 135 199 377 5 320 176 195 55 265 47 438 227 191 139 118 45 264 76 3 244 111 49 227 141 276 33 299 172 247 154 7 248 182 163 67 107 207 23 173
24 25 1692 203 211 202 345 151 121 89 364 96 393 210 408 144 36 195 334 64 378 134 287 174 39 245 371 70 357 140 128 63 262 117 74 102 161 75 424 40 219 196 1 228 439 87 322 122 2 149 157 88 25
25 25 1881 245 183 95 414 239 36 92 254 100 444 20 423 195 283 199 270 236 339 88 81 89 317 27 188 141 428 237 150 218 63 94 50 209 308 140 95 101 443 144 444 165 18 240 397 217 109 34 157 198 64
26 25 1616 247 64 233 74 53 126 153 289 75 22 168 71 112 77 13 106 129 305 151 174 219 168 163 417 134 173 152 142 72 66 39 35 98 364 238 375 128 199 140 233 19 212 244 97 24 401 28 431 201 1
27 25 1441 68 14 18 254 238 419 95 210 136 235 96 336 185 260 168 13 111 409 47 81 170 90 129 296 40 56 226 140 107 276 7 122 162 359 116 207 118 401 93 16 86 243 10 314 58 70 210 288 189 249
28 25 1385 166 84 140 122 61 29 30 237 188 351 131 299 11 396 207 31 247 150 46 234 142 295 3 159 22 318 77 412 19 93 158 266 106 139 195 294 26 447 125 76 157 372 183 337 70 384 182 104 79 86
29 25 1484 79 437 174 100 56 302 161 126 94 158 186 261 16 374 157 59 151 353 235 226 62 9 160 148 128 393 232 33 69 410 219 349 198 342 98 353 95 111 31 189 20 316 35 239 58 196 139 362 116 225
30 25 1698 40 226 73 168 120 106 150 141 215 370 39 62 213 89 16 108 99 96 98 120 113 398 107 251 157 54 91 371 85 7 95 227 232 67 246 1 174 247 243 288 217 232 151 29 20 19 236 120 166 33
31 25 1433 41 179 183 97 129 439 72 359 187 278 6 313 111 224 158 163 198 156 56 337 222 137 88 351 208 306 238 229 123 173 69 251 105 166 132 193 67 103 104 3 82 311 17 92 234 224 4 81 32 159
32 25 1384 118 303 145 307 5 404 14 343 232 286 165 251 37 269 20 63 184 72 18 439 53 128 55 144 212 181 247 344 112 158 111 14 52 167 119 8 32 213 89 268 229 41 204 147 108 323 161 44 46 131
33 25 1414 182 100 8 386 193 71 66 241 65 329 198 327 143 2 46 213 209 77 177 249 244 355 140 299 151 399 123 363 94 218 25 317 53 63 161 423 30 402 39 109 1 316 204 13 17 12 163 35 97 204
34 25 1291 183 349 2 106 11 248 75 356 222 294 108 436 204 282 68 7 121 376 8 188 30 411 46 25 140 238 239 374 186 142 59 434 245 16 146 142 40 201 16 233 58 51 139 290 120 295 112 295 4 349
35 25 1518 126 317 171 393 139 110 131 413 47 22 221 230 16 286 226 110 77 328 75 112 188 277 150 279 247 296 40 93 2 338 219 68 187 341 62 127 103 392 89 299 65 411 81 432 96 258 93 125 185 317
36 25 1652 36 124 146 185 152 444 80 391 86 283 230 156 18 99 163 95 203 6 135 103 20 196 33 54 243 92 17 279 165 4 52 310 88 354 155 270 246 42 202 226 248 54 95 348 216 391 172 176 104 143
37 25 1466 173 37 198 15 178 444 34 406 8 237 58 19 127 313 73 348 108 414 199 35 13 104 30 162 172 272 113 345 47 117 89 419 103 337 236 332 130 321 240 39 159 299 157 185 11 429 32 420 244 133
38 25 1725 155 207 38 336 218 59 57 231 5 206 149 94 26 101 130 313 234 309 85 425 247 394 223 5 162 5 78 446 61 234 133 448 154 394 106 36 198 13 143 239 86 72 153 221 132 388 246 380 231 18
39 25 1788 234 60 155 418 123 161 248 368 121 333 203 270 86 248 127 173 47 90 6 340 228 343 211 30 114 445 219 309 174 349 178 360 59 84 179 383 244 426 103 66 109 207 135 446 154 412 69 302 51 376
40 25 1681 241 430 119 204 111 434 248 80 44 173 130 271 134 40 155 63 73 200 90 325 216 398 81 150 244 136 213 164 137 265 89 178 96 357 33 357 40 232 138 233 154 67 156 88 57 62 202 131 161 291
41 25 1490 155 76 91 137 78 286 172 42 99 258 7 87 37 204 246 19 12 437 200 199 72 256 18 377 95 26 240 146 156 300 188 160 128 380 248 307 65 169 198 213 56 352 115 10 49 135 21 435 235 370
42 25 1267 6 190 39 234 136 314 73 383 119 175 220 230 54 350 27 60 16 347 57 379 124 213 232 438 122 330 125 392 66 109 163 172 150 201 7 85 164 332 67 82 138 363 59 439 189 318 105 385 76 135
43 25 1748 211 88 116 400 59 397 174 303 62 232 215 85 33 18 242 319 181 423 87 215 30 27 227 338 165 218 107 169 104 132 5 114 120 370 114 130 218 187 184 230 171 301 203 318 224 450 29 60 216 58
44 25 1716 136 445 247 153 62 305 23 17 137 278 81 258 249 194 239 167 230 75 98 2 25 363 205 294 70 380 45 400 191 161 110 179 157 108 163 253 86 1 130 166 129 411 197 341 224 94 192 348 6 148
45 25 1650 141 427 129 86 127 170 48 38 248 54 45 228 23 159 32 108 209 162 126 70 142 286 120 188 26 393 131 120 91 338 169 83 165 448 143 219 167 330 216 172 145 244 185 26 204 445 189 279 80 114
46 25 1444 34 119 42 426 1 63 68 339 233 401 5 430 20 97 100 289 228 365 10 103 209 306 139 387 59 384 175 139 150 107 152 83 125 143 160 226 7 428 216 240 230 420 121 201 116 71 93 37 195 398
47 25 1595 208 134 184 266 69 110 106 168 66 257 2 441 52 411 168 258 240 433 149 419 102 370 70 69 92 260 161 78 162 407 175 419 142 358 236 312 68 291 29 285 200 330 103 343 194 62 32 126 180 124
48 25 1377 97 121 185 409 100 397 168 275 67 109 234 305 223 303 1 138 148 433 164 150 27 158 12 310 35 372 64 53 137 262 75 372 174 370 140 298 188 400 34 242 22 436 41 75 73 438 109 137 237 346
49 25 1953 199 396 230 322 10 295 174 146 157 200 69 431 23 38 222 123 26 221 106 269 145 293 9 371 216 297 229 154 236 167 249 384 212 278 155 321 123 230 219 281 29 187 213 253 227 134 225 304 204 232
50 25 1687 72 200 75 33 70 92 231 200 195 416 216 293 1 80 22 205 102 346 186 70 228 66 209 90 218 135 123 243 38 179 124 161 128 150 245 100 191 175 51 35 42 319 179 142 148 153 48 399 233 71
51 25 1531 26 48 129 365 16 115 88 210 54 316 35 366 245 435 111 394 127 387 197 364 229 215 42 270 64 46 68 214 244 252 84 421 200 264 85 267 228 74 126 133 141 310 249 286 96 261 31 173 147 177
52 25 1728 188 325 143 31 247 258 27 16 222 170 67 357 242 168 73 76 184 202 202 61 35 192 173 383 79 318 243 412 92 441 40 229 218 183 110 114 238 181 63 159 47 22 100 217 144 27 52 445 228 313
53 25 1560 181 22 135 313 102 204 57 113 198 150 103 178 117 87 39 232 228 426 162 191 134 10 214 85 178 57 112 80 3 391 192 34 248 114 33 107 128 430 56 130 160 374 116 248 94 276 70 136 61 281
54 25 1445 51 96 159 109 7 188 11 147 181 296 161 8 44 326 140 402 103 70 209 283 131 182 50 128 38 45 153 157 82 414 87 232 211 147 217 334 3 65 164 448 175 71 193 152 13 244 105 334 202 189
55 25 1511 114 285 190 393 72 385 196 430 16 361 219 450 221 165 139 389 49 41 53 164 41 280 187 383 183 49 227 337 34 228 177 197 213 17 189 336 153 86 18 220 98 386 19 120 152 160 60 252 2 165
56 25 1639 116 342 146 304 25 78 204 1 217 387 30 143 235 394 111 375 82 213 113 249 33 162 186 253 232 387 162 391 139 214 107 154 205 202 9 431 80 12 81 296 198 313 188 184 158 199 58 189 163 222
57 25 1485 87 47 84 274 200 215 211 313 207 399 228 364 204 285 65 212 115 446 173 298 41 222 10 331 5 69 231 114 8 143 186 296 42 269 70 91 185 330 55 343 128 133 56 33 67 423 144 231 168 130
58 25 1536 111 289 191 191 245 410 171 408 217 65 195 62 206 163 83 396 249 112 1 192 91 135 149 23 201 73 18 383 43 385 63 403 73 403 169 362 115 77 30 129 21 294 87 186 126 432 84 188 134 277
59 25 1739 180 170 76 305 70 398 72 255 90 107 217 44 181 321 38 50 135 354 28 14 150 307 221 437 83 154 171 172 199 3 209 224 7 179 174 81 35 315 187 351 219 221 98 270 205 102 197 121 236 249
60 25 1426 177 306 35 411 59 307 134 250 6 239 209 31 195 389 54 175 123 119 163 323 229 184 45 276 153 252 29 52 174 216 2 2 71 136 63 132 93 198 231 250 236 141 80 133 129 84 9 51 154 374
61 25 1597 225 332 7 172 59 161 75 188 64 448 55 165 199 128 203 13 209 397 13 241 96 300 184 25 132 62 160 393 165 413 16 191 46 422 214 157 134 40 146 448 137 400 114 88 177 116 152 387 212 414
62 25 1787 130 309 116 213 186 297 226 95 239 40 10 156 233 57 229 298 113 363 188 158 162 426 208 175 215 184 193 267 223 6 132 402 165 147 164 250 96 39 46 336 131 107 42 15 64 220 12 428 51 136
63 25 1608 145 227 95 372 191 80 214 209 52 321 41 203 87 239 168 88 234 59 84 222 39 192 63 255 7 32 116 385 66 367 172 360 245 18 83 85 197 198 196 401 219 386 3 305 226 173 93 112 181 28
64 25 1616 83 21 221 197 175 228 78 442 114 45 160 335 57 154 152 339 191 50 37 186 50 155 223 205 161 450 177 55 111 209 234 45 29 405 41 105 182 71 48 447 215 108 33 173 213 284 12 153 235 148
65 25 1539 140 385 154 112 41 16 14 169 21 274 27 204 157 158 61 363 241 283 110 439 200 167 72 82 56 233 136 191 232 226 177 387 239 419 153 102 137 75 228 115 28 348 23 38 58 285 180 393 194 71
66 25 1743 242 113 41 113 96 247 248 81 239 379 6 215 68 297 233 320 98 371 75 35 225 324 7 362 84 293 94 376 238 64 117 402 179 197 102 376 28 390 135 206 74 31 190 195 181 360 240 405 246 64
67 25 1500 179 4 128 314 148 73 239 136 38 105 87 293 135 284 145 113 13 186 169 347 44 344 233 88 58 395 227 414 92 392 194 446 57 395 93 395 80 280 1 167 173 288 152 317 150 214 4 20 162 97
68 25 1503 13 89 132 450 198 128 78 114 69 269 157 166 140 166 61 382 212 190 214 315 158 386 52 61 54 101 74 407 120 436 206 32 126 289 233 276 166 12 139 84 30 397 202 171 64 412 105 326 3 418
69 25 1609 90 161 203 393 71 258 45 97 16 214 84 371 147 311 159 431 236 226 142 126 160 323 123 161 146 288 224 250 63 376 169 404 238 223 246 411 80 42 9 295 157 242 168 153 4 78 135 290 104 228
70 25 1653 215 215 151 89 77 196 227 202 147 141 127 315 247 317 37 42 229 168 134 437 164 390 180 331 195 433 111 381 24 366 59 341 209 31 108 56 9 102 100 87 168 296 55 156 189 333 23 74 121 438
71 25 1255 66 252 221 262 187 381 42 160 146 402 152 27 12 133 34 317 241 144 220 290 130 37 37 235 44 178 69 116 1 90 206 368 91 76 29 177 6 423 89 353 124 40 179 186 22 164 104 365 59 176
72 25 1689 56 190 164 443 224 58 22 195 125 22 186 380 190 278 5 170 7 62 242 445 114 118 144 303 60 107 58 224 117 235 229 257 249 73 232 158 46 26 182 368 61 364 109 189 220 78 195 32 141 445
73 25 1812 239 376 191 293 237 149 160 216 187 141 22 185 15 303 94 161 231 377 230 291 240 38 81 260 117 377 143 438 119 389 126 247 129 218 33 78 170 143 243 256 35 314 142 201 118 435 211 148 111 40
74 25 1772 241 253 129 173 14 348 152 6 235 420 196 313 66 375 132 351 202 251 245 346 8 429 161 149 179 28 242 228 198 233 70 400 162 42 15 311 143 172 95 215 217 109 182 143 41 382 94 41 126 91
75 25 1467 201 56 151 401 37 431 186 428 8 283 60 77 134 173 170 450 35 363 21 280 179 389 140 210 232 230 242 277 123 219 168 73 77 268 23 163 98 210 207 94 51 133 177 176 55 428 10 267 150 141
76 25 1793 147 139 131 256 220 412 99 98 34 270 165 408 246 283 83 308 182 242 139 336 1 373 214 226 77 292 88 145 141 280 43 231 162 49 200 424 249 98 209 420 167 115 48 299 224 180 140 124 177 175
77 25 1713 94 341 2 273 234 141 169 274 121 262 105 432 112 106 207 10 205 316 232 21 82 198 68 32 72 299 173 345 220 200 21 264 240 123 86 323 213 104 198 233 67 304 217 328 162 273 38 318 88 421
78 25 1974 238 321 218 406 202 389 56 127 136 176 76 6 191 17 30 178 241 45 233 138 177 300 194 145 227 107 168 116 174 157 236 364 230 254 69 431 94 226 157 181 1 34 89 441 118 220 240 12 153 180
79 25 1588 241 402 75 87 178 381 4 244 204 263 131 267 192 236 137 374 30 413 233 262 215 116 50 8 168 70 177 207 231 329 38 23 112 110 60 192 15 305 198 27 85 414 20 21 153 344 152 217 78 363
80 25 1669 183 143 163 240 60 32 117 169 14 397 106 239 179 418 98 288 211 164 44 358 43 428 174 212 178 157 3 394 234 116 226 379 130 18 140 213 134 58 28 32 166 216 210 285 63 147 195 277 240 403
81 25 1548 69 370 128 332 71 105 139 224 200 274 41 275 54 122 192 144 184 377 3 363 209 120 29 268 4 293 217 449 58 3 241 379 132 173 52 86 213 277 135 138 17 61 92 390 205 137 175 331 237 341
82 25 1384 159 365 211 64 208 279 64 378 188 168 19 217 199 443 118 234 55 96 120 444 212 81 35 251 87 71 25 417 162 413 10 172 128 120 37 137 100 401 214 287 168 334 103 267 28 322 102 234 17 122
83 25 1746 128 330 104 162 32 340 185 358 8 398 21 319 221 250 190 7 186 39 107 51 76 75 187 430 243 364 102 44 148 320 167 375 152 72 38 433 163 24 193 423 213 291 93 114 81 200 249 369 206 99
84 25 1883 194 282 185 224 74 449 177 320 148 48 186 122 149 158 61 334 72 335 228 194 7 192 235 100 105 417 199 353 35 56 203 181 190 138 156 163 138 184 134 385 181 170 58 132 229 20 217 150 206 394
85 25 1980 144 313 235 430 164 439 146 364 191 332 71 393 214 410 132 119 125 371 154 258 7 187 77 14 118 407 136 436 207 41 129 52 155 63 181 418 201 28 133 443 209 404 237 23 213 119 143 139 239 97
86 25 1540 197 396 85 425 161 254 32 148 239 90 117 193 245 281 175 215 133 302 47 375 60 152 213 284 65 81 227 203 172 175 51 169 61 176 31 364 59 379 204 300 19 370 142 363 2 316 177 184 167 326
87 25 1385 110 428 177 122 14 143 5 392 96 426 216 148 46 278 173 426 241 83 106 394 82 124 115 423 239 218 140 267 101 56 92 110 236 169 31 399 111 35 90 258 62 57 56 257 34 330 35 126 163 292
88 25 1751 171 396 116 87 69 106 104 258 222 254 64 415 101 284 147 1 44 334 142 402 197 448 9 306 183 340 190 110 102 33 182 300 68 218 205 221 177 77 226 442 92 92 244 25 90 96 170 273 187 223
89 25 1510 172 86 233 177 18 123 118 179 126 400 210 325 150 377 42 154 49 221 132 326 112 75 69 308 201 409 3 371 133 440 95 154 25 428 130 145 247 323 227 249 235 52 148 363 45 3 14 415 87 91
90 25 1647 79 411 60 86 214 120 140 136 202 79 30 106 206 359 237 402 86 274 37 134 210 288 83 173 84 435 199 321 76 329 34 85 16 47 204 105 182 208 234 61 115 441 170 401 242 29 38 267 117 73
91 25 1827 177 206 55 249 240 92 186 390 112 161 168 347 248 283 243 103 87 176 60 172 237 276 212 258 127 155 88 166 22 257 239 100 43 348 201 384 233 240 98 295 9 346 92 391 189 297 130 14 158 101
92 25 1605 52 34 115 161 162 19 101 27 42 357 165 141 118 160 240 219 45 224 160 144 169 169 190 262 211 380 108 90 193 368 141 297 51 107 109 262 127 159 138 271 217 103 111 35 214 103 5 8 26 416
93 25 1613 2 446 184 191 158 295 170 417 86 114 234 228 162 284 21 147 163 281 235 383 48 139 145 34 102 47 238 9 123 303 212 368 39 402 177 385 173 246 120 237 129 148 15 83 111 195 1 197 179 200
94 25 1766 85 124 133 336 170 120 147 144 224 158 164 114 112 392 34 187 222 122 68 271 172 382 3 341 44 150 193 341 178 342 75 53 113 275 195 161 18 371 218 133 236 29 225 186 215 313 59 36 230 129
95 25 1929 157 213 183 400 207 232 42 299 212 36 225 214 209 287 40 56 197 58 128 367 192 165 18 402 161 231 110 449 12 388 155 327 121 404 233 304 148 133 217 133 107 333 193 146 172 450 242 81 177 110
96 25 1258 23 244 57 292 45 69 72 5 67 186 92 124 212 14 179 346 70 226 178 436 60 284 20 303 79 394 154 173 124 433 134 398 176 42 140 420 111 363 29 98 68 404 209 431 133 106 52 360 33 440
97 25 1388 120 19 209 224 99 302 127 273 228 109 7 325 234 198 114 356 10 27 179 191 26 348 94 387 81 226 192 332 138 227 71 109 97 282 82 345 133 60 68 60 119 376 187 104 75 100 9 85 78 390
98 25 1599 225 406 137 418 42 217 146 435 201 35 161 21 243 57 152 24 54 37 133 223 98 303 148 134 57 322 186 17 158 13 58 282 70 295 52 361 13 149 196 263 183 158 86 377 215 187 100 218 84 440
99 25 1816 73 387 239 106 95 112 143 13 220 58 171 3 77 367 106 438 81 54 235 344 188 92 231 214 8 17 165 177 44 351 218 316 139 406 85 68 68 347 237 125 219 241 151 335 147 240 118 200 174 413
100 25 1443 90 318 243 355 77 311 172 4 104 72 171 121 160 229 246 294 63 242 84 387 11 324 37 147 20 377 164 272 2 126 113 71 17 348 81 90 203 34 61 173 107 172 102 67 198 214 209 381 152 121
101 25 1373 7 338 117 378 16 33 49 70 160 213 190 180 132 89 10 221 141 95 84 266 151 155 68 252 174 116 17 132 148 268 54 6 208 120 134 73 154 132 92 16 195 334 95 26 72 256 98 13 181 278
102 25 1314 3 38 145 106 111 262 123 44 12 42 147 417 99 68 150 374 174 84 15 339 128 450 35 55 72 390 4 434 91 235 213 195 122 9 51 184 221 75 29 284 166 175 100 417 194 150 40 219 183 6
103 25 1535 57 262 156 293 68 427 182 321 112 175 107 324 171 30 32 271 15 204 97 93 187 63 69 287 231 215 138 420 83 322 27 90 185 84 82 154 116 76 223 442 133 48 12 262 180 285 227 185 181 221
104 25 1445 72 345 190 110 25 304 97 446 136 70 173 427 54 158 61 407 170 176 182 392 119 316 40 180 230 421 214 256 205 297 178 428 41 167 87 166 35 213 158 354 34 209 145 294 67 264 121 301 57 289
105 25 1592 16 298 221 345 18 136 52 25 32 280 54 173 198 141 240 120 175 152 127 381 139 412 239 35 208 356 78 258 4 269 23 402 120 271 174 121 247 58 2 401 232 50 43 221 169 169 124 247 249 14
106 25 1716 158 290 248 65 247 397 45 54 51 313 26 54 101 395 126 118 23 333 21 275 164 220 217 436 240 135 110 236 136 25 146 125 175 162 221 71 156 424 123 68 226 320 98 204 196 165 128 335 50 244
107 25 1801 107 318 129 146 152 240 84 287 165 29 11 389 90 383 161 448 158 234 215 9 111 385 106 264 82 272 191 211 108 242 204 416 209 233 14 111 172 147 249 338 177 12 128 18 194 389 174 132 212 284
108 25 1516 168 69 100 249 242 40 59 149 132 13 165 390 197 330 52 318 126 101 158 304 14 135 21 159 73 388 12 348 119 73 138 193 83 36 234 422 194 335 105 108 201 297 4 380 98 272 207 100 131 310
109 25 1530 13 265 232 24 90 169 185 287 39 260 170 76 2 2 163 188 226 207 22 330 16 174 228 320 53 176 243 109 177 323 220 192 37 251 215 128 122 401 165 362 10 86 40 264 202 53 15 10 176 96
110 25 1685 176 349 174 297 153 101 39 161 129 413 232 220 49 32 236 279 155 437 43 69 246 380 58 61 119 361 13 285 21 288 181 348 186 306 94 238 158 284 100 36 183 256 146 367 191 224 121 329 168 89
111 25 1612 25 448 48 187 116 159 100 351 31 189 133 80 177 240 125 266 97 158 68 282 103 150 189 400 216 32 124 139 10 241 179 36 140 77 223 356 237 124 208 19 164 190 90 429 172 156 227 181 23 160
112 25 1310 85 224 1 134 90 382 57 30 93 150 58 379 89 436 53 396 122 378 153 342 241 44 81 74 14 388 200 244 12 112 228 235 76 393 172 155 187 221 13 265 62 448 69 207 146 10 213 287 105 254
113 25 1216 69 179 217 58 28 163 39 192 55 252 131 194 227 237 183 197 51 449 10 351 18 267 172 115 236 3 132 341 71 160 8 128 90 422 48 80 113 153 168 235 127 44 21 259 92 322 102 222 25 220
114 25 1812 145 439 247 80 144 130 171 114 190 230 194 129 101 91 8 363 195 141 232 79 118 75 50 76 69 23 183 372 196 259 241 340 200 289 219 343 68 441 56 309 20 351 137 22 37 338 237 18 167 204
115 25 1837 245 118 132 113 142 214 186 37 123 278 176 322 116 396 164 135 89 271 144 260 172 32 182 267 230 268 104 319 235 172 24 31 189 5 143 82 219 280 18 293 207 95 72 93 29 409 231 301 102 340
116 25 1445 224 433 223 340 213 92 44 233 129 267 156 9 58 361 204 239 131 33 7 23 90 53 188 413 45 268 73 277 18 374 169 244 9 441 33 323 35 228 205 113 195 10 121 202 22 324 240 152 59 398
117 25 1366 76 150 1 65 114 197 182 137 24 52 110 242 145 70 184 29 42 418 207 46 130 353 208 253 4 79 28 145 131 188 193 58 187 145 173 103 191 56 89 364 7 350 3 420 134 413 10 340 159 192
118 25 1658 92 116 94 397 196 223 41 26 161 235 236 297 129 258 101 270 113 239 135 22 91 442 76 212 184 159 124 143 48 234 36 341 249 379 187 197 204 378 224 164 62 409 43 216 163 412 229 353 98 152
119 25 1634 43 239 127 304 24 386 230 119 235 313 104 376 214 433 162 10 38 191 233 401 155 242 212 97 159 126 160 189 179 357 40 173 98 117 121 104 158 239 88 20 63 283 77 292 164 119 166 125 18 179
120 25 1524 121 26 57 382 165 385 241 156 159 88 222 237 60 375 96 49 15 68 143 229 52 321 107 244 136 276 153 400 239 381 173 66 187 206 32 273 146 38 34 183 161 322 43 338 68 93 102 385 137 230
121 25 1644 86 407 137 181 244 264 202 246 65 242 128 37 160 65 143 241 189 390 28 422 123 189 194 167 26 213 159 129 147 345 8 84 153 346 167 448 111 120 245 26 114 72 162 323 38 356 213 127 46 443
122 25 1637 50 20 133 45 36 360 207 46 238 5 192 447 141 396 195 7 193 155 128 237 230 141 160 294 13 98 1 178 26 148 22 27 19 4 54 415 228 51 104 385 142 50 175 39 246 133 131 201 210 269
123 25 1634 132 1 79 327 213 328 228 242 5 327 163 231 246 68 54 49 182 284 102 85 168 245 87 344 34 232 26 316 234 335 185 68 37 365 194 400 94 71 243 48 148 256 130 43 175 234 43 407 67 346
124 25 1380 243 336 91 279 29 424 13 306 139 198 140 25 65 127 141 209 28 284 31 422 183 330 129 263 24 204 98 169 160 216 164 252 101 204 83 381 229 297 136 120 44 27 144 361 155 135 71 384 120 103
125 25 1756 156 403 233 184 217 406 87 364 26 148 181 240 102 333 45 134 113 326 232 100 95 127 226 190 189 383 124 259 16 396 212 221 194 7 216 351 143 181 77 143 61 368 193 14 229 107 139 360 6 333
126 25 1893 86 383 73 125 65 448 135 181 245 346 103 394 141 9 209 244 154 391 222 146 89 289 147 354 167 303 93 128 160 177 165 43 101 339 159 351 176 191 123 194 239 164 204 49 92 380 194 270 244 141
127 25 1784 23 112 245 17 239 155 144 56 249 44 46 207 96 371 248 341 94 193 181 9 246 279 117 305 172 396 10 316 167 306 58 439 219 102 156 258 151 365 56 346 110 365 92 281 164 232 174 106 112 134
128 25 1487 53 342 100 7 114 147 119 181 113 326 138 3 44 391 58 203 99 310 167 354 56 27 70 97 209 233 180 34 188 443 217 41 186 316 151 12 69 431 124 444 220 426 11 36 40 9 97 259 152 285
129 25 1683 36 300 43 118 181 226 58 325 242 98 111 309 248 113 170 419 94 345 62 415 22 351 27 9 243 235 156 301 101 159 237 136 161 379 5 341 16 147 211 26 55 361 238 376 229 283 220 342 200 243
130 25 1760 95 76 152 337 213 259 239 215 67 425 227 353 156 368 158 168 185 306 30 262 62 190 1 339 68 336 60 12 235 2 210 305 242 224 63 430 188 80 204 389 208 358 97 127 64 311 74 295 222 387
131 25 1512 35 123 225 154 8 34 15 244 37 20 155 392 13 329 4 294 218 185 149 359 193 258 5 19 124 170 232 349 114 53 148 227 9 254 136 194 229 281 240 184 122 354 164 327 198 31 212 46 39 6
132 25 1564 154 93 176 229 212 7 30 328 64 427 90 175 130 226 170 250 56 250 41 89 73 244 102 400 193 285 113 89 123 120 44 368 247 274 81 254 53 108 217 69 37 408 245 366 133 264 116 107 229 188
133 25 1525 151 33 89 393 119 303 233 141 124 128 110 271 4 341 126 58 50 92 228 186 101 22 104 284 238 370 24 3 179 254 142 429 138 33 23 256 237 108 99 411 87 108 83 342 208 400 152 101 1 201
134 25 1418 192 86 240 12 211 194 42 365 187 120 54 69 244 110 108 303 10 70 142 319 152 83 69 309 34 70 9 263 58 159 215 152 197 204 157 397 6 373 83 77 127 104 72 388 163 177 47 282 18 415
135 25 1442 133 52 35 41 88 56 101 450 16 261 116 267 157 319 183 64 67 438 136 351 164 264 56 387 151 268 213 349 199 82 34 300 25 321 8 25 22 73 86 37 241 444 57 23 225 62 145 277 227 410
136 25 1573 133 113 113 202 26 111 3 307 176 235 242 378 210 414 85 234 235 9 21 423 51 115 131 23 123 357 184 369 34 312 81 118 74 143 219 251 205 221 160 331 8 201 60 267 217 246 152 101 204 275
137 25 1578 26 254 241 158 78 265 215 13 186 300 124 166 117 349 208 337 14 160 159 146 17 111 55 85 127 302 88 30 105 62 57 410 204 364 139 369 130 403 104 381 221 347 30 286 228 43 245 286 39 211
138 25 1320 148 245 95 377 97 82 56 253 146 214 115 299 27 153 17 209 106 422 89 433 44 88 161 223 123 238 218 367 125 56 229 123 200 23 149 396 201 351 19 65 100 447 67 18 7 374 42 448 59 435
139 25 1385 85 219 10 59 209 127 27 183 84 205 105 135 77 405 33 434 12 383 35 330 47 136 29 265 55 185 239 298 232 199 135 266 219 144 226 77 222 402 6 166 189 434 173 371 218 234 2 166 101 39
140 25 1284 94 166 143 278 156 143 110 154 77 327 22 170 3 249 43 204 60 249 112 275 239 395 197 62 12 283 116 265 48 317 203 91 32 148 18 437 140 429 92 368 6 415 139 160 163 231 215 374 129 376
141 25 1521 99 169 121 247 30 284 129 196 201 76 112 55 168 145 54 188 33 145 16 374 123 338 232 153 32 249 176 112 124 326 231 96 23 60 182 253 155 132 31 368 136 148 190 335 246 134 103 219 96 175
142 25 1556 59 447 13 29 107 40 240 430 166 420 178 90 230 109 42 336 92 324 104 27 122 367 18 408 63 202 162 33 199 287 193 445 47 155 225 153 245 215 234 162 184 311 51 265 121 142 1 312 16 6
143 25 1426 41 89 124 8 48 186 161 210 71 259 198 63 106 444 70 380 248 66 44 381 177 380 244 79 94 314 170 396 178 287 3 168 127 427 175 214 38 336 234 296 35 149 1 80 20 133 37 276 209 415
144 25 1711 55 102 143 1 168 314 48 245 201 53 164 179 131 292 205 294 179 190 130 227 76 130 177 355 211 233 237 387 142 353 93 143 45 245 112 258 95 58 10 347 221 241 229 415 245 322 37 303 69 162
145 25 1609 184 48 169 234 58 351 222 146 242 74 189 137 168 185 48 328 79 406 89 427 178 179 155 42 124 379 35 160 133 5 123 317 52 41 200 210 244 272 57 385 45 295 23 415 82 21 144 162 176 282
146 25 1499 189 105 213 195 97 388 75 83 199 8 187 71 24 191 214 423 52 157 246 408 43 243 205 266 59 386 136 152 47 313 35 287 117 97 134 165 184 310 149 182 17 438 55 242 28 18 217 179 76 112
147 25 1435 38 368 104 42 183 214 129 18 215 126 82 2 114 401 98 149 115 184 159 16 117 377 53 271 169 180 40 435 10 115 96 147 85 52 39 267 65 217 187 232 194 268 233 10 170 382 8 437 167 218
148 25 1518 2 186 45 4 56 365 133 398 199 194 164 46 40 198 49 78 117 16 97 403 172 81 92 64 59 78 131 328 81 416 74 134 173 438 118 22 188 111 238 434 150 385 234 130 101 199 176 5 147 367
149 25 1633 177 179 118 420 143 326 199 75 205 229 242 329 162 166 166 331 90 254 241 427 39 42 61 22 71 414 221 248 120 319 165 348 148 432 17 342 59 17 13 245 109 41 108 326 238 115 14 130 141 102
150 25 1661 72 54 175 394 169 447 92 88 216 356 38 415 139 406 106 297 223 323 209 269 183 102 27 358 12 166 75 375 48 165 178 121 120 304 66 338 201 307 166 264 215 182 152 20 87 48 194 411 159 313
151 25 1586 195 262 241 402 225 158 28 401 107 243 130 227 214 383 143 2 33 251 31 450 165 197 66 216 219 366 12 281 26 174 175 389 216 329 213 323 156 313 30 250 192 258 126 150 67 159 103 47 60 67
152 25 1926 193 443 184 60 161 351 123 92 76 146 168 364 211 346 128 236 202 242 117 101 233 74 164 161 26 32 119 278 178 130 246 372 222 329 84 383 230 6 126 257 54 93 73 116 89 100 203 342 242 219
153 25 1525 92 126 245 58 36 170 189 206 249 219 244 192 7 374 227 441 3 335 116 12 88 159 84 255 99 385 8 90 126 28 183 4 172 242 89 143 197 191 232 184 44 40 58 273 81 312 157 96 25 296
154 25 1635 206 158 150 106 243 359 247 420 39 432 23 412 173 314 105 207 12 295 209 443 31 405 82 240 227 62 203 435 210 78 80 117 187 431 192 19 1 380 200 425 41 275 190 47 33 351 142 94 45 24
155 25 1322 198 29 65 326 242 17 10 351 244 191 70 433 21 292 63 112 12 363 43 414 40 36 38 331 182 320 134 25 163 228 50 62 156 414 89 450 131 298 200 126 19 108 161 312 71 424 124 35 119 187
156 25 1709 126 154 76 357 87 397 90 364 12 19 163 23 127 427 164 326 9 361 177 134 151 298 94 313 159 416 136 434 4 222 228 159 247 36 246 194 125 411 107 295 123 281 221 399 96 9 207 375 243 307
157 25 1475 172 38 121 432 203 108 66 54 112 187 31 272 86 166 219 281 42 279 37 339 52 317 209 252 61 157 119 133 155 27 54 42 197 387 44 354 152 149 17 141 230 289 178 47 107 58 41 38 246 429
158 25 1480 189 12 89 142 124 245 4 392 229 8 68 332 101 266 119 196 170 222 195 238 214 226 176 191 172 285 100 362 95 392 164 59 181 405 134 327 111 378 6 70 45 187 221 213 7 366 34 331 12 221
159 25 1409 194 87 99 35 209 183 36 322 106 381 114 369 39 294 125 372 70 385 149 25 105 246 214 227 58 372 244 43 52 56 13 148 42 161 34 102 195 169 124 102 199 289 22 139 132 447 11 353 233 411
160 25 1456 230 39 56 295 115 265 116 9 9 70 114 172 117 257 132 450 109 329 70 384 80 319 172 52 107 405 100 119 59 82 38 121 137 234 135 204 152 445 212 121 60 335 139 367 217 440 27 95 209 260
161 25 1377 76 129 133 177 38 37 26 306 197 410 87 335 82 376 20 118 131 221 163 292 193 222 177 331 245 372 64 141 25 318 211 407 95 48 45 372 106 42 33 444 78 64 119 147 182 99 18 294 210 117
162 25 1702 221 243 205 267 214 320 159 398 247 326 5 422 8 300 244 365 143 328 9 422 242 329 168 175 80 87 220 74 99 186 94 293 192 110 158 362 68 6 58 45 14 412 17 223 213 360 88 307 239 46
163 25 1894 28 282 176 448 106 5 84 75 128 134 63 423 126 354 232 34 65 251 139 24 248 354 138 364 202 325 159 163 160 86 195 388 233 52 192 219 79 20 141 442 180 394 226 413 61 428 203 336 225 8
164 25 1605 23 238 35 377 112 50 235 327 111 322 21 398 107 372 240 225 161 178 242 4 7 136 231 121 48 211 183 137 182 308 125 417 134 88 66 20 16 26 241 388 224 347 162 365 223 63 77 403 5 380
165 25 1317 159 390 63 180 39 373 104 321 9 238 130 35 13 175 21 32 42 296 75 180 23 91 187 148 103 213 107 195 10 398 91 386 233 447 209 441 184 88 78 39 203 304 36 95 206 210 74 129 235 416
166 25 1517 15 332 119 230 183 127 76 242 175 434 33 62 168 229 222 10 114 60 87 102 42 410 149 139 115 311 214 293 95 430 60 428 200 141 62 276 116 303 52 201 137 66 218 417 37 177 180 148 166 131
167 25 1602 61 359 90 10 97 307 70 113 101 416 142 60 145 293 52 56 218 19 60 122 69 97 187 438 13 275 217 145 23 134 225 383 144 417 93 273 213 305 175 330 248 187 224 290 238 431 9 7 91 130
168 25 1846 177 89 168 317 3 193 133 347 117 268 22 201 111 190 195 103 114 109 207 138 89 404 224 364 245 364 47 304 172 337 235 248 127 403 14 229 247 248 176 413 67 349 163 28 190 357 232 203 218 191
169 25 1374 90 56 96 266 71 41 81 417 94 202 105 378 201 381 82 165 212 128 64 389 42 131 139 305 160 28 163 391 130 330 33 171 37 379 88 8 219 268 76 364 169 381 93 122 13 275 186 124 104 351
170 25 1831 212 146 231 400 202 240 177 366 133 258 96 415 229 284 145 16 193 363 86 369 128 406 51 221 77 263 247 362 139 152 215 102 97 345 52 400 187 80 116 21 90 163 85 368 46 380 235 339 194 320
171 25 1581 7 274 28 157 246 404 221 192 218 9 45 232 61 242 228 214 143 364 145 108 84 284 70 421 153 266 102 238 104 347 59 12 172 36 120 317 190 240 10 409 199 55 9 348 167 174 183 68 198 318
172 25 1846 202 67 240 206 234 343 195 139 90 204 150 11 191 421 30 332 211 39 11 93 31 21 140 448 194 182 232 261 129 249 214 97 89 420 83 31 114 221 222 269 23 333 160 393 243 153 152 385 113 47
173 25 1609 115 233 88 64 28 269 145 289 249 244 4 396 184 73 180 14 139 300 186 407 222 270 118 267 133 161 69 86 47 234 232 161 70 225 146 38 71 436 87 64 189 334 99 214 215 113 102 314 100 360
174 25 1331 238 371 178 4 103 240 124 138 186 257 72 148 127 91 22 180 195 59 18 360 99 53 209 412 17 173 15 381 222 275 20 142 2 173 146 143 96 435 3 306 227 379 48 251 128 45 162 347 6 310
175 25 1750 50 14 72 16 188 186 98 9 12 167 202 415 89 447 107 137 184 236 141 339 113 171 139 313 122 116 109 283 114 142 163 30 215 29 117 253 178 328 164 245 79 279 235 128 237 321 211 223 161 101
176 25 1488 87 283 189 251 4 206 9 338 170 224 32 282 5 148 162 174 192 103 16 286 31 196 72 308 132 445 120 6 207 171 44 390 109 194 195 17 54 333 186 228 216 169 134 163 209 165 222 11 180 9
177 25 1653 44 277 232 153 160 126 73 66 235 445 59 224 203 255 18 271 158 152 6 87 19 275 171 382 7 181 246 130 142 177 240 435 221 137 112 49 61 179 233 405 140 158 210 44 27 30 151 181 138 388
178 25 1544 99 64 210 330 120 390 27 201 183 255 40 219 209 312 106 423 212 316 151 294 71 390 203 30 135 30 161 336 60 298 75 158 136 90 132 127 68 182 110 423 73 78 181 87 35 253 248 403 44 275
179 25 1305 247 48 4 32 77 16 19 338 64 345 248 276 80 187 208 208 106 41 69 378 166 249 111 404 33 115 51 235 22 446 59 169 44 414 2 172 32 272 210 345 66 209 170 247 97 29 206 402 220 175
180 25 1375 132 387 23 244 40 307 158 392 94 132 138 254 50 33 20 153 4 301 24 315 145 191 123 416 187 69 247 94 171 116 18 4 54 240 93 149 154 384 142 285 86 405 164 390 161 214 113 75 210 103
181 25 1328 98 28 91 268 224 235 190 241 204 343 94 396 89 336 144 345 71 385 131 244 179 417 93 356 160 208 21 85 118 25 84 297 16 153 170 2 43 160 155 385 53 50 90 195 29 250 105 210 4 174
182 25 1612 116 411 46 100 130 120 185 76 87 138 245 338 182 206 45 218 108 146 243 299 141 362 209 71 212 365 80 429 121 33 104 387 96 299 88 275 119 125 153 305 14 449 95 95 55 341 112 64 238 205
183 25 1254 63 30 16 123 1 329 37 432 158 10 15 61 246 112 12 85 38 380 59 390 186 72 41 132 95 74 230 258 212 336 22 191 201 344 191 330 33 325 39 442 91 351 139 52 162 73 89 293 132 31
184 25 1495 79 405 171 312 173 267 36 252 76 97 87 348 39 189 93 180 20 327 56 358 120 46 209 358 197 172 183 187 115 366 17 143 220 237 106 42 53 441 145 179 239 83 78 28 222 420 109 443 147 364
185 25 1646 151 216 59 211 126 55 182 208 141 396 223 60 90 44 48 248 186 401 188 32 81 429 15 360 56 386 179 316 180 227 80 45 89 142 170 345 176 29 85 123 153 246 196 144 62 383 249 415 128 379
186 25 1627 179 287 184 66 65 301 195 444 229 427 138 317 120 309 11 295 237 398 220 89 245 334 84 388 45 319 183 395 83 10 24 413 48 309 230 63 110 124 58 238 152 145 7 322 103 419 168 391 137 29
187 25 1676 163 120 14 150 164 282 185 59 116 346 82 180 144 240 59 358 249 383 165 239 134 211 47 7 63 415 175 205 83 11 183 197 181 248 98 296 32 354 197 180 187 27 123 127 85 330 177 269 246 417
188 25 1190 155 156 13 411 120 378 187 174 112 248 8 160 30 255 157 275 136 339 81 285 20 169 211 92 195 197 223 24 168 20 190 22 25 5 84 196 21 421 47 120 78 106 1 284 12 27 52 257 54 271
189 25 1434 26 416 64 322 114 436 147 281 105 439 204 231 243 388 78 28 160 448 224 431 77 79 131 311 90 157 180 44 216 185 93 202 128 416 17 315 15 350 222 403 103 204 47 242 132 24 3 281 49 83
190 25 1276 208 127 13 168 68 422 49 61 139 85 227 81 138 306 98 354 72 62 53 143 166 108 199 114 101 232 37 54 62 237 88 421 63 3 131 424 38 43 162 122 121 144 11 376 91 415 148 355 69 342
191 25 1689 220 428 240 84 29 71 172 34 233 59 71 103 171 223 93 403 148 382 48 311 106 118 154 166 244 297 30 243 151 1 34 170 128 424 5 408 194 127 241 228 35 264 57 88 177 212 186 208 211 248
192 25 1440 13 428 102 81 223 150 112 315 200 262 249 121 42 24 176 249 67 154 40 347 90 105 179 198 92 105 59 129 114 269 77 279 30 359 221 379 70 288 130 34 138 450 25 361 175 29 132 16 125 171
193 25 1635 120 203 219 312 9 379 90 273 18 153 248 197 161 70 125 282 107 4 167 244 156 293 106 134 218 235 216 33 159 86 5 414 6 66 174 37 157 248 236 127 100 435 73 10 154 448 194 13 53 260
194 25 1345 208 160 153 64 144 120 200 209 4 110 146 408 23 4 75 447 240 234 94 377 110 194 161 232 55 16 231 148 130 386 108 388 195 112 3 388 54 198 86 113 46 444 138 149 20 234 38 353 29 114
195 25 1645 212 324 126 96 231 91 226 380 23 311 39 160 158 50 214 395 232 267 145 368 131 340 13 218 90 82 203 329 135 132 194 298 157 119 193 289 211 319 69 33 107 244 38 259 9 235 127 429 8 370
196 25 1803 21 175 159 205 228 337 39 411 182 36 217 100 31 358 62 401 126 445 181 334 90 419 192 399 205 334 225 285 142 332 154 115 7 264 169 284 152 57 146 183 44 312 184 226 245 176 248 289 157 332
197 25 1315 129 377 125 129 181 408 53 15 2 437 20 116 143 135 184 378 186 92 123 120 137 136 63 407 47 290 104 136 46 337 66 174 162 444 156 421 48 22 22 84 41 87 178 27 72 105 112 265 231 102
198 25 1631 215 33 216 73 80 55 128 67 3 415 184 26 178 29 32 450 226 3 72 262 196 110 189 372 134 146 86 98 74 366 99 190 201 16 62 382 21 392 23 408 183 398 235 61 31 436 188 36 207 101
199 25 1542 131 119 240 354 152 235 189 49 110 207 150 100 159 315 163 190 85 354 39 359 11 323 209 297 183 339 233 222 174 291 23 356 59 14 112 412 48 100 157 358 12 308 166 226 171 355 13 174 95 121
200 25 1445 135 67 179 383 201 420 65 325 45 56 47 353 16 210 164 28 59 365 190 267 73 1 75 438 26 395 38 118 241 161 104 258 39 137 210 210 1 234 205 8 132 57 224 241 170 153 234 242 18 58
201 25 1448 42 344 146 69 188 42 59 7 32 269 11 91 49 1 219 351 86 423 109 318 179 34 8 350 61 135 177 280 193 270 123 290 238 62 231 446 68 164 66 330 155 375 80 307 93 231 92 165 191 9
202 25 1633 45 276 169 196 61 281 130 39 10 72 234 361 247 395 93 295 64 7 210 394 213 136 175 221 28 105 162 94 95 423 40 120 241 135 232 421 117 272 182 138 181 15 51 30 59 393 26 22 201 137
203 25 1560 217 365 23 342 85 150 148 47 46 395 171 235 16 263 72 350 185 38 21 416 227 404 30 327 190 322 62 63 222 148 232 237 170 75 71 172 122 19 219 118 89 303 84 403 226 185 137 363 55 202
204 25 1875 140 360 133 16 246 274 187 7 87 261 205 70 247 176 144 19 149 317 190 17 185 230 170 270 83 247 154 419 160 410 73 351 20 5 168 315 129 357 174 217 217 130 236 265 85 254 97 424 72 331
205 25 1710 154 243 150 386 90 205 56 199 215 178 1 86 185 118 202 115 124 375 231 242 104 218 6 411 48 391 14 144 216 137 27 169 30 226 206 419 183 112 219 197 241 369 232 125 136 283 191 112 160 171
206 25 1396 53 365 90 11 25 237 103 140 133 418 77 59 39 206 186 396 224 368 209 392 14 450 160 447 226 397 132 17 110 193 189 13 7 229 175 432 17 129 171 49 48 397 57 388 102 443 34 377 212 442
207 25 1321 118 128 43 229 26 219 128 57 37 337 49 75 1 408 105 77 189 422 155 111 122 353 208 231 242 261 125 225 190 236 119 159 163 311 38 89 31 217 197 417 3 48 144 106 5 50 132 393 73 439
208 25 1606 5 145 193 162 225 284 99 111 164 36 179 422 199 291 211 89 222 177 37 440 82 384 135 39 138 185 22 382 57 260 187 401 204 250 77 140 76 177 50 139 63 178 163 213 20 123 203 41 202 239
209 25 1609 233 285 123 269 25 162 203 196 146 260 58 182 112 311 183 241 9 417 151 99 231 28 11 45 236 397 240 389 136 324 110 143 49 121 97 446 218 58 3 101 172 416 84 162 217 94 130 318 42 13
210 25 1420 97 55 157 148 242 56 188 30 143 263 156 252 7 156 74 204 1 292 61 256 192 182 73 127 45 289 70 125 8 14 137 207 220 245 154 211 50 293 92 142 158 197 164 352 119 367 52 312 180 359
211 25 1555 55 13 81 34 58 72 205 82 229 318 220 87 137 116 43 249 118 387 40 211 244 286 206 310 189 226 128 343 39 57 101 443 70 432 126 79 153 383 210 383 100 31 122 289 98 166 37 215 102 229
212 25 1734 126 248 214 233 207 355 108 384 97 146 243 47 90 164 230 268 142 132 203 117 201 85 88 391 182 353 30 99 56 308 124 303 23 306 209 327 15 395 225 60 239 222 101 254 151 118 145 35 19 99
213 25 1698 203 22 33 442 212 66 96 41 64 1 50 289 6 373 196 314 201 110 210 26 221 400 199 124 53 201 193 247 85 212 247 39 131 30 244 247 125 287 112 28 136 353 133 210 198 61 10 210 38 82
214 25 1613 59 436 5 362 186 100 160 23 11 157 145 337 143 390 85 169 76 249 246 64 153 128 123 352 178 333 63 237 170 347 245 57 103 306 193 252 118 317 162 274 177 308 69 248 99 290 223 299 35 86
215 25 1244 151 215 11 4 192 345 17 28 115 422 23 317 80 317 119 447 233 282 72 110 40 135 187 185 33 156 149 135 20 109 91 161 5 9 88 21 73 211 44 91 140 412 9 138 195 93 206 284 196 85
216 25 1611 172 380 6 334 115 361 182 201 132 192 91 42 197 399 31 319 223 93 214 264 83 376 224 372 120 218 131 375 201 126 211 322 157 318 8 121 180 289 22 161 233 314 4 381 34 301 87 177 165 352
217 25 1457 161 242 26 332 61 193 14 287 146 41 49 219 98 267 126 320 46 367 93 309 149 107 212 431 23 248 231 59 176 147 86 388 38 369 100 180 233 188 25 325 237 244 224 5 121 394 102 237 138 10
218 25 1512 37 396 124 267 68 421 150 79 146 348 41 431 38 78 51 187 59 235 177 386 160 113 181 183 219 101 178 320 88 416 232 174 213 105 43 381 75 244 161 122 143 151 154 80 28 104 169 138 89 295
219 25 1720 123 50 109 303 232 177 104 12 248 343 77 81 166 441 185 160 171 311 205 431 182 198 133 135 129 410 141 197 98 231 72 280 249 75 161 277 228 124 27 422 100 57 139 91 144 249 13 206 5 96
220 25 1553 140 104 78 426 83 290 216 179 39 46 122 210 225 320 234 438 149 363 11 227 184 263 133 423 55 178 123 69 127 164 81 44 198 265 16 443 171 113 14 80 138 186 227 436 178 189 12 212 153 44
221 25 1625 36 7 124 58 126 207 136 291 81 68 236 180 82 268 247 377 140 360 90 270 149 427 35 425 162 112 65 173 175 268 169 212 26 92 71 3 207 294 182 226 79 163 208 99 160 86 188 319 77 159
222 25 1637 217 304 243 293 17 107 109 40 83 376 210 295 102 1 215 254 23 149 33 99 230 45 208 78 206 343 67 374 169 126 92 124 18 136 41 226 245 82 9 170 5 23 71 277 244 294 175 326 242 6
223 25 1701 72 251 33 28 143 50 153 413 227 297 39 346 232 129 22 226 160 32 148 200 136 20 92 206 46 235 151 323 212 94 180 185 44 13 162 88 164 267 201 340 13 241 235 146 169 408 239 421 129 276
224 25 1766 240 222 34 338 156 184 62 167 178 191 103 223 55 217 111 368 33 413 209 197 3 146 242 173 153 315 202 144 235 332 219 327 104 214 158 340 127 326 169 267 228 441 172 44 101 41 115 402 124 119
225 25 1622 97 268 241 251 132 192 94 19 123 415 45 175 120 160 134 9 236 261 29 104 89 270 227 184 222 268 12 37 121 237 55 419 204 48 169 238 115 308 64 231 52 140 102 413 174 411 248 336 139 353
226 25 1595 224 110 30 210 232 449 223 370 219 411 76 237 117 173 57 304 164 271 61 429 153 414 118 55 226 193 217 175 29 357 127 104 8 313 50 256 37 321 74 448 248 362 214 221 19 419 236 291 31 264
227 25 1492 194 144 33 50 71 176 16 347 204 74 225 409 142 283 224 93 88 360 113 214 209 11 172 283 95 440 20 436 83 431 17 415 230 87 97 35 197 270 12 6 62 394 79 54 183 290 69 348 149 131
228 25 1455 125 322 213 219 212 132 104 83 166 184 150 182 115 188 126 11 72 281 136 79 44 381 209 399 15 299 169 413 149 199 187 20 161 255 31 344 111 16 11 296 17 345 206 320 71 180 43 3 67 22
229 25 1428 198 97 30 349 164 328 217 176 76 166 14 46 178 120 28 324 130 45 136 78 13 380 88 119 101 360 150 244 165 119 215 312 244 210 24 177 105 301 144 18 71 190 78 246 119 74 82 48 87 211
230 25 1390 35 7 62 197 158 357 61 76 21 74 45 66 36 424 241 62 131 244 157 300 79 39 170 225 60 294 106 57 182 318 144 188 81 90 97 337 202 325 9 427 219 175 112 242 217 373 124 360 31 374
231 25 1476 103 10 62 372 134 421 117 341 230 448 8 423 237 241 14 434 77 17 110 236 143 178 5 21 130 279 195 90 160 18 242 371 81 215 106 54 84 96 33 133 55 157 220 145 122 405 174 338 111 382
232 25 1581 193 224 38 113 153 117 59 42 178 276 135 450 159 152 5 412 185 300 96 367 106 354 238 401 75 344 126 164 7 36 147 351 9 435 64 263 203 272 55 232 200 241 131 58 244 37 171 280 186 268
233 25 1576 49 141 71 136 243 447 30 18 212 288 205 358 41 415 144 254 78 148 77 134 179 328 24 211 87 420 147 57 149 184 226 47 148 235 69 144 216 139 207 205 65 445 58 310 200 37 8 427 220 386
234 25 1696 6 145 199 343 214 445 99 415 29 377 13 105 74 349 25 218 164 363 174 21 158 90 215 17 150 367 53 9 145 274 46 300 218 194 242 82 191 193 248 419 119 160 175 192 209 401 11 324 216 237
235 25 1758 194 123 126 411 41 327 27 295 237 323 68 383 172 85 26 416 216 158 65 386 178 77 62 69 135 63 130 8 78 316 154 152 143 416 122 344 138 108 166 355 140 439 239 218 204 207 233 163 223 121
236 25 1458 190 199 182 109 135 346 40 445 75 157 248 76 51 363 69 172 8 308 132 73 12 423 111 253 140 67 11 375 179 183 95 321 234 328 29 368 24 270 212 200 78 361 178 28 175 398 152 182 156 185
237 25 1783 206 17 7 419 19 347 85 329 223 315 114 367 97 296 215 66 171 86 130 321 63 442 48 193 217 145 194 100 152 178 58 19 186 426 189 282 162 270 156 376 183 122 213 81 120 377 196 140 163 227
238 25 1549 160 177 219 259 119 137 56 414 36 7 93 243 127 129 170 416 212 331 135 218 107 219 191 419 151 410 97 46 202 11 125 161 40 93 22 158 129 27 174 66 118 361 12 96 130 127 210 61 63 429
239 25 1627 169 233 221 337 233 381 185 230 84 398 54 294 187 196 67 396 126 445 119 92 130 87 102 293 234 181 69 445 43 433 223 211 65 394 49 399 76 86 78 59 132 404 129 373 114 105 117 335 248 48
240 25 1601 71 249 90 256 181 360 201 376 94 275 36 210 70 337 158 247 22 336 7 4 219 363 172 297 185 437 203 253 221 250 103 343 150 242 49 131 54 1 156 147 227 243 157 147 229 116 145 100 3 352
241 25 1711 105 271 66 376 170 150 15 224 4 285 174 356 128 123 150 378 5 403 12 151 104 205 209 2 135 225 147 87 127 400 91 150 215 219 221 16 233 144 171 69 219 427 196 342 176 173 148 180 202 210
242 25 1573 180 406 66 439 159 2 115 5 38 143 56 329 144 322 199 316 187 331 160 408 101 228 236 247 21 213 121 21 94 173 32 323 230 349 13 188 229 245 174 250 18 317 74 66 33 60 248 244 219 448
243 25 1523 23 106 246 296 170 317 166 363 41 199 138 270 247 200 9 446 231 303 135 4 5 402 72 328 219 104 189 118 249 110 18 22 65 13 19 135 184 47 123 34 134 342 80 136 3 125 218 305 62 221
244 25 1494 161 163 44 388 34 298 177 3 248 88 220 371 102 235 139 38 167 124 37 290 7 72 33 286 9 235 13 26 192 224 198 202 138 42 23 391 118 326 238 257 47 159 210 331 247 198 150 121 36 439
245 25 1646 177 7 73 165 66 110 127 343 151 400 91 2 189 232 193 312 174 362 187 11 168 283 121 380 216 270 115 442 14 405 70 227 134 437 186 210 232 188 61 122 42 200 5 36 63 178 248 299 190 167
246 25 1789 83 63 246 450 132 274 116 323 237 370 142 109 99 226 247 136 137 78 74 300 151 115 155 202 213 434 49 113 226 368 138 65 147 219 91 312 141 379 32 334 87 32 159 236 117 198 163 92 197 166
247 25 1942 8 147 172 10 59 406 210 21 183 179 117 170 244 315 190 236 127 132 114 10 65 253 241 176 238 259 223 402 103 419 167 210 89 271 175 96 231 147 228 261 115 149 156 32 91 208 121 107 217 387
248 25 1833 109 309 112 448 119 86 199 121 104 118 81 220 56 203 246 353 183 94 32 44 211 82 149 292 221 92 249 141 148 317 127 106 227 241 203 395 26 103 66 432 220 448 53 27 200 149 181 35 144 312
249 25 1860 80 104 243 330 247 213 171 45 155 168 163 84 175 241 224 29 188 251 84 355 82 5 204 35 134 153 35 64 239 78 128 368 222 248 130 237 170 327 191 40 241 326 14 132 1 445 21 52 178 325
250 25 1248 35 182 78 421 67 32 55 381 71 335 110 240 70 381 239 399 117 411 27 410 100 218 187 415 101 138 59 423 141 188 97 125 22 176 48 288 107 404 218 79 38 177 121 59 10 61 158 326 221 386
251 25 1325 137 20 155 224 35 207 11 445 79 203 33 77 29 154 52 76 141 61 30 261 169 39 128 198 74 37 126 244 172 12 114 229 187 300 49 346 216 1 78 292 80 283 146 57 226 206 36 136 148 57
252 25 1631 176 161 184 424 84 122 199 177 93 162 92 373 249 393 158 247 239 175 98 418 216 229 151 213 35 178 220 423 15 18 81 140 128 114 13 111 185 263 189 379 125 381 2 423 223 261 21 161 87 68
253 25 1865 231 52 248 431 15 235 210 284 159 124 203 339 163 80 104 376 142 340 238 131 18 214 111 171 188 435 233 59 69 178 228 173 176 410 89 310 169 374 70 292 127 58 156 408 13 81 200 52 171 382
254 25 1712 21 136 94 92 174 28 226 432 25 297 59 204 119 286 63 109 247 383 232 366 224 308 225 380 18 187 62 67 138 434 98 159 70 41 152 43 229 76 197 375 136 150 95 122 113 103 195 135 212 52
255 25 1777 111 99 63 29 188 149 128 148 68 170 201 362 240 130 239 236 156 376 87 101 49 299 153 19 246 337 106 268 233 267 119 343 117 33 124 407 31 51 206 50 171 207 213 112 93 29 135 143 77 286
256 25 1406 98 145 181 336 50 248 218 369 18 263 187 200 36 395 183 286 151 84 58 307 197 219 96 199 219 338 27 154 133 354 39 82 150 21 67 202 220 285 20 89 49 108 138 384 3 322 119 153 156 379
257 25 1460 61 52 97 356 202 366 195 79 21 429 184 161 10 133 83 79 134 102 65 55 140 113 165 79 196 267 153 316 171 408 194 81 11 443 238 414 60 384 144 132 213 127 92 24 12 74 2 247 77 118
258 25 1551 2 18 30 118 196 327 184 150 243 6 7 38 186 219 32 175 183 93 58 276 124 72 5 65 16 190 49 164 66 367 217 433 246 184 181 75 167 280 19 174 239 356 159 259 190 35 132 143 171 356
259 25 1500 214 375 72 309 42 212 208 5 127 76 122 160 123 255 190 347 124 171 65 147 159 121 108 418 162 42 110 343 234 380 48 450 56 270 60 197 33 69 104 259 144 325 20 417 181 361 63 206 232 78
260 25 1809 3 240 100 412 109 11 103 269 155 239 55 290 156 126 149 404 58 268 207 16 161 133 236 429 214 396 92 69 129 421 223 319 170 36 229 282 241 49 186 381 240 220 117 418 9 424 35 268 242 248
261 25 1648 100 129 76 315 226 67 136 205 89 60 225 308 246 303 141 238 2 29 118 252 168 387 157 337 4 367 60 191 84 351 188 186 129 265 52 155 134 87 61 22 249 85 82 346 237 122 183 340 150 300
262 25 1356 91 270 36 447 56 139 14 67 31 149 18 368 86 48 83 38 204 116 176 214 39 426 48 120 121 287 92 3 226 443 102 317 12 139 165 19 130 330 136 260 229 53 230 16 2 14 155 406 231 281
263 25 1593 219 369 106 69 139 127 5 280 131 132 174 85 186 223 165 154 54 294 91 414 24 395 193 390 97 258 94 104 188 376 224 356 132 392 210 348 175 142 99 226 136 51 45 91 4 389 182 219 114 326
264 25 1604 113 303 224 270 249 127 7 376 101 215 109 444 10 120 242 35 112 423 135 89 105 172 41 250 212 395 240 245 215 153 21 228 8 144 108 323 6 433 73 172 92 316 181 261 209 17 183 251 213 438
265 25 1473 74 403 187 286 149 78 30 164 130 252 191 339 248 91 96 320 46 431 144 219 22 161 134 420 216 108 2 19 70 239 242 324 77 379 73 154 11 436 86 312 228 376 120 374 82 116 54 75 234 77
266 25 1517 86 85 60 257 51 219 8 321 190 349 62 14 77 291 186 233 201 323 220 264 52 195 225 21 120 58 188 73 133 124 70 260 113 226 10 81 185 432 71 233 244 286 160 236 221 94 88 45 13 1
267 25 997 198 107 127 70 27 285 10 401 19 433 2 438 242 66 15 354 96 149 35 418 32 280 53 243 165 425 86 304 21 300 7 68 106 133 40 284 49 287 139 83 240 128 26 105 92 331 152 91 16 270
268 25 1349 174 97 74 368 14 151 5 67 71 154 123 341 161 158 32 445 126 180 133 265 12 372 92 239 76 386 120 379 178 387 100 151 233 374 20 246 24 365 146 179 87 288 239 96 169 385 172 200 117 138
269 25 1709 111 240 231 302 17 66 221 246 45 357 195 397 189 418 16 237 193 91 1 41 219 89 180 210 235 349 146 58 198 65 147 161 204 429 12 171 97 34 66 291 40 10 138 380 230 303 218 174 70 266
270 25 1676 216 111 246 127 197 146 23 404 245 387 202 5 90 230 18 12 26 153 227 219 242 39 156 74 68 360 243 293 55 313 9 221 173 304 147 319 199 271 174 293 157 177 200 49 8 19 10 386 22 89
271 25 1507 154 315 177 159 38 246 218 333 125 195 46 297 219 101 245 139 99 66 214 444 24 240 195 424 49 413 234 234 34 174 189 51 100 147 140 95 67 372 84 343 68 430 39 386 30 35 224 231 2 189
272 25 1501 124 26 80 168 101 329 182 84 164 368 109 153 68 158 201 7 4 219 81 88 161 148 69 351 184 198 186 209 180 87 150 305 64 29 222 215 209 256 100 123 73 209 77 192 18 227 50 324 146 230
273 25 1677 63 106 130 131 209 63 228 444 173 410 182 374 164 348 153 338 114 361 243 115 85 367 125 411 158 395 40 409 118 235 189 280 92 168 60 450 232 339 45 206 148 229 180 112 28 134 49 341 146 193
274 25 1579 205 181 59 432 243 268 176 34 126 193 68 16 74 262 85 33 163 118 123 358 174 323 138 55 36 365 186 307 135 278 111 65 238 344 210 255 69 343 32 63 13 98 134 220 38 52 245 347 77 117
275 25 1493 234 31 152 50 20 237 156 154 16 269 121 103 12 182 159 33 126 92 145 390 91 283 115 175 154 5 128 348 101 254 14 37 86 217 186 207 205 44 212 222 62 284 176 23 5 193 228 202 82 268
276 25 1463 34 199 144 137 53 321 187 155 76 152 43 113 69 329 219 25 172 333 197 285 216 224 157 233 160 414 25 187 117 158 56 302 6 152 188 160 174 74 165 250 28 107 114 196 37 335 72 10 217 120
277 25 1730 144 434 94 203 216 53 18 190 241 434 198 398 135 305 199 324 215 173 150 329 224 277 187 437 124 74 123 345 89 15 29 123 10 181 88 12 50 130 104 433 229 301 67 383 52 192 247 174 227 249
278 25 1462 167 416 187 142 239 210 87 173 148 103 3 72 12 435 62 125 84 141 80 416 219 380 184 203 131 26 202 156 118 78 6 285 193 293 176 133 2 64 8 399 116 110 123 279 147 84 205 130 26 84
279 25 1738 98 96 216 431 198 48 158 101 104 326 179 209 162 273 153 187 108 154 53 417 155 70 78 227 249 274 62 405 204 187 89 153 182 104 183 181 1 191 232 406 218 62 167 329 86 319 67 445 75 419
280 25 1276 11 229 139 89 5 439 62 418 145 367 4 33 19 37 138 254 119 391 246 152 48 163 65 216 91 201 135 157 47 159 128 208 39 268 146 45 208 259 102 176 167 387 46 305 176 99 173 116 94 327
281 25 1704 66 358 41 331 248 393 117 157 90 175 236 449 113 203 144 259 162 154 170 413 81 36 51 227 140 127 77 65 244 123 243 409 180 185 190 428 30 306 36 421 233 121 219 297 225 314 56 36 17 427
282 25 1728 98 13 51 226 154 127 152 70 20 274 14 431 104 299 120 333 178 177 111 240 218 158 116 383 215 251 49 291 102 398 203 352 73 309 30 377 230 50 244 82 205 392 201 39 171 129 208 70 190 449
283 25 1880 239 147 214 71 63 66 69 353 20 19 158 371 93 116 201 169 197 102 21 240 183 75 235 166 103 263 223 374 104 374 112 52 132 114 157 203 117 326 221 274 96 13 241 298 232 137 101 204 229 183
284 25 1603 180 211 119 45 14 234 20 387 137 343 101 139 181 182 102 439 34 320 114 154 93 110 169 185 209 2 224 10 105 352 194 84 112 163 81 177 96 150 216 32 144 216 172 226 47 24 115 383 228 138
285 25 1552 38 239 206 324 100 409 47 309 163 200 102 299 212 316 231 90 111 230 5 345 75 72 218 150 219 243 114 3 186 44 40 275 84 98 183 56 91 271 146 195 71 109 60 251 101 373 232 55 69 6
286 25 1524 27 36 157 197 129 173 201 16 66 390 92 151 189 91 184 145 137 426 117 335 22 187 195 282 89 295 206 120 2 124 227 130 59 383 78 39 5 178 204 372 17 395 173 206 136 8 152 174 185 418
287 25 1472 110 257 56 207 140 244 201 395 65 2 220 141 81 330 25 110 169 282 37 422 53 404 19 327 111 56 136 214 231 421 131 391 27 438 247 418 181 249 214 247 103 83 137 35 62 113 45 382 144 431
288 25 1666 56 199 236 374 227 248 181 63 61 311 183 243 103 311 80 449 78 62 41 308 102 375 196 186 238 409 180 320 204 311 2 348 152 279 46 332 193 156 242 425 149 45 37 230 45 216 192 394 108 201
289 25 1153 145 432 197 333 21 57 62 290 210 124 66 214 22 17 144 219 150 36 24 142 88 450 104 384 165 445 28 272 45 24 55 293 8 275 201 222 13 397 82 226 70 401 71 238 152 8 12 145 171 85
290 25 1427 232 120 138 368 34 284 197 207 181 320 211 425 80 335 76 101 51 388 235 163 17 437 85 304 194 67 33 314 4 66 141 433 220 327 129 176 59 201 188 433 30 172 8 180 125 295 78 259 109 396
291 25 1438 95 193 52 182 238 368 14 353 171 330 37 164 164 356 42 193 233 100 243 22 32 22 244 440 153 70 134 80 78 343 28 174 79 407 25 348 223 27 121 204 116 286 117 423 29 309 58 78 151 179
292 25 1424 11 272 174 200 176 43 36 258 72 30 35 145 18 315 202 394 164 426 223 386 229 38 21 295 162 199 4 219 28 6 48 89 30 423 190 5 216 27 212 39 206 198 234 326 37 269 78 312 43 313
293 25 1618 40 380 86 386 144 386 91 262 14 147 11 404 126 234 195 82 151 372 246 339 79 143 124 354 109 62 225 236 73 117 214 99 85 2 142 273 105 138 238 318 191 365 51 435 147 3 156 392 193 437
294 25 1371 234 67 240 392 78 166 129 103 83 431 68 381 65 221 74 139 113 128 126 200 145 366 47 403 63 201 60 104 144 346 39 262 238 181 241 3 111 145 135 441 15 267 8 135 140 446 97 120 49 114
295 25 1483 241 15 213 243 27 63 103 280 158 100 18 69 87 300 210 390 111 256 24 353 170 93 60 305 82 258 1 151 81 199 167 421 115 231 216 441 245 20 120 153 19 390 223 108 91 332 97 203 88 322
296 25 1746 106 359 164 367 13 48 126 114 200 408 218 431 29 398 196 221 193 265 243 47 235 32 169 92 72 253 140 75 142 62 82 350 127 148 224 426 128 426 133 243 113 421 191 158 44 435 24 336 181 61
297 25 1376 119 401 154 342 153 394 18 194 155 249 146 133 49 258 209 424 137 284 108 379 226 321 200 118 130 195 104 104 136 216 100 187 19 441 91 362 159 237 68 309 132 101 9 241 11 384 27 294 92 305
298 25 1765 71 212 106 41 191 450 44 446 181 32 61 230 118 232 171 260 243 281 46 163 141 29 215 100 169 325 235 195 218 426 102 90 239 357 80 132 157 324 79 37 155 442 219 174 173 89 35 417 81 129
299 25 1588 61 109 143 312 130 317 47 226 186 424 27 176 213 234 155 396 242 230 174 280 136 115 148 411 87 288 146 304 160 128 32 21 38 27 134 267 245 382 93 31 6 421 108 170 204 164 165 447 96 238
