0 25 1728 119 38 81 33 208 15 238 7 48 3 51 5 221 18 69 7 145 19 45 12 41 5 120 29 91 34 166 29 192 20 204 40 229 24 82 26 70 2 222 37 196 4 143 26 172 32 142 38 162 29
1 25 1838 52 23 203 1 13 6 146 29 134 8 210 29 249 40 222 23 226 1 104 9 10 11 173 22 168 26 113 11 215 7 199 8 79 24 141 31 149 18 121 14 225 2 72 16 43 38 197 5 213 27
2 25 1853 194 15 19 16 132 16 60 12 133 26 93 30 116 26 242 37 96 40 179 19 206 1 152 31 82 16 140 20 230 24 226 6 168 37 121 31 14 32 193 26 70 5 248 15 232 29 243 27 118 2
3 25 1770 157 36 32 8 206 35 205 38 94 34 151 19 209 11 165 11 71 19 213 35 176 4 149 3 68 12 14 21 58 3 232 26 158 15 225 24 79 39 163 22 215 33 92 23 233 39 156 9 20 30
4 25 1528 64 23 169 39 220 32 102 12 162 24 113 7 94 39 202 29 157 30 221 20 196 33 22 29 118 2 176 23 120 25 42 13 97 32 123 38 224 10 77 40 14 3 3 33 106 1 101 8 133 3
5 25 1318 33 25 6 33 134 7 178 18 106 22 50 20 70 13 13 18 128 38 37 24 247 12 7 1 96 4 197 11 145 21 84 2 186 8 147 24 116 15 129 19 56 10 159 8 132 16 146 30 34 11
6 25 1465 68 37 59 11 133 33 135 19 175 12 111 10 145 16 48 1 69 23 47 29 1 2 168 39 222 22 156 37 223 31 169 20 78 28 162 20 250 9 140 14 30 20 34 24 147 33 66 17 95 23
7 25 1829 217 7 214 26 208 25 137 3 153 9 6 4 1 5 151 34 144 2 162 5 27 21 236 22 216 2 94 12 50 28 118 35 209 23 92 26 240 26 200 11 173 10 245 23 66 30 74 37 226 31
8 25 1297 20 1 12 5 194 26 16 3 145 1 110 31 72 23 222 27 54 40 66 33 42 9 55 9 163 22 128 39 198 24 189 19 64 32 9 31 102 6 34 4 136 25 210 11 33 9 88 37 232 26
9 25 1862 43 10 239 4 248 39 64 23 219 32 118 10 37 7 131 38 181 8 241 6 123 5 223 4 117 27 124 24 243 6 132 38 225 2 151 22 150 6 26 18 198 34 86 32 119 33 152 28 135 7
10 25 1470 81 1 71 26 197 39 240 23 22 35 134 19 69 25 161 23 4 17 20 1 26 3 109 1 237 40 6 28 37 30 219 23 159 35 19 38 176 11 61 10 154 21 190 10 231 24 113 39 204 33
11 25 1383 186 28 194 29 204 3 154 34 59 35 180 30 69 10 66 30 127 31 210 9 10 26 109 1 75 12 235 20 102 10 22 38 7 15 38 3 89 23 6 30 39 7 129 18 226 34 47 15 184 38
12 25 1772 243 15 73 4 197 10 145 23 141 8 72 32 135 21 229 14 67 36 248 28 105 16 46 22 213 31 110 37 126 17 12 12 142 7 219 33 211 33 133 28 175 36 45 5 124 38 97 33 236 36
13 25 1739 210 30 81 18 153 25 198 14 62 6 80 25 197 21 241 27 65 3 120 17 212 36 93 38 68 28 13 5 172 34 177 11 208 31 180 1 234 15 2 28 154 35 22 39 141 16 218 16 178 15
14 25 1548 137 17 204 16 59 38 32 32 123 18 212 10 131 3 2 4 200 24 124 33 180 25 68 29 117 23 96 14 182 12 141 11 78 28 189 35 210 40 18 9 83 27 149 35 201 13 24 36 136 36
15 25 1680 235 20 102 12 90 28 57 37 221 20 161 13 220 38 243 38 132 32 29 9 111 28 38 40 233 11 205 40 39 31 181 20 194 3 209 12 159 31 44 31 96 13 158 28 23 12 141 23 40 2
16 25 1808 14 39 182 11 240 6 213 16 235 11 86 8 242 32 140 12 233 40 83 18 71 30 141 10 219 25 221 11 167 33 172 10 203 6 82 13 45 28 58 27 176 7 139 17 168 20 67 14 19 29
17 25 1623 5 11 69 3 25 11 183 33 3 17 75 18 162 6 234 22 89 23 199 34 87 2 236 28 63 35 104 33 143 28 193 13 81 29 204 35 111 18 71 15 217 24 216 8 244 17 62 2 170 3
18 25 1437 130 4 70 30 6 24 213 40 219 10 84 11 2 22 86 27 114 36 39 1 212 13 93 30 42 6 186 33 105 35 111 10 7 30 155 32 182 16 50 14 129 33 207 22 120 15 98 5 214 8
19 25 1465 77 8 90 8 229 17 143 3 8 19 120 9 249 6 88 5 207 2 51 27 225 21 41 11 15 20 106 2 127 21 109 35 108 20 12 38 178 14 186 32 239 4 102 34 141 17 71 34 9 9
20 25 1398 88 9 71 11 155 30 78 36 106 40 226 40 207 7 23 24 55 6 115 30 30 4 145 1 217 17 89 19 1 37 169 18 238 29 60 32 137 28 28 6 133 40 44 22 62 39 166 38 154 37
21 25 1447 119 9 151 19 75 37 88 16 37 16 86 17 23 15 138 5 145 35 174 32 112 38 63 8 19 15 46 34 214 11 190 22 159 2 182 16 229 11 3 37 157 8 195 39 14 33 158 19 118 22
22 25 1359 70 16 244 9 44 10 77 20 183 17 121 34 138 3 48 35 41 28 9 14 16 34 105 30 151 19 96 9 72 37 66 6 189 37 22 28 139 35 137 23 232 33 195 40 241 3 75 17 8 1
23 25 1454 36 5 182 24 92 40 146 29 95 3 54 15 199 37 5 40 176 15 55 15 47 38 227 11 139 8 45 34 76 33 244 21 49 17 141 16 33 9 172 37 154 37 248 22 163 27 107 37 23 3
24 25 1692 203 11 202 35 151 1 89 24 96 23 210 28 144 26 195 24 64 18 134 7 174 9 245 1 70 17 140 18 63 32 117 34 102 31 75 14 40 29 196 1 228 39 87 22 122 12 149 37 88 5
25 25 1881 245 13 95 34 239 16 92 34 100 24 20 33 195 13 199 10 236 9 88 21 89 37 27 18 141 38 237 30 218 13 94 20 209 28 140 25 101 33 144 14 165 8 240 27 217 19 34 17 198 24
26 25 1616 247 4 233 4 53 36 153 29 75 32 168 11 112 37 13 26 129 35 151 24 219 8 163 27 134 3 152 32 72 6 39 5 98 4 238 35 128 19 140 23 19 22 244 17 24 1 28 11 201 11
27 25 1441 68 4 18 24 238 19 95 40 136 15 96 16 185 10 168 3 111 9 47 1 170 40 129 6 40 36 226 40 107 26 7 2 162 39 116 37 118 1 93 26 86 13 10 24 58 10 210 38 189 39
28 25 1385 166 4 140 2 61 29 30 37 188 1 131 9 11 36 207 21 247 40 46 4 142 35 3 19 22 18 77 12 19 13 158 6 106 19 195 14 26 37 125 6 157 12 183 7 70 34 182 4 79 16
29 25 1484 79 17 174 30 56 32 161 26 94 8 186 1 16 34 157 39 151 33 235 36 62 19 160 18 128 23 232 13 69 20 219 19 198 22 98 13 95 1 31 9 20 6 35 39 58 16 139 22 116 25
30 25 1698 40 6 73 18 120 16 150 31 215 10 39 22 213 9 16 28 99 16 98 40 113 28 107 11 157 24 91 31 85 7 95 37 232 17 246 31 174 27 243 18 217 22 151 19 20 9 236 30 166 33
31 25 1433 41 29 183 37 129 29 72 19 187 28 6 13 111 34 158 13 198 36 56 27 222 7 88 11 208 26 238 9 123 33 69 21 105 26 132 33 67 33 104 13 82 21 17 2 234 34 4 31 32 39
32 25 1384 118 13 145 27 5 24 14 23 232 36 165 21 37 19 20 3 184 12 18 39 53 18 55 24 212 1 247 14 112 28 111 34 52 17 119 8 32 23 89 8 229 11 204 7 108 3 161 34 46 31
33 25 1414 182 20 8 6 193 31 66 31 65 19 198 27 143 2 46 13 209 7 177 39 244 15 140 29 151 9 123 13 94 28 25 7 53 23 161 33 30 32 39 39 1 16 204 3 17 2 163 15 97 34
34 25 1291 183 19 2 26 11 28 75 26 222 4 108 26 204 12 68 27 121 36 8 8 30 21 46 15 140 28 239 24 186 32 59 4 245 36 146 12 40 11 16 3 58 1 139 10 120 25 112 25 4 9
35 25 1518 126 17 171 23 139 20 131 3 47 12 221 40 16 16 226 40 77 28 75 2 188 7 150 19 247 16 40 13 2 28 219 28 187 11 62 7 103 22 89 19 65 21 81 12 96 28 93 35 185 17
36 25 1652 36 24 146 35 152 4 80 21 86 13 230 26 18 29 163 35 203 6 135 13 20 16 33 34 243 2 17 9 165 24 52 20 88 34 155 20 246 22 202 6 248 24 95 28 216 11 172 6 104 3
37 25 1466 173 17 198 15 178 24 34 26 8 27 58 39 127 3 73 8 108 34 199 5 13 14 30 12 172 32 113 35 47 27 89 9 103 17 236 12 130 11 240 19 159 39 157 25 11 29 32 40 244 23
38 25 1725 155 7 38 26 218 9 57 11 5 6 149 24 26 31 130 13 234 39 85 15 247 4 223 25 162 5 78 26 61 24 133 18 154 14 106 36 198 23 143 29 86 22 153 31 132 8 246 20 231 18
39 25 1788 234 30 155 8 123 11 248 18 121 33 203 20 86 28 127 13 47 20 6 10 228 33 211 40 114 35 219 29 174 9 178 10 59 4 179 23 244 26 103 16 109 7 135 36 154 32 69 12 51 36
40 25 1681 241 10 119 4 111 4 248 40 44 3 130 21 134 30 155 13 73 30 90 5 216 8 81 40 244 36 213 4 137 25 89 28 96 27 33 27 40 12 138 13 154 17 156 18 57 2 202 11 161 11
41 25 1490 155 36 91 17 78 6 172 2 99 18 7 7 37 4 246 19 12 7 200 39 72 36 18 37 95 6 240 26 156 20 188 30 128 30 248 27 65 9 198 3 56 2 115 10 49 25 21 25 235 30
42 25 1267 6 10 39 24 136 34 73 23 119 25 220 30 54 40 27 10 16 27 57 29 124 3 232 18 122 40 125 2 66 9 163 12 150 11 7 15 164 32 67 12 138 33 59 29 189 8 105 5 76 35
43 25 1748 211 38 116 10 59 7 174 3 62 12 215 25 33 28 242 19 181 3 87 35 30 37 227 8 165 38 107 39 104 2 5 34 120 40 114 40 218 7 184 20 171 11 203 38 224 20 29 40 216 18
44 25 1716 136 25 247 13 62 15 23 7 137 28 81 8 249 4 239 17 230 25 98 12 25 23 205 24 70 20 45 30 191 1 110 39 157 8 163 13 86 31 130 36 129 31 197 1 224 14 192 38 6 38
45 25 1650 141 17 129 16 127 20 48 38 248 24 45 28 23 19 32 8 209 32 126 30 142 26 120 28 26 13 131 30 91 28 169 23 165 28 143 39 167 40 216 12 145 24 185 26 204 15 189 19 80 4
46 25 1444 34 29 42 26 1 3 68 9 233 11 5 40 20 7 100 29 228 5 10 33 209 16 139 17 59 14 175 9 150 27 152 23 125 33 160 36 7 28 216 40 230 40 121 21 116 21 93 17 195 8
47 25 1595 208 34 184 6 69 40 106 8 66 17 2 1 52 21 168 28 240 23 149 29 102 10 70 19 92 10 161 38 162 7 175 9 142 28 236 22 68 11 29 5 200 10 103 23 194 32 32 6 180 4
48 25 1377 97 1 185 9 100 7 168 35 67 39 234 5 223 33 1 38 148 3 164 30 27 18 12 30 35 32 64 3 137 22 75 32 174 30 140 18 188 20 34 32 22 16 41 25 73 8 109 7 237 16
49 25 1953 199 16 230 2 10 15 174 26 157 30 69 11 23 38 222 23 26 11 106 9 145 13 9 11 216 7 229 24 236 7 249 14 212 28 155 21 123 10 219 31 29 7 213 3 227 24 225 14 204 22
50 25 1687 72 20 75 13 70 12 231 10 195 6 216 33 1 30 22 25 102 6 186 40 228 16 209 20 218 35 123 3 38 29 124 21 128 10 245 30 191 35 51 15 42 39 179 2 148 3 48 29 233 21
51 25 1531 26 18 129 15 16 5 88 30 54 6 35 16 245 15 111 34 127 27 197 34 229 15 42 20 64 26 68 14 244 32 84 21 200 4 85 37 228 4 126 3 141 30 249 6 96 11 31 23 147 7
52 25 1728 188 15 143 31 247 38 27 16 222 10 67 37 242 8 73 16 184 32 202 21 35 12 173 13 79 38 243 32 92 11 40 19 218 3 110 4 238 11 63 19 47 32 100 17 144 7 52 15 228 33
53 25 1560 181 22 135 13 102 24 57 13 198 30 103 38 117 37 39 2 228 16 162 31 134 20 214 25 178 37 112 40 3 1 192 4 248 4 33 27 128 20 56 10 160 14 116 8 94 16 70 16 61 21
54 25 1445 51 26 159 9 7 8 11 17 181 6 161 8 44 26 140 32 103 20 209 3 131 12 50 28 38 25 153 27 82 4 87 12 211 7 217 14 3 5 164 28 175 11 193 12 13 24 105 14 202 39
55 25 1511 114 25 190 13 72 15 196 20 16 11 219 10 221 25 139 19 49 11 53 34 41 10 187 23 183 39 227 17 34 28 177 37 213 37 189 6 153 16 18 40 98 36 19 40 152 30 60 2 2 25
56 25 1639 116 22 146 24 25 38 204 11 217 17 30 13 235 34 111 5 82 3 113 9 33 22 186 3 232 7 162 31 139 24 107 4 205 32 9 1 80 32 81 36 198 33 188 4 158 9 58 9 163 12
57 25 1485 87 37 84 4 200 15 211 23 207 19 228 4 204 35 65 32 115 16 173 38 41 22 10 11 5 39 231 24 8 13 186 16 42 29 70 1 185 30 55 23 128 13 56 13 67 13 144 1 168 30
58 25 1536 111 39 191 1 245 10 171 38 217 15 195 32 206 13 83 16 249 32 1 22 91 35 149 3 201 3 18 33 43 15 63 13 73 33 169 2 115 17 30 29 21 34 87 6 126 12 84 28 134 17
59 25 1739 180 20 76 5 70 18 72 5 90 17 217 4 181 11 38 40 135 14 28 14 150 7 221 37 83 34 171 22 199 23 209 24 7 19 174 21 35 25 187 1 219 11 98 40 205 2 197 21 236 39
60 25 1426 177 26 35 21 59 27 134 30 6 9 209 11 195 39 54 15 123 29 163 13 229 4 45 36 153 22 29 2 174 16 2 12 71 26 63 12 93 18 231 40 236 21 80 13 129 14 9 31 154 14
61 25 1597 225 2 7 2 59 11 75 18 64 8 55 35 199 18 203 3 209 17 13 21 96 30 184 25 132 12 160 13 165 23 16 21 46 2 214 37 134 20 146 8 137 30 114 38 177 6 152 27 212 4
62 25 1787 130 29 116 33 186 27 226 35 239 30 10 16 233 17 229 8 113 13 188 18 162 6 208 5 215 14 193 27 223 16 132 32 165 7 164 10 96 19 46 16 131 37 42 35 64 40 12 18 51 36
63 25 1608 145 27 95 12 191 40 214 39 52 21 41 23 87 19 168 18 234 9 84 12 39 2 63 35 7 2 116 25 66 17 172 20 245 38 83 15 197 28 196 21 219 26 3 25 226 33 93 32 181 8
64 25 1616 83 1 221 37 175 8 78 22 114 35 160 35 57 24 152 29 191 20 37 36 50 25 223 35 161 40 177 35 111 19 234 25 29 35 41 5 182 11 48 17 215 8 33 3 213 34 12 13 235 8
65 25 1539 140 5 154 12 41 16 14 9 21 34 27 4 157 38 61 33 241 33 110 39 200 17 72 32 56 23 136 31 232 36 177 37 239 9 153 2 137 15 228 35 28 38 23 8 58 15 180 13 194 21
66 25 1743 242 33 41 33 96 7 248 11 239 29 6 15 68 37 233 30 98 31 75 25 225 14 7 12 84 13 94 6 238 14 117 12 179 27 102 6 28 20 135 26 74 31 190 25 181 30 240 5 246 24
67 25 1500 179 4 128 4 148 13 239 36 38 15 87 3 135 34 145 3 13 6 169 17 44 24 233 8 58 5 227 24 92 2 194 6 57 5 93 5 80 10 1 7 173 8 152 7 150 14 4 30 162 27
68 25 1503 13 29 132 20 198 38 78 24 69 39 157 36 140 6 61 12 212 40 214 5 158 26 52 21 54 21 74 27 120 16 206 22 126 39 233 36 166 22 139 34 30 27 202 31 64 22 105 26 3 8
69 25 1609 90 11 203 33 71 8 45 17 16 14 84 31 147 11 159 11 236 16 142 16 160 3 123 31 146 18 224 20 63 16 169 24 238 3 246 1 80 12 9 35 157 32 168 3 4 38 135 40 104 28
70 25 1653 215 15 151 9 77 16 227 32 147 21 127 5 247 17 37 12 229 8 134 17 164 40 180 11 195 33 111 31 24 6 59 31 209 31 108 16 9 2 100 37 168 26 55 36 189 13 23 4 121 28
71 25 1255 66 12 221 22 187 31 42 20 146 22 152 7 12 33 34 37 241 4 220 30 130 27 37 5 44 28 69 16 1 30 206 18 91 26 29 37 6 3 89 3 124 10 179 6 22 14 104 35 59 16
72 25 1689 56 40 164 23 224 8 22 5 125 32 186 10 190 18 5 40 7 2 242 15 114 18 144 23 60 17 58 4 117 15 229 17 249 33 232 8 46 16 182 18 61 24 109 19 220 18 195 12 141 15
73 25 1812 239 6 191 3 237 19 160 36 187 21 22 25 15 23 94 31 231 37 230 31 240 18 81 30 117 17 143 38 119 39 126 37 129 28 33 28 170 13 243 6 35 34 142 21 118 5 211 38 111 10
74 25 1772 241 13 129 13 14 38 152 26 235 20 196 13 66 25 132 11 202 21 245 26 8 39 161 39 179 18 242 8 198 23 70 40 162 32 15 31 143 2 95 25 217 29 182 33 41 2 94 1 126 21
75 25 1467 201 6 151 1 37 1 186 38 8 23 60 27 134 13 170 30 35 23 21 20 179 39 140 30 232 20 242 27 123 39 168 23 77 38 23 13 98 10 207 24 51 23 177 26 55 18 10 7 150 31
76 25 1793 147 39 131 26 220 2 99 8 34 40 165 28 246 13 83 8 182 12 139 36 1 13 214 6 77 2 88 35 141 40 43 31 162 9 200 24 249 28 209 40 167 35 48 19 224 40 140 34 177 15
77 25 1713 94 1 2 23 234 21 169 34 121 32 105 2 112 36 207 40 205 6 232 1 82 18 68 32 72 29 173 5 220 30 21 4 240 23 86 23 213 34 198 23 67 24 217 8 162 33 38 18 88 31
78 25 1974 238 11 218 16 202 19 56 7 136 6 76 26 191 17 30 18 241 35 233 38 177 20 194 25 227 17 168 26 174 7 236 4 230 24 69 11 94 6 157 1 1 4 89 11 118 20 240 12 153 40
79 25 1588 241 2 75 37 178 21 4 14 204 13 131 17 192 36 137 24 30 33 233 22 215 36 50 38 168 10 177 17 231 39 38 33 112 30 60 32 15 25 198 7 85 14 20 1 153 4 152 17 78 3
80 25 1669 183 23 163 40 60 12 117 39 14 7 106 9 179 18 98 18 211 24 44 38 43 38 174 2 178 37 3 4 234 6 226 39 130 38 140 3 134 18 28 12 166 26 210 25 63 27 195 7 240 23
81 25 1548 69 10 128 22 71 5 139 34 200 34 41 5 54 22 192 4 184 7 3 33 209 20 29 28 4 33 217 29 58 3 241 19 132 33 52 16 213 27 135 28 17 11 92 30 205 7 175 11 237 21
82 25 1384 159 15 211 34 208 39 64 38 188 8 19 27 199 33 118 34 55 6 120 14 212 11 35 11 87 31 25 17 162 3 10 32 128 30 37 17 100 31 214 27 168 14 103 17 28 32 102 24 17 2
83 25 1746 128 10 104 22 32 10 185 18 8 38 21 39 221 30 190 37 186 39 107 11 76 25 187 30 243 14 102 34 148 10 167 35 152 22 38 23 163 4 193 33 213 31 93 34 81 10 249 9 206 9
84 25 1883 194 12 185 24 74 39 177 30 148 38 186 22 149 38 61 24 72 25 228 4 7 12 235 30 105 37 199 3 35 26 203 31 190 28 156 33 138 34 134 5 181 30 58 32 229 30 217 30 206 14
85 25 1980 144 23 235 20 164 29 146 34 191 12 71 33 214 40 132 39 125 21 154 38 7 7 77 34 118 37 136 36 207 21 129 12 155 33 181 38 201 38 133 3 209 34 237 3 213 39 143 9 239 17
86 25 1540 197 36 85 25 161 4 32 28 239 40 117 3 245 31 175 25 133 22 47 5 60 32 213 24 65 21 227 33 172 25 51 19 61 16 31 34 59 19 204 20 19 30 142 13 2 6 177 14 167 36
87 25 1385 110 8 177 32 14 3 5 32 96 36 216 18 46 38 173 36 241 13 106 14 82 24 115 13 239 38 140 17 101 36 92 20 236 39 31 19 111 15 90 28 62 17 56 7 34 30 35 36 163 32
88 25 1751 171 26 116 27 69 36 104 8 222 34 64 5 101 14 147 1 44 14 142 2 197 18 9 6 183 20 190 10 102 23 182 40 68 38 205 11 177 37 226 32 92 32 244 25 90 6 170 3 187 23
89 25 1510 172 16 233 7 18 33 118 39 126 20 210 5 150 27 42 34 49 31 132 16 112 25 69 28 201 29 3 31 133 40 95 24 25 18 130 5 247 3 227 39 235 12 148 13 45 33 14 35 87 1
90 25 1647 79 31 60 36 214 20 140 6 202 19 30 26 206 19 237 22 86 24 37 24 210 38 83 23 84 15 199 21 76 29 34 15 16 27 204 35 182 28 234 1 115 31 170 11 242 39 38 27 117 3
91 25 1827 177 6 55 19 240 32 186 20 112 1 168 7 248 23 243 33 87 16 60 22 237 16 212 28 127 15 88 6 22 27 239 30 43 8 201 24 233 10 98 25 9 26 92 31 189 17 130 34 158 21
92 25 1605 52 4 115 21 162 39 101 27 42 17 165 21 118 20 240 39 45 4 160 14 169 9 190 12 211 10 108 30 193 8 141 37 51 27 109 32 127 39 138 1 217 13 111 15 214 33 5 18 26 36
93 25 1613 2 16 184 31 158 35 170 7 86 34 234 18 162 24 21 7 163 21 235 13 48 29 145 34 102 17 238 29 123 33 212 28 39 2 177 15 173 6 120 27 129 8 15 3 111 15 1 17 179 30
94 25 1766 85 4 133 16 170 20 147 24 224 8 164 24 112 2 34 7 222 12 68 11 172 12 3 1 44 20 193 21 178 32 75 33 113 5 195 21 18 21 218 23 236 29 225 26 215 23 59 26 230 39
95 25 1929 157 3 183 30 207 22 42 19 212 16 225 4 209 27 40 6 197 28 128 27 192 5 18 22 161 1 110 39 12 8 155 27 121 24 233 24 148 3 217 23 107 23 193 16 172 40 242 1 177 40
96 25 1258 23 14 57 12 45 19 72 5 67 36 92 4 212 14 179 6 70 26 178 16 60 4 20 3 79 4 154 33 124 3 134 38 176 22 140 10 111 13 29 8 68 4 209 31 133 26 52 40 33 20
97 25 1388 120 29 209 34 99 12 127 23 228 29 7 5 234 28 114 6 10 27 179 21 26 28 94 7 81 6 192 22 138 17 71 29 97 2 82 35 133 40 68 20 119 16 187 24 75 30 9 15 78 40
98 25 1599 225 26 137 18 42 37 146 15 201 5 161 11 243 27 152 14 54 17 133 23 98 33 148 4 57 32 186 37 158 33 58 32 70 15 52 1 13 9 196 13 183 38 86 37 215 27 100 38 84 20
99 25 1816 73 7 239 26 95 32 143 3 220 28 171 13 77 37 106 38 81 14 235 4 188 2 231 14 8 37 165 7 44 21 218 6 139 26 85 18 68 27 237 5 219 11 151 5 147 30 118 30 174 23
100 25 1443 90 28 243 5 77 21 172 4 104 32 171 1 160 39 246 34 63 12 84 37 11 24 37 17 20 27 164 22 2 26 113 31 17 28 81 20 203 34 61 3 107 12 102 37 198 34 209 21 152 21
101 25 1373 7 18 117 28 16 33 49 40 160 13 190 20 132 9 10 1 141 35 84 26 151 15 68 22 174 26 17 12 148 28 54 26 208 20 134 33 154 22 92 6 195 14 95 16 72 26 98 13 181 38
102 25 1314 3 18 145 6 111 32 123 24 12 32 147 7 99 18 150 14 174 34 15 19 128 10 35 35 72 20 4 4 91 5 213 15 122 39 51 34 221 25 29 4 166 15 100 37 194 30 40 29 183 6
103 25 1535 57 2 156 33 68 7 182 21 112 35 107 34 171 30 32 21 15 14 97 23 187 13 69 27 231 5 138 10 83 22 27 40 185 14 82 34 116 6 223 22 133 38 12 12 180 35 227 35 181 1
104 25 1445 72 35 190 30 25 34 97 36 136 10 173 17 54 8 61 17 170 36 182 32 119 36 40 30 230 11 214 26 205 7 178 8 41 7 87 36 35 23 158 34 34 9 145 34 67 4 121 31 57 29
105 25 1592 16 8 221 25 18 26 52 15 32 20 54 33 198 11 240 10 175 2 127 21 139 12 239 35 208 6 78 28 4 39 23 32 120 1 174 31 247 18 2 21 232 20 43 21 169 9 124 7 249 24
106 25 1716 158 10 248 15 247 7 45 34 51 23 26 14 101 35 126 18 23 33 21 25 164 30 217 6 240 15 110 16 136 35 146 5 175 32 221 11 156 4 123 38 226 20 98 4 196 5 128 15 50 14
107 25 1801 107 38 129 6 152 30 84 7 165 39 11 29 90 13 161 38 158 24 215 9 111 15 106 24 82 32 191 21 108 22 204 26 209 13 14 31 172 37 249 18 177 32 128 8 194 29 174 32 212 24
108 25 1516 168 39 100 39 242 30 59 19 132 13 165 30 197 20 52 18 126 1 158 34 14 25 21 19 73 38 12 8 119 33 138 23 83 16 234 12 194 15 105 38 201 37 4 30 98 32 207 40 131 30
109 25 1530 13 35 232 34 90 19 185 7 39 40 170 16 2 12 163 18 226 17 22 30 16 34 228 20 53 26 243 19 177 13 220 32 37 21 215 38 122 31 165 22 10 26 40 4 202 13 15 20 176 26
110 25 1685 176 29 174 37 153 21 39 21 129 3 232 20 49 32 236 39 155 27 43 29 246 20 58 11 119 21 13 5 21 18 181 18 186 26 94 8 158 4 100 26 183 6 146 7 191 4 121 19 168 9
111 25 1612 25 18 48 37 116 39 100 31 31 29 133 40 177 30 125 26 97 8 68 12 103 20 189 10 216 2 124 39 10 11 179 6 140 17 223 6 237 14 208 29 164 40 90 29 172 6 227 31 23 10
112 25 1310 85 14 1 4 90 12 57 30 93 20 58 29 89 36 53 36 122 28 153 22 241 14 81 34 14 38 200 14 12 2 228 5 76 23 172 25 187 31 13 25 62 8 69 17 146 40 213 7 105 24
113 25 1216 69 39 217 28 28 13 39 12 55 2 131 24 227 27 183 17 51 29 10 31 18 7 172 5 236 3 132 21 71 40 8 28 90 32 48 20 113 13 168 15 127 4 21 9 92 32 102 22 25 40
114 25 1812 145 29 247 10 144 30 171 24 190 10 194 19 101 1 8 3 195 11 232 19 118 15 50 16 69 3 183 12 196 29 241 20 200 39 219 33 68 11 56 9 20 11 137 12 37 8 237 18 167 34
115 25 1837 245 38 132 3 142 14 186 7 123 8 176 12 116 6 164 25 89 11 144 20 172 12 182 17 230 38 104 39 235 2 24 31 189 25 143 22 219 30 18 33 207 5 72 3 29 19 231 1 102 30
116 25 1445 224 23 223 30 213 2 44 33 129 7 156 39 58 1 204 19 131 13 7 23 90 3 188 3 45 8 73 7 18 24 169 14 9 1 33 33 35 8 205 3 195 40 121 12 22 24 240 22 59 28
117 25 1366 76 30 1 5 114 27 182 37 24 12 110 22 145 10 184 19 42 8 207 26 130 33 208 3 4 9 28 25 131 38 193 18 187 35 173 3 191 26 89 14 7 10 3 20 134 13 10 10 159 2
118 25 1658 92 16 94 37 196 13 41 6 161 25 236 37 129 38 101 40 113 29 135 12 91 32 76 2 184 39 124 23 48 4 36 1 249 19 187 27 204 18 224 34 62 39 43 36 163 12 229 33 98 22
119 25 1634 43 39 127 24 24 36 230 29 235 33 104 36 214 23 162 30 38 1 233 31 155 12 212 7 159 16 160 9 179 17 40 23 98 27 121 14 158 9 88 20 63 23 77 12 164 19 166 5 18 9
120 25 1524 121 26 57 12 165 25 241 16 159 28 222 37 60 15 96 9 15 28 143 9 52 31 107 14 136 6 153 10 239 11 173 26 187 16 32 3 146 28 34 23 161 22 43 28 68 23 102 25 137 10
121 25 1644 86 17 137 31 244 34 202 16 65 12 128 7 160 5 143 1 189 10 28 32 123 9 194 7 26 3 159 29 147 15 8 4 153 26 167 28 111 30 245 6 114 12 162 23 38 26 213 7 46 3
122 25 1637 50 20 133 35 36 30 207 6 238 15 192 7 141 26 195 37 193 35 128 7 230 11 160 4 13 18 1 8 26 8 22 37 19 4 54 25 228 1 104 35 142 40 175 29 246 33 131 11 210 39
123 25 1634 132 21 79 37 213 18 228 12 5 17 163 21 246 8 54 39 182 24 102 25 168 35 87 14 34 32 26 16 234 15 185 28 37 15 194 40 94 1 243 8 148 16 130 13 175 24 43 7 67 26
124 25 1380 243 16 91 39 29 4 13 26 139 8 140 25 65 27 141 19 28 14 31 12 183 20 129 33 24 34 98 19 160 6 164 22 101 24 83 1 229 27 136 30 44 17 144 21 155 5 71 4 120 33
125 25 1756 156 23 233 34 217 36 87 14 26 18 181 10 102 23 45 4 113 36 232 40 95 7 226 30 189 3 124 9 16 36 212 21 194 7 216 1 143 21 77 3 61 8 193 24 229 27 139 10 6 3
126 25 1893 86 33 73 35 65 18 135 1 245 36 103 14 141 19 209 34 154 1 222 6 89 39 147 14 167 13 93 28 160 27 165 23 101 29 159 21 176 1 123 14 239 4 204 19 92 20 194 10 244 21
127 25 1784 23 32 245 7 239 15 144 6 249 4 46 37 96 1 248 1 94 3 181 39 246 9 117 5 172 6 10 6 167 26 58 29 219 2 156 28 151 25 56 16 110 25 92 11 164 32 174 16 112 4
128 25 1487 53 22 100 37 114 27 119 31 113 26 138 13 44 1 58 13 99 20 167 4 56 7 70 27 209 33 180 14 188 23 217 1 186 6 151 32 69 11 124 14 220 36 11 36 40 19 97 9 152 15
129 25 1683 36 20 43 18 181 36 58 35 242 18 111 9 248 3 170 19 94 15 62 15 22 31 27 29 243 35 156 11 101 29 237 26 161 39 5 21 16 37 211 6 55 11 238 36 229 13 220 12 200 3
130 25 1760 95 36 152 37 213 19 239 15 67 15 227 13 156 28 158 38 185 26 30 32 62 20 1 9 68 36 60 12 235 12 210 35 242 24 63 40 188 20 204 29 208 18 97 37 64 31 74 5 222 37
131 25 1512 35 13 225 24 8 14 15 14 37 40 155 12 13 39 4 24 218 35 149 9 193 38 5 9 124 10 232 19 114 13 148 17 9 14 136 24 229 1 240 4 122 24 164 27 198 21 212 36 39 26
132 25 1564 154 3 176 29 212 17 30 18 64 7 90 25 130 6 170 20 56 40 41 29 73 34 102 30 193 35 113 29 123 20 44 18 247 34 81 14 53 38 217 39 37 8 245 16 133 14 116 37 229 8
133 25 1525 151 33 89 23 119 23 233 1 124 8 110 31 4 31 126 18 50 22 228 16 101 22 104 34 238 10 24 33 179 34 142 29 138 13 23 36 237 38 99 21 87 38 83 22 208 40 152 11 1 21
134 25 1418 192 16 240 32 211 24 42 25 187 10 54 19 244 30 108 33 10 10 142 39 152 3 69 9 34 10 9 33 58 9 215 22 197 4 157 27 6 23 83 27 127 4 72 38 163 7 47 2 18 5
135 25 1442 133 22 35 21 88 16 101 40 16 31 116 37 157 39 183 14 67 18 136 1 164 4 56 17 151 28 213 39 199 2 34 10 25 31 8 35 22 33 86 17 241 24 57 13 225 22 145 7 227 20
136 25 1573 133 33 113 22 26 11 3 17 176 35 242 8 210 14 85 34 235 9 21 3 51 35 131 33 123 7 184 39 34 22 81 8 74 23 219 21 205 31 160 31 8 21 60 17 217 6 152 21 204 5
137 25 1578 26 34 241 8 78 5 215 23 186 20 124 6 117 9 208 7 14 30 159 26 17 31 55 15 127 12 88 30 105 12 57 10 204 4 139 39 130 33 104 21 221 7 30 6 228 13 245 36 39 1
138 25 1320 148 5 95 27 97 22 56 33 146 4 115 19 27 13 17 9 106 2 89 33 44 28 161 33 123 38 218 27 125 36 229 3 200 33 149 16 201 31 19 35 100 37 67 18 7 4 42 18 59 35
139 25 1385 85 9 10 29 209 17 27 23 84 25 105 35 77 5 33 14 12 3 35 30 47 6 29 35 55 15 239 18 232 19 135 36 219 24 226 17 222 22 6 16 189 14 173 31 218 4 2 26 101 29
140 25 1284 94 16 143 18 156 13 110 24 77 37 22 40 3 19 43 34 60 9 112 25 239 5 197 12 12 33 116 15 48 17 203 21 32 38 18 37 140 39 92 18 6 5 139 40 163 31 215 24 129 16
141 25 1521 99 19 121 37 30 4 129 26 201 6 112 5 168 25 54 8 33 35 16 24 123 28 232 3 32 9 176 32 124 26 231 36 23 40 182 3 155 2 31 18 136 18 190 25 246 34 103 29 96 15
142 25 1556 59 17 13 19 107 20 240 30 166 20 178 20 230 9 42 36 92 14 104 7 122 7 18 8 63 32 162 33 199 37 193 5 47 35 225 33 245 25 234 12 184 31 51 15 121 12 1 32 16 16
143 25 1426 41 9 124 28 48 26 161 30 71 39 198 3 106 4 70 10 248 36 44 1 177 30 244 29 94 14 170 6 178 17 3 28 127 27 175 4 38 6 234 16 35 9 1 10 20 13 37 6 209 15
144 25 1711 55 12 143 31 168 34 48 15 201 33 164 19 131 32 205 14 179 40 130 17 76 20 177 15 211 3 237 37 142 23 93 3 45 5 112 18 95 18 10 17 221 31 229 35 245 32 37 3 69 22
145 25 1609 184 38 169 14 58 31 222 16 242 4 189 17 168 35 48 38 79 6 89 27 178 39 155 2 124 29 35 40 133 15 123 37 52 1 200 40 244 32 57 5 45 5 23 15 82 1 144 2 176 12
146 25 1499 189 5 213 25 97 18 75 3 199 28 187 21 24 21 214 33 52 37 246 18 43 3 205 6 59 6 136 12 47 3 35 27 117 17 134 5 184 40 149 2 17 8 55 2 28 28 217 39 76 2
147 25 1435 38 8 104 22 183 4 129 18 215 26 82 22 114 11 98 39 115 24 159 6 117 17 53 31 169 40 40 5 10 25 96 37 85 2 39 37 65 37 187 12 194 18 233 10 170 22 8 27 167 38
148 25 1518 2 6 45 4 56 25 133 38 199 24 164 26 40 38 49 38 117 16 97 33 172 11 92 24 59 8 131 38 81 26 74 34 173 28 118 2 188 11 238 34 150 5 234 20 101 19 176 15 147 37
149 25 1633 177 39 118 30 143 6 199 35 205 19 242 39 162 16 166 31 90 34 241 17 39 22 61 22 71 4 221 38 120 29 165 18 148 32 17 2 59 27 13 5 109 21 108 6 238 15 14 30 141 2
150 25 1661 72 4 175 4 169 7 92 8 216 36 38 15 139 16 106 7 223 3 209 39 183 2 27 38 12 36 75 15 48 35 178 21 120 14 66 28 201 17 166 4 215 22 152 20 87 28 194 31 159 13
151 25 1586 195 2 241 12 225 38 28 31 107 3 130 27 214 3 143 12 33 11 31 30 165 27 66 6 219 16 12 21 26 24 175 9 216 39 213 23 156 23 30 40 192 8 126 10 67 29 103 17 60 27
152 25 1926 193 13 184 40 161 21 123 32 76 26 168 4 211 16 128 26 202 2 117 21 233 14 164 11 26 22 119 28 178 40 246 32 222 19 84 23 230 26 126 27 54 23 73 6 89 10 203 12 242 29
153 25 1525 92 16 245 28 36 10 189 16 249 39 244 22 7 4 227 1 3 15 116 22 88 29 84 15 99 5 8 30 126 18 183 24 172 32 89 13 197 1 232 34 44 10 58 33 81 32 157 16 25 16
154 25 1635 206 8 150 6 243 19 247 20 39 32 23 32 173 4 105 7 12 5 209 3 31 25 82 20 227 22 203 15 210 8 80 17 187 11 192 9 1 10 200 25 41 15 190 37 33 31 142 34 45 24
155 25 1322 198 29 65 26 242 37 10 31 244 21 70 3 21 22 63 12 12 3 43 14 40 6 38 31 182 40 134 35 163 38 50 2 156 4 89 20 131 18 200 36 19 38 161 22 71 24 124 5 119 17
156 25 1709 126 34 76 7 87 27 90 14 12 9 163 13 127 27 164 6 9 1 177 14 151 8 94 3 159 6 136 24 4 32 228 39 247 16 246 14 125 31 107 35 123 21 221 39 96 9 207 25 243 27
157 25 1475 172 18 121 12 203 38 66 24 112 27 31 2 86 16 219 11 42 9 37 29 52 7 209 12 61 27 119 3 155 17 54 12 197 37 44 34 152 9 17 11 230 39 178 17 107 18 41 18 246 39
158 25 1480 189 2 89 2 124 25 4 2 229 8 68 12 101 6 119 36 170 32 195 28 214 6 176 1 172 35 100 32 95 22 164 39 181 35 134 37 111 28 6 40 45 27 221 3 7 6 34 11 12 21
159 25 1409 194 7 99 5 209 33 36 12 106 11 114 29 39 14 125 2 70 15 149 25 105 26 214 17 58 22 244 13 52 16 13 28 42 31 34 2 195 29 124 2 199 39 22 39 132 37 11 13 233 21
160 25 1456 230 9 56 25 115 25 116 39 9 30 114 22 117 27 132 40 109 19 70 34 80 19 172 2 107 35 100 9 59 32 38 1 137 4 135 4 152 15 212 31 60 5 139 7 217 30 27 35 209 20
161 25 1377 76 19 133 7 38 37 26 36 197 20 87 15 82 36 20 28 131 11 163 22 193 22 177 31 245 12 64 21 25 18 211 27 95 18 45 12 106 2 33 14 78 34 119 17 182 39 18 24 210 37
162 25 1702 221 3 205 17 214 30 159 18 247 6 5 22 8 40 244 15 143 8 9 32 242 29 168 15 80 27 220 24 99 26 94 33 192 30 158 32 68 16 58 15 14 22 17 33 213 30 88 37 239 36
163 25 1894 28 22 176 28 106 35 84 25 128 4 63 23 126 4 232 34 65 21 139 24 248 24 138 24 202 5 159 33 160 26 195 18 233 2 192 19 79 30 141 12 180 24 226 3 61 28 203 26 225 18
164 25 1605 23 38 35 17 112 40 235 27 111 32 21 18 107 2 240 15 161 28 242 14 7 16 231 31 48 1 183 7 182 18 125 27 134 38 66 40 16 26 241 8 224 27 162 25 223 13 77 13 5 40
165 25 1317 159 20 63 40 39 13 104 31 9 18 130 15 13 5 21 32 42 6 75 20 23 21 187 18 103 3 107 35 10 8 91 36 233 37 209 21 184 18 78 9 203 24 36 35 206 40 74 19 235 26
166 25 1517 15 2 119 30 183 7 76 12 175 14 33 2 168 29 222 20 114 30 87 2 42 30 149 9 115 1 214 33 95 40 60 18 200 1 62 16 116 3 52 21 137 16 218 7 37 7 180 8 166 1
167 25 1602 61 19 90 40 97 37 70 33 101 16 142 40 145 33 52 16 218 39 60 22 69 37 187 38 13 15 217 35 23 34 225 13 144 17 93 13 213 15 175 10 248 17 224 30 238 1 9 7 91 10
168 25 1846 177 39 168 7 3 13 133 27 117 28 22 31 111 30 195 13 114 29 207 18 89 24 224 24 245 34 47 34 172 27 235 8 127 33 14 9 247 8 176 23 67 9 163 18 190 7 232 23 218 1
169 25 1374 90 26 96 26 71 21 81 17 94 2 105 8 201 11 82 15 212 28 64 39 42 1 139 15 160 28 163 31 130 40 33 1 37 39 88 18 219 28 76 24 169 21 93 22 13 15 186 34 104 1
170 25 1831 212 36 231 30 202 10 177 6 133 18 96 15 229 14 145 36 193 23 86 9 128 36 51 21 77 3 247 12 139 12 215 12 97 5 52 40 187 10 116 31 90 3 85 38 46 10 235 39 194 40
171 25 1581 7 14 28 27 246 4 221 12 218 9 45 12 61 22 228 14 143 14 145 18 84 34 70 1 153 36 102 8 104 17 59 32 172 26 120 7 190 30 10 29 199 25 9 38 167 24 183 38 198 8
172 25 1846 202 7 240 6 234 33 195 19 90 4 150 31 191 11 30 2 211 39 11 23 31 1 140 28 194 22 232 21 129 39 214 7 89 10 83 31 114 11 222 9 23 23 160 23 243 23 152 5 113 17
173 25 1609 115 13 88 4 28 9 145 9 249 34 4 16 184 13 180 14 139 10 186 27 222 20 118 37 133 31 69 16 47 24 232 11 70 15 146 28 71 16 87 34 189 4 99 24 215 23 102 4 100 20
174 25 1331 238 31 178 14 103 10 124 28 186 7 72 38 127 31 22 10 195 9 18 30 99 33 209 2 17 13 15 31 222 15 20 22 2 13 146 3 96 5 3 16 227 29 48 31 128 35 162 37 6 40
175 25 1750 50 14 72 16 188 36 98 9 12 37 202 35 89 7 107 37 184 26 141 19 113 11 139 3 122 16 109 13 114 12 163 10 215 9 117 33 178 28 164 35 79 29 235 8 237 31 211 3 161 21
176 25 1488 87 23 189 1 4 36 9 18 170 24 32 32 5 18 162 4 192 23 16 16 31 16 72 38 132 25 120 26 207 21 44 20 109 24 195 37 54 3 186 28 216 19 134 33 209 35 222 21 180 39
177 25 1653 44 37 232 33 160 16 73 6 235 5 59 24 203 5 18 1 158 2 6 27 19 15 171 2 7 21 246 40 142 17 240 5 221 37 112 29 61 29 233 25 140 8 210 14 27 30 151 1 138 8
178 25 1544 99 24 210 10 120 10 27 31 183 5 40 39 209 32 106 33 212 16 151 4 71 30 203 30 135 10 161 16 60 28 75 18 136 20 132 37 68 32 110 13 73 38 181 27 35 13 248 33 44 25
179 25 1305 247 28 4 2 77 16 19 38 64 15 248 6 80 27 208 38 106 31 69 38 166 19 111 4 33 15 51 35 22 26 59 39 44 24 2 2 32 32 210 35 66 39 170 7 97 39 206 2 220 25
180 25 1375 132 7 23 34 40 37 158 2 94 32 138 34 50 33 20 13 4 1 24 25 145 1 123 26 187 39 247 34 171 6 18 24 54 20 93 9 154 14 142 15 86 25 164 40 161 34 113 35 210 3
181 25 1328 98 38 91 8 224 35 190 11 204 23 94 16 89 26 144 15 71 15 131 24 179 17 93 16 160 18 21 5 118 5 84 27 16 13 170 32 43 10 155 35 53 10 90 25 29 20 105 30 4 4
182 25 1612 116 31 46 10 130 10 185 6 87 28 245 38 182 6 45 18 108 26 243 19 141 2 209 1 212 5 80 9 121 3 104 7 96 9 88 5 119 15 153 25 14 39 95 25 55 31 112 24 238 5
183 25 1254 63 10 16 3 1 19 37 32 158 40 15 31 246 12 12 5 38 10 59 10 186 12 41 32 95 14 230 28 212 26 22 31 201 24 191 10 33 25 39 22 91 11 139 22 162 23 89 3 132 31
184 25 1495 79 5 171 12 173 27 36 22 76 7 87 28 39 29 93 30 20 17 56 18 120 16 209 8 197 22 183 17 115 16 17 13 220 37 106 12 53 1 145 29 239 23 78 28 222 10 109 33 147 14
185 25 1646 151 16 59 31 126 25 182 38 141 36 223 40 90 24 48 8 186 11 188 12 81 39 15 30 56 6 179 26 180 17 80 25 89 22 170 35 176 29 85 13 153 26 196 14 62 3 249 15 128 9
186 25 1627 179 27 184 6 65 11 195 34 229 27 138 27 120 9 11 25 237 8 220 29 245 34 84 38 45 39 183 15 83 10 24 13 48 9 230 13 110 4 58 28 152 15 7 22 103 19 168 11 137 39
187 25 1676 163 20 14 40 164 32 185 39 116 6 82 40 144 30 59 38 249 13 165 29 134 1 47 7 63 5 175 25 83 31 183 17 181 8 98 26 32 24 197 10 187 27 123 27 85 40 177 39 246 7
188 25 1190 155 26 13 31 120 38 187 24 112 18 8 20 30 5 157 5 136 39 81 15 20 9 211 2 195 27 223 14 168 10 190 2 25 5 84 26 21 1 47 20 78 16 1 34 12 27 52 7 54 31
189 25 1434 26 36 64 2 114 16 147 31 105 19 204 11 243 8 78 8 160 28 224 21 77 19 131 11 90 37 180 4 216 35 93 22 128 36 17 25 15 10 222 13 103 4 47 32 132 34 3 11 49 13
190 25 1276 208 7 13 38 68 12 49 21 139 15 227 1 138 16 98 14 72 22 53 33 166 8 199 4 101 12 37 24 62 17 88 1 63 3 131 14 38 13 162 32 121 4 11 26 91 25 148 5 69 2
191 25 1689 220 38 240 34 29 1 172 4 233 39 71 23 171 33 93 13 148 22 48 1 106 28 154 16 244 27 30 23 151 31 34 20 128 14 5 8 194 27 241 28 35 34 57 18 177 2 186 28 211 8
192 25 1440 13 38 102 1 223 30 112 25 200 22 249 31 42 14 176 9 67 14 40 7 90 5 179 18 92 15 59 29 114 29 77 19 30 19 221 29 70 38 130 24 138 30 25 11 175 29 132 36 125 11
193 25 1635 120 3 219 22 9 39 90 3 18 13 248 37 161 10 125 32 107 24 167 4 156 23 106 14 218 35 216 3 159 6 5 24 6 16 174 17 157 18 236 7 100 25 73 20 154 28 194 33 53 10
194 25 1345 208 40 153 34 144 40 200 9 4 40 146 28 23 24 75 7 240 4 94 27 110 14 161 12 55 36 231 28 130 26 108 8 195 22 3 38 54 38 86 3 46 34 138 19 20 24 38 23 29 4
195 25 1645 212 4 126 36 231 1 226 40 23 11 39 20 158 10 214 25 232 7 145 28 131 10 13 18 90 32 203 29 135 32 194 38 157 29 193 39 211 19 69 33 107 4 38 29 9 25 127 39 8 40
196 25 1803 21 15 159 25 228 7 39 31 182 36 217 10 31 8 62 31 126 15 181 24 90 19 192 9 205 14 225 25 142 2 154 35 7 34 169 24 152 17 146 13 44 22 184 16 245 6 248 9 157 2
197 25 1315 129 27 125 19 181 18 53 5 2 17 20 6 143 5 184 8 186 32 123 40 137 26 63 7 47 40 104 16 46 17 66 34 162 4 156 31 48 2 22 34 41 7 178 17 72 25 112 5 231 32
198 25 1631 215 23 216 13 80 25 128 37 3 5 184 26 178 9 32 40 226 33 72 12 196 40 189 22 134 6 86 18 74 36 99 40 201 26 62 32 21 32 23 28 183 28 235 1 31 36 188 36 207 21
199 25 1542 131 29 240 14 152 15 189 19 110 27 150 40 159 5 163 20 85 34 39 9 11 23 209 17 183 39 233 32 174 1 23 26 59 14 112 22 48 30 157 8 12 18 166 16 171 15 13 14 95 31
200 25 1445 135 27 179 3 201 10 65 25 45 16 47 13 16 10 164 18 59 25 190 7 73 21 75 28 26 5 38 18 241 1 104 18 39 7 210 20 1 34 205 28 132 27 224 31 170 33 234 2 18 38
201 25 1448 42 34 146 9 188 12 59 7 32 19 11 11 49 21 219 21 86 23 109 28 179 24 8 30 61 35 177 30 193 30 123 10 238 12 231 16 68 14 66 20 155 15 80 37 93 1 92 5 191 29
202 25 1633 45 16 169 26 61 11 130 39 10 12 234 21 247 25 93 25 64 7 210 14 213 16 175 11 28 25 162 34 95 33 40 40 241 15 232 1 117 12 182 38 181 5 51 40 59 3 26 22 201 17
203 25 1560 217 15 23 12 85 30 148 37 46 5 171 5 16 3 72 10 185 38 21 26 227 4 30 37 190 32 62 23 222 18 232 7 170 5 71 32 122 19 219 28 89 3 84 33 226 25 137 3 55 12
204 25 1875 140 40 133 26 246 34 187 27 87 1 205 10 247 6 144 29 149 37 190 27 185 30 170 40 83 27 154 9 160 20 73 11 20 5 168 5 129 37 174 7 217 20 236 35 85 14 97 14 72 1
205 25 1710 154 13 150 26 90 15 56 29 215 38 1 6 185 18 202 25 124 25 231 2 104 38 6 21 48 11 14 34 216 17 27 19 30 26 206 29 183 22 219 27 241 39 232 5 136 33 191 22 160 11
206 25 1396 53 5 90 11 25 17 103 10 133 28 77 29 39 16 186 26 224 38 209 12 14 10 160 7 226 17 132 27 110 33 189 13 7 29 175 22 17 19 171 39 48 17 57 28 102 33 34 27 212 12
207 25 1321 118 38 43 39 26 19 128 27 37 37 49 25 1 8 105 7 189 2 155 11 122 23 208 11 242 11 125 15 190 16 119 19 163 31 38 9 31 17 197 37 3 38 144 6 5 10 132 33 73 29
208 25 1606 5 35 193 22 225 4 99 11 164 6 179 32 199 11 211 19 222 17 37 40 82 34 135 19 138 15 22 22 57 10 187 11 204 30 77 40 76 37 50 19 63 38 163 13 20 3 203 11 202 19
209 25 1609 233 25 123 39 25 2 203 16 146 30 58 32 112 21 183 31 9 27 151 29 231 18 11 25 236 7 240 29 136 14 110 13 49 31 97 6 218 38 3 21 172 36 84 12 217 4 130 28 42 3
210 25 1420 97 15 157 38 242 26 188 20 143 23 156 32 7 6 74 4 1 12 61 26 192 22 73 17 45 19 70 15 8 4 137 27 220 35 154 1 50 33 92 22 158 27 164 32 119 37 52 22 180 19
211 25 1555 55 3 81 14 58 2 205 2 229 28 220 17 137 36 43 29 118 17 40 21 244 26 206 10 189 36 128 3 39 27 101 13 70 12 126 9 153 3 210 3 100 11 122 19 98 36 37 5 102 39
212 25 1734 126 28 214 3 207 25 108 34 97 6 243 7 90 34 230 28 142 22 203 17 201 5 88 21 182 23 30 39 56 18 124 13 23 26 209 17 15 35 225 20 239 2 101 24 151 8 145 25 19 19
213 25 1698 203 32 33 12 212 16 96 31 64 11 50 29 6 33 196 24 201 20 210 36 221 40 199 4 53 31 193 7 85 32 247 39 131 10 244 7 125 17 112 38 136 33 133 40 198 1 10 30 38 32
214 25 1613 59 16 5 12 186 30 160 13 11 27 145 17 143 20 85 39 76 19 246 4 153 8 123 32 178 3 63 17 170 17 245 37 103 16 193 32 118 7 162 4 177 38 69 18 99 20 223 29 35 16
215 25 1244 151 15 11 14 192 5 17 18 115 22 23 17 80 17 119 7 233 12 72 40 40 5 187 15 33 6 149 25 20 9 91 21 5 29 88 31 73 11 44 11 140 22 9 38 195 23 206 24 196 15
216 25 1611 172 10 6 24 115 11 182 21 132 22 91 2 197 39 31 9 223 33 214 4 83 36 224 22 120 28 131 35 201 16 211 12 157 38 8 21 180 9 22 21 233 4 4 1 34 1 87 37 165 22
217 25 1457 161 2 26 2 61 23 14 27 146 21 49 29 98 17 126 10 46 17 93 29 149 7 212 31 23 38 231 19 176 37 86 38 38 39 100 10 233 8 25 25 237 24 224 35 121 24 102 7 138 30
218 25 1512 37 16 124 27 68 21 150 19 146 38 41 11 38 38 51 17 59 5 177 26 160 3 181 3 219 31 178 30 88 36 232 34 213 35 43 11 75 14 161 12 143 31 154 30 28 14 169 18 89 15
219 25 1720 123 40 109 3 232 37 104 12 248 23 77 21 166 1 185 20 171 21 205 31 182 28 133 5 129 40 141 7 98 21 72 20 249 15 161 17 228 24 27 22 100 7 139 31 144 9 13 26 5 16
220 25 1553 140 4 78 6 83 20 216 19 39 36 122 40 225 20 234 28 149 13 11 7 184 33 133 23 55 18 123 39 127 14 81 34 198 15 16 33 171 13 14 40 138 36 227 16 178 9 12 12 153 34
221 25 1625 36 7 124 8 126 7 136 11 81 8 236 20 82 8 247 7 140 10 90 40 149 17 35 35 162 22 65 13 175 28 169 2 26 2 71 23 207 34 182 6 79 13 208 29 160 26 188 19 77 19
222 25 1637 217 24 243 33 17 37 109 20 83 6 210 15 102 11 215 14 23 39 33 19 230 15 208 8 206 23 67 34 169 6 92 4 18 16 41 16 245 22 9 40 5 23 71 37 244 14 175 36 242 6
223 25 1701 72 21 33 18 143 40 153 23 227 27 39 16 232 29 22 36 160 12 148 40 136 10 92 6 46 25 151 33 212 34 180 5 44 3 162 8 164 17 201 30 13 1 235 36 169 28 239 11 129 36
224 25 1766 240 12 34 18 156 4 62 7 178 31 103 3 55 17 111 18 33 33 209 27 3 36 242 13 153 5 202 14 235 22 219 27 104 4 158 30 127 26 169 27 228 21 172 4 101 21 115 12 124 39
225 25 1622 97 28 241 21 132 12 94 39 123 35 45 25 120 20 134 9 236 21 29 34 89 40 227 4 222 18 12 37 121 37 55 19 204 38 169 8 115 38 64 11 52 10 102 33 174 31 248 26 139 33
226 25 1595 224 40 30 30 232 39 223 10 219 1 76 37 117 33 57 24 164 11 61 19 153 34 118 35 226 33 217 25 29 17 127 4 8 33 50 36 37 31 74 38 248 2 214 11 19 29 236 31 31 14
227 25 1492 194 34 33 30 71 26 16 27 204 14 225 39 142 33 224 3 88 20 113 34 209 11 172 13 95 10 20 6 83 1 17 5 230 37 97 15 197 40 12 16 62 34 79 24 183 10 69 38 149 11
228 25 1455 125 32 213 39 212 22 104 3 166 4 150 22 115 18 126 11 72 11 136 19 44 11 209 39 15 19 169 13 149 9 187 20 161 35 31 4 111 16 11 26 17 35 206 30 71 30 43 23 67 12
229 25 1428 198 17 30 29 164 38 217 36 76 36 14 6 178 10 28 14 130 25 136 18 13 20 88 19 101 40 150 34 165 39 215 12 244 40 24 27 105 31 144 8 71 10 78 36 119 14 82 18 87 1
230 25 1390 35 37 62 37 158 27 61 26 21 14 45 6 36 14 241 32 131 34 157 30 79 39 170 15 60 24 106 17 182 28 144 38 81 10 97 7 202 35 9 17 219 35 112 32 217 13 124 30 31 4
231 25 1476 103 20 62 12 134 1 117 21 230 28 8 23 237 21 14 34 77 27 110 16 143 38 5 21 130 29 195 20 160 38 242 1 81 25 106 24 84 6 33 23 55 7 220 25 122 25 174 8 111 2
232 25 1581 193 4 38 13 153 7 59 12 178 36 135 20 159 2 5 2 185 10 96 27 106 24 238 31 75 34 126 4 7 36 147 21 9 15 64 23 203 32 55 32 200 11 131 38 244 7 171 40 186 8
233 25 1576 49 21 71 36 243 27 30 28 212 18 205 18 41 5 144 24 78 28 77 14 179 18 24 21 87 20 147 37 149 34 226 37 148 25 69 4 216 29 207 15 65 5 58 10 200 27 8 27 220 16
234 25 1696 6 15 199 3 214 15 99 5 29 27 13 15 74 9 25 8 164 3 174 21 158 10 215 37 150 37 53 9 145 14 46 10 218 4 242 22 191 3 248 19 119 10 175 32 209 31 11 24 216 7
235 25 1758 194 23 126 21 41 27 27 25 237 23 68 3 172 25 26 36 216 38 65 26 178 17 62 9 135 33 130 18 78 6 154 32 143 26 122 34 138 18 166 15 140 39 239 18 204 37 233 23 223 11
236 25 1458 190 19 182 9 135 36 40 15 75 37 248 36 51 13 69 32 8 38 132 13 12 13 111 3 140 37 11 15 179 33 95 11 234 28 29 8 24 10 212 20 78 1 178 38 175 28 152 2 156 15
237 25 1783 206 37 7 9 19 17 85 29 223 15 114 7 97 26 215 16 171 36 130 21 63 22 48 23 217 15 194 20 152 18 58 29 186 26 189 12 162 40 156 36 183 32 213 21 120 7 196 10 163 17
238 25 1549 160 27 219 9 119 17 56 4 36 7 93 13 127 9 170 6 212 11 135 38 107 9 191 19 151 30 97 16 202 11 125 21 40 23 22 38 129 37 174 26 118 31 12 6 130 27 210 31 63 39
239 25 1627 169 23 221 7 233 1 185 10 84 18 54 4 187 16 67 36 126 5 119 32 130 27 102 13 234 1 69 25 43 13 223 11 65 34 49 29 76 16 78 9 132 4 129 13 114 5 117 15 248 8
240 25 1601 71 9 90 16 181 10 201 16 94 15 36 40 70 27 158 17 22 26 7 34 219 13 172 7 185 17 203 33 221 30 103 23 150 12 49 31 54 31 156 27 227 23 157 37 229 6 145 10 3 22
241 25 1711 105 31 66 26 170 10 15 24 4 25 174 26 128 3 150 38 5 3 12 21 104 5 209 12 135 5 147 7 127 30 91 10 215 19 221 16 233 14 171 29 219 27 196 22 176 33 148 10 202 20
242 25 1573 180 36 66 29 159 12 115 15 38 3 56 19 144 2 199 26 187 1 160 18 101 18 236 17 21 3 121 21 94 13 32 33 230 39 13 38 229 5 174 40 18 27 74 26 33 10 248 4 219 38
243 25 1523 23 6 246 36 170 7 166 3 41 39 138 10 247 40 9 6 231 3 135 4 5 22 72 28 219 34 189 8 249 40 18 2 65 3 19 5 184 7 123 34 134 12 80 26 3 35 218 5 62 1
244 25 1494 161 33 44 18 34 8 177 23 248 38 220 21 102 15 139 38 167 4 37 10 7 22 33 26 9 15 13 36 192 24 198 2 138 2 23 1 118 6 238 7 47 9 210 31 247 38 150 21 36 39
245 25 1646 177 7 73 35 66 10 127 33 151 30 91 22 189 22 193 12 174 2 187 1 168 33 121 40 216 10 115 22 14 35 70 37 134 17 186 30 232 18 61 22 42 40 5 16 63 8 248 19 190 17
246 25 1789 83 33 246 10 132 4 116 23 237 40 142 29 99 36 247 26 137 38 74 20 151 35 155 2 213 4 49 23 226 28 138 35 147 29 91 32 141 39 32 14 87 12 159 16 117 18 163 32 197 16
247 25 1942 8 7 172 20 59 16 210 1 183 9 117 30 244 35 190 26 127 12 114 10 65 3 241 26 238 9 223 22 103 39 167 10 89 21 175 16 231 7 228 11 115 39 156 2 91 28 121 7 217 27
248 25 1833 109 9 112 18 119 6 199 1 104 28 81 40 56 23 246 3 183 4 32 4 211 2 149 12 221 32 249 11 148 27 127 6 227 1 203 35 26 13 66 2 220 38 53 27 200 39 181 5 144 32
249 25 1860 80 4 243 40 247 33 171 5 155 28 163 24 175 1 224 39 188 21 84 15 82 35 204 15 134 23 35 34 239 38 128 18 222 18 130 27 170 37 191 20 241 36 14 12 1 35 21 32 178 5
250 25 1248 35 32 78 11 67 22 55 31 71 5 110 10 70 1 239 29 117 11 27 40 100 28 187 25 101 38 59 13 141 8 97 25 22 16 48 28 107 34 218 29 38 17 121 19 10 1 158 36 221 16
251 25 1325 137 40 155 14 35 17 11 35 79 23 33 37 29 34 52 26 141 1 30 31 169 39 128 8 74 27 126 14 172 22 114 29 187 30 49 16 216 11 78 22 80 3 146 27 226 26 36 6 148 7
252 25 1631 176 1 184 4 84 12 199 17 93 12 92 33 249 3 158 27 239 15 98 28 216 39 151 13 35 38 220 23 15 28 81 30 128 14 13 31 185 23 189 29 125 21 2 33 223 11 21 1 87 8
253 25 1865 231 12 248 11 15 15 210 14 159 34 203 9 163 20 104 16 142 30 238 1 18 24 111 31 188 35 233 19 69 18 228 13 176 10 89 30 169 34 70 2 127 18 156 38 13 31 200 12 171 32
254 25 1712 21 36 94 12 174 38 226 22 25 37 59 24 119 6 63 29 247 33 232 36 224 8 225 10 18 27 62 37 138 4 98 19 70 31 152 3 229 16 197 5 136 20 95 12 113 33 195 15 212 32
255 25 1777 111 9 63 39 188 19 128 8 68 40 201 12 240 30 239 16 156 16 87 31 49 39 153 9 246 37 106 18 233 7 119 13 117 23 124 37 31 21 206 10 171 17 213 32 93 39 135 13 77 16
256 25 1406 98 25 181 16 50 28 218 9 18 23 187 10 36 35 183 6 151 4 58 7 197 9 96 39 219 18 27 24 133 14 39 2 150 1 67 32 220 35 20 39 49 38 138 34 3 2 119 23 156 9
257 25 1460 61 22 97 16 202 16 195 9 21 39 184 21 10 3 83 9 134 32 65 25 140 3 165 29 196 7 153 26 171 28 194 1 11 3 238 4 60 24 144 32 213 17 92 14 12 24 2 37 77 8
258 25 1551 2 28 30 28 196 37 184 30 243 6 7 8 186 9 32 5 183 3 58 16 124 2 5 5 16 20 49 24 66 37 217 13 246 24 181 35 167 10 19 14 239 16 159 19 190 15 132 3 171 6
259 25 1500 214 15 72 19 42 22 208 25 127 36 122 20 123 5 190 27 124 1 65 27 159 11 108 38 162 12 110 23 234 10 48 10 56 30 60 17 33 19 104 9 144 15 20 7 181 11 63 16 232 28
260 25 1809 3 30 100 32 109 1 103 39 155 9 55 10 156 16 149 24 58 8 207 26 161 23 236 19 214 16 92 9 129 31 223 9 170 26 229 12 241 9 186 21 240 30 117 18 9 4 35 8 242 38
261 25 1648 100 19 76 15 226 27 136 5 89 10 225 28 246 23 141 8 2 9 118 32 168 17 157 7 4 37 60 11 84 31 188 26 129 15 52 35 134 7 61 2 249 35 82 36 237 12 183 40 150 30
262 25 1356 91 40 36 37 56 39 14 7 31 29 18 8 86 38 83 38 204 16 176 14 39 36 48 30 121 17 92 33 226 13 102 7 12 19 165 9 130 20 136 10 229 13 230 6 2 24 155 26 231 31
263 25 1593 219 39 106 39 139 17 5 30 131 22 174 15 186 33 165 14 54 34 91 4 24 25 193 40 97 28 94 4 188 16 224 16 132 32 210 38 175 2 99 16 136 1 45 21 4 39 182 29 114 26
264 25 1604 113 23 224 20 249 7 7 16 101 5 109 24 10 10 242 25 112 33 135 19 105 2 41 20 212 5 240 15 215 33 21 18 8 4 108 3 6 23 73 22 92 26 181 1 209 37 183 31 213 38
265 25 1473 74 33 187 6 149 18 30 14 130 12 191 9 248 11 96 10 46 31 144 9 22 21 134 20 216 18 2 9 70 39 242 24 77 29 73 24 11 26 86 12 228 26 120 34 82 6 54 15 234 37
266 25 1517 86 35 60 7 51 19 8 21 190 39 62 34 77 1 186 13 201 23 220 4 52 15 225 31 120 18 188 23 133 34 70 20 113 26 10 31 185 12 71 23 244 26 160 16 221 24 88 5 13 11
267 25 997 198 27 127 40 27 35 10 1 19 13 2 38 242 16 15 24 96 39 35 38 32 10 53 33 165 5 86 24 21 20 7 18 106 3 40 24 49 17 139 33 240 28 26 35 92 31 152 1 16 30
268 25 1349 174 27 74 38 14 1 5 27 71 24 123 11 161 8 32 5 126 40 133 35 12 32 92 39 76 16 120 9 178 7 100 21 233 34 20 36 24 15 146 29 87 28 239 26 169 5 172 30 117 8
269 25 1709 111 40 231 12 17 36 221 26 45 7 195 7 189 8 16 27 193 21 1 11 219 19 180 10 235 29 146 18 198 15 147 31 204 29 12 31 97 34 66 11 40 30 138 30 230 33 218 14 70 16
270 25 1676 216 11 246 7 197 26 23 24 245 27 202 25 90 20 18 22 26 3 227 39 242 19 156 24 68 40 243 13 55 23 9 11 173 34 147 39 199 21 174 13 157 37 200 39 8 39 10 36 22 9
271 25 1507 154 35 177 9 38 26 218 33 125 15 46 7 219 11 245 29 99 36 214 34 24 30 195 24 49 13 234 24 34 4 189 1 100 17 140 15 67 2 84 13 68 30 39 6 30 25 224 21 2 19
272 25 1501 124 6 80 28 101 29 182 24 164 38 109 13 68 8 201 7 4 29 81 18 161 8 69 11 184 38 186 39 180 7 150 15 64 9 222 25 209 26 100 33 73 19 77 12 18 17 50 24 146 10
273 25 1677 63 6 130 31 209 23 228 4 173 30 182 14 164 38 153 38 114 11 243 5 85 37 125 31 158 25 40 9 118 5 189 40 92 28 60 10 232 9 45 6 148 39 180 2 28 34 49 1 146 13
274 25 1579 205 31 59 12 243 8 176 4 126 3 68 26 74 2 85 23 163 38 123 8 174 13 138 15 36 25 186 17 135 8 111 25 238 24 210 15 69 33 32 13 13 8 134 20 38 2 245 27 77 7
275 25 1493 234 11 152 40 20 7 156 4 16 29 121 13 12 2 159 23 126 32 145 10 91 33 115 35 154 15 128 38 101 24 14 17 86 7 186 27 205 24 212 2 62 34 176 23 5 13 228 32 82 38
276 25 1463 34 9 144 27 53 11 187 15 76 12 43 3 69 39 219 15 172 3 197 25 216 14 157 23 160 4 25 37 117 8 56 2 6 2 188 30 174 4 165 30 28 27 114 26 37 5 72 30 217 40
277 25 1730 144 34 94 13 216 3 18 10 241 34 198 8 135 25 199 14 215 13 150 19 224 17 187 17 124 14 123 25 89 25 29 13 10 21 88 32 50 30 104 13 229 21 67 23 52 12 247 34 227 19
278 25 1462 167 36 187 22 239 40 87 3 148 23 3 22 12 15 62 35 84 31 80 6 219 20 184 3 131 16 202 26 118 38 6 25 193 23 176 33 2 4 8 39 116 30 123 29 147 14 205 30 26 14
279 25 1738 98 16 216 31 198 18 158 1 104 26 179 39 162 23 153 7 108 34 53 27 155 20 78 37 249 4 62 15 204 37 89 13 182 14 183 21 1 1 232 26 218 12 167 19 86 29 67 25 75 19
280 25 1276 11 39 139 19 5 39 62 28 145 7 4 33 19 27 138 14 119 21 246 12 48 23 65 6 91 1 135 17 47 9 128 28 39 18 146 25 208 19 102 26 167 37 46 5 176 9 173 6 94 7
281 25 1704 66 28 41 1 248 13 117 37 90 35 236 9 113 33 144 9 162 24 170 3 81 6 51 37 140 17 77 5 244 3 243 9 180 15 190 18 30 36 36 1 233 21 219 7 225 14 56 36 17 27
282 25 1728 98 33 51 26 154 37 152 30 20 24 14 11 104 39 120 23 178 7 111 40 218 28 116 23 215 31 49 21 102 8 203 32 73 39 30 7 230 30 244 32 205 2 201 9 171 9 208 20 190 19
283 25 1880 239 17 214 11 63 36 69 23 20 29 158 31 93 26 201 19 197 32 21 40 183 35 235 36 103 33 223 14 104 34 112 22 132 24 157 33 117 26 221 34 96 33 241 18 232 7 101 4 229 23
284 25 1603 180 31 119 25 14 24 20 7 137 33 101 19 181 12 102 9 34 40 114 24 93 10 169 35 209 12 224 20 105 32 194 4 112 33 81 7 96 20 216 12 144 6 172 26 47 24 115 13 228 28
285 25 1552 38 29 206 34 100 39 47 19 163 10 102 9 212 36 231 30 111 40 5 15 75 32 218 20 219 3 114 13 186 34 40 25 84 28 183 26 91 31 146 35 71 29 60 11 101 33 232 5 69 36
286 25 1524 27 26 157 37 129 13 201 6 66 40 92 11 189 31 184 5 137 6 117 25 22 17 195 22 89 15 206 20 2 4 227 40 59 13 78 9 5 28 204 22 17 35 173 6 136 8 152 4 185 28
287 25 1472 110 37 56 17 140 14 201 15 65 2 220 31 81 30 25 20 169 12 37 12 53 34 19 17 111 16 136 24 231 21 131 31 27 38 247 18 181 29 214 27 103 33 137 15 62 3 45 12 144 1
288 25 1666 56 39 236 14 227 8 181 23 61 31 183 33 103 11 80 19 78 32 41 18 102 35 196 36 238 29 180 20 204 31 2 8 152 39 46 12 193 6 242 15 149 15 37 20 45 36 192 24 108 21
289 25 1153 145 32 197 33 21 27 62 10 210 4 66 4 22 27 144 19 150 6 24 32 88 20 104 14 165 5 28 12 45 34 55 23 8 25 201 32 13 27 82 16 70 1 71 8 152 38 12 5 171 5
290 25 1427 232 20 138 8 34 34 197 37 181 30 211 25 80 15 76 31 51 38 235 13 17 7 85 14 194 37 33 34 4 26 141 33 220 17 129 26 59 11 188 3 30 22 8 40 125 25 78 29 109 6
291 25 1438 95 33 52 22 238 8 14 3 171 40 37 24 164 36 42 13 233 10 243 12 32 32 244 40 153 40 134 30 78 13 28 14 79 27 25 38 223 17 121 24 116 6 117 3 29 19 58 38 151 19
292 25 1424 11 32 174 40 176 3 36 28 72 20 35 35 18 5 202 14 164 6 223 16 229 38 21 35 162 9 4 39 28 6 48 39 30 13 190 35 216 37 212 29 206 28 234 16 37 29 78 2 43 33
293 25 1618 40 40 86 16 144 6 91 22 14 27 11 34 126 4 195 2 151 12 246 39 79 3 124 34 109 2 225 36 73 17 214 9 85 32 142 23 105 18 238 28 191 5 51 25 147 33 156 22 193 7
294 25 1371 234 37 240 2 78 6 129 33 83 1 68 31 65 31 74 39 113 18 126 40 145 26 47 3 63 11 60 24 144 36 39 22 238 1 241 33 111 35 135 21 15 37 8 25 140 36 97 20 49 24
295 25 1483 241 15 213 23 27 13 103 40 158 40 18 19 87 30 210 20 111 16 24 23 170 23 60 35 82 8 1 11 81 39 167 31 115 21 216 21 245 10 120 23 19 10 223 28 91 22 97 33 88 32
296 25 1746 106 39 164 27 13 38 126 14 200 28 218 11 29 38 196 21 193 25 243 37 235 2 169 12 72 3 140 25 142 2 82 30 127 18 224 36 128 36 133 23 113 31 191 8 44 25 24 36 181 1
297 25 1376 119 1 154 12 153 14 18 34 155 19 146 13 49 38 209 24 137 4 108 39 226 31 200 18 130 25 104 14 136 6 100 7 19 11 91 22 159 27 68 9 132 1 9 31 11 4 27 4 92 5
298 25 1765 71 32 106 21 191 10 44 26 181 12 61 20 118 32 171 10 243 21 46 33 141 29 215 10 169 25 235 25 218 6 102 30 239 7 80 2 157 24 79 37 155 2 219 4 173 39 35 37 81 29
299 25 1588 61 29 143 32 130 37 47 16 186 34 27 6 213 4 155 16 242 30 174 40 136 35 148 11 87 38 146 24 160 8 32 31 38 17 134 27 245 2 93 21 6 31 108 10 204 24 165 37 96 18
