0 25 1728 119 198 81 73 208 35 238 287 48 123 51 125 221 98 69 227 145 299 45 232 41 65 120 9 91 174 166 189 192 80 204 160 229 184 82 86 70 22 222 17 196 124 143 66 172 12 142 218 162 189
1 25 1838 52 103 203 221 13 246 146 129 134 288 210 189 249 40 222 183 226 41 104 249 10 151 173 2 168 46 113 11 215 127 199 268 79 204 141 91 149 138 121 34 225 282 72 76 43 258 197 85 213 147
2 25 1853 194 115 19 196 132 16 60 92 133 86 93 50 116 246 242 157 96 180 179 179 206 161 152 131 82 196 140 80 230 104 226 226 168 197 121 51 14 132 193 46 70 185 248 35 232 189 243 27 118 122
3 25 1770 157 176 32 108 206 215 205 198 94 34 151 219 209 271 165 131 71 79 213 215 176 284 149 23 68 32 14 261 58 83 232 66 158 115 225 264 79 279 163 22 215 213 92 23 233 159 156 289 20 170
4 25 1528 64 203 169 239 220 52 102 232 162 284 113 227 94 179 202 9 157 130 221 280 196 133 22 269 118 182 176 23 120 145 42 33 97 212 123 18 224 250 77 260 14 103 3 193 106 261 101 188 133 183
5 25 1318 33 65 6 153 134 87 178 258 106 222 50 40 70 113 13 38 128 38 37 4 247 52 7 1 96 164 197 51 145 81 84 62 186 88 147 124 116 255 129 139 56 170 159 268 132 196 146 270 34 151
6 25 1465 68 37 59 71 133 173 135 179 175 132 111 210 145 296 48 241 69 163 47 249 1 102 168 159 222 102 156 217 223 91 169 140 78 128 162 160 250 149 140 274 30 100 34 224 147 233 66 17 95 163
7 25 1829 217 147 214 186 208 85 137 163 153 109 6 224 1 185 151 14 144 102 162 185 27 141 236 62 216 182 94 32 50 88 118 235 209 203 92 46 240 206 200 211 173 50 245 123 66 190 74 277 226 51
8 25 1297 20 161 12 285 194 106 16 43 145 261 110 231 72 263 222 267 54 180 66 253 42 189 55 289 163 222 128 39 198 4 189 119 64 252 9 171 102 106 34 164 136 105 210 71 33 189 88 137 232 126
9 25 1862 43 70 239 164 248 279 64 3 219 232 118 70 37 227 131 258 181 88 241 246 123 245 223 184 117 7 124 4 243 206 132 138 225 122 151 222 150 166 26 218 198 194 86 172 119 193 152 108 135 147
10 25 1470 81 81 71 166 197 79 240 203 22 195 134 59 69 205 161 143 4 277 20 221 26 63 109 61 237 280 6 188 37 90 219 223 159 235 19 238 176 271 61 170 154 21 190 10 231 284 113 159 204 233
11 25 1383 186 268 194 149 204 223 154 194 59 295 180 130 69 190 66 90 127 91 210 89 10 166 109 101 75 292 235 240 102 290 22 238 7 115 38 263 89 43 6 150 39 187 129 58 226 94 47 255 184 258
12 25 1772 243 195 73 204 197 50 145 183 141 148 72 212 135 181 229 274 67 16 248 68 105 236 46 162 213 191 110 17 126 17 12 72 142 67 219 293 211 53 133 108 175 296 45 105 124 218 97 293 236 296
13 25 1739 210 90 81 158 153 45 198 114 62 226 80 225 197 21 241 167 65 3 120 97 212 196 93 158 68 128 13 45 172 254 177 231 208 71 180 121 234 255 2 108 154 75 22 139 141 236 218 36 178 275
14 25 1548 137 297 204 136 59 18 32 32 123 258 212 30 131 43 2 264 200 204 124 53 180 25 68 229 117 103 96 254 182 72 141 231 78 228 189 295 210 220 18 169 83 47 149 275 201 213 24 256 136 76
15 25 1680 235 60 102 152 90 268 57 137 221 240 161 13 220 238 243 58 132 152 29 249 111 48 38 100 233 11 205 20 39 91 181 240 194 223 209 52 159 231 44 71 96 213 158 288 23 292 141 103 40 262
16 25 1808 14 39 182 51 240 266 213 296 235 251 86 168 242 132 140 252 233 200 83 278 71 230 141 30 219 265 221 211 167 13 172 130 203 206 82 293 45 288 58 47 176 127 139 257 168 240 67 174 19 189
17 25 1623 5 111 69 123 25 291 183 193 3 257 75 158 162 6 234 102 89 43 199 14 87 22 236 128 63 55 104 133 143 208 193 213 81 69 204 115 111 258 71 35 217 284 216 68 244 257 62 42 170 83
18 25 1437 130 44 70 110 6 24 213 140 219 70 84 231 2 202 86 267 114 196 39 1 212 73 93 130 42 286 186 53 105 135 111 150 7 170 155 232 182 296 50 154 129 233 207 82 120 75 98 65 214 48
19 25 1465 77 288 90 8 229 177 143 283 8 199 120 69 249 26 88 205 207 22 51 207 225 81 41 231 15 60 106 262 127 221 109 55 108 200 12 138 178 154 186 52 239 204 102 14 141 57 71 214 9 229
20 25 1398 88 89 71 71 155 230 78 16 106 100 226 160 207 27 23 144 55 126 115 290 30 4 145 81 217 137 89 39 1 197 169 138 238 189 60 92 137 108 28 186 133 240 44 262 62 139 166 38 154 157
21 25 1447 119 209 151 99 75 237 88 16 37 236 86 177 23 275 138 65 145 275 174 172 112 158 63 208 19 75 46 234 214 251 190 182 159 242 182 136 229 71 3 217 157 288 195 279 14 33 158 59 118 82
22 25 1359 70 176 244 229 44 70 77 280 183 277 121 114 138 63 48 75 41 268 9 274 16 54 105 30 151 239 96 169 72 217 66 146 189 137 22 68 139 235 137 3 232 213 195 100 241 203 75 257 8 181
23 25 1454 36 145 182 224 92 200 146 9 95 63 54 135 199 77 5 20 176 195 55 115 47 138 227 191 139 268 45 114 76 153 244 261 49 77 141 276 33 149 172 97 154 157 248 182 163 67 107 57 23 23
24 25 1692 203 211 202 195 151 121 89 64 96 243 210 108 144 186 195 184 64 78 134 287 174 189 245 221 70 57 140 278 63 112 117 74 102 11 75 274 40 69 196 1 228 139 87 22 122 152 149 157 88 25
25 25 1881 245 33 95 114 239 36 92 254 100 144 20 273 195 133 199 270 236 189 88 81 89 17 27 38 141 278 237 150 218 213 94 200 209 8 140 245 101 293 144 294 165 168 240 247 217 259 34 157 198 64
26 25 1616 247 64 233 224 53 276 153 289 75 172 168 71 112 77 13 106 129 155 151 24 219 168 163 267 134 23 152 292 72 66 39 185 98 64 238 75 128 199 140 83 19 62 244 97 24 101 28 131 201 151
27 25 1441 68 164 18 104 238 119 95 60 136 235 96 36 185 110 168 163 111 109 47 81 170 240 129 146 40 56 226 140 107 126 7 122 162 59 116 57 118 101 93 166 86 93 10 164 58 70 210 138 189 99
28 25 1385 166 84 140 122 61 29 30 237 188 201 131 149 11 96 207 181 247 300 46 84 142 295 3 159 22 18 77 112 19 93 158 266 106 139 195 294 26 297 125 226 157 72 183 187 70 234 182 104 79 236
29 25 1484 79 137 174 250 56 152 161 126 94 8 186 261 16 74 157 59 151 53 235 76 62 159 160 298 128 243 232 33 69 260 219 199 198 42 98 53 95 261 31 189 20 166 35 239 58 196 139 62 116 225
30 25 1698 40 226 73 18 120 256 150 291 215 70 39 62 213 89 16 108 99 96 98 120 113 248 107 251 157 204 91 71 85 7 95 77 232 217 246 151 174 247 243 138 217 82 151 179 20 169 236 270 166 33
31 25 1433 41 29 183 97 129 289 72 59 187 128 6 13 111 74 158 13 198 156 56 187 222 287 88 51 208 6 238 229 123 173 69 101 105 166 132 193 67 253 104 153 82 161 17 242 234 74 4 231 32 159
32 25 1384 118 153 145 7 5 104 14 43 232 136 165 101 37 119 20 63 184 72 18 139 53 278 55 144 212 181 247 194 112 8 111 14 52 17 119 8 32 63 89 268 229 191 204 147 108 23 161 194 46 131
33 25 1414 182 100 8 86 193 71 66 91 65 179 198 27 143 2 46 213 209 227 177 99 244 55 140 149 151 249 123 213 94 68 25 167 53 63 161 273 30 252 39 259 1 16 204 163 17 162 163 35 97 54
34 25 1291 183 199 2 106 11 248 75 206 222 144 108 286 204 132 68 7 121 76 8 188 30 261 46 175 140 88 239 224 186 292 59 284 245 16 146 292 40 51 16 83 58 201 139 290 120 145 112 145 4 49
35 25 1518 126 17 171 243 139 260 131 263 47 172 221 80 16 136 226 260 77 28 75 262 188 127 150 279 247 296 40 93 2 188 219 68 187 191 62 127 103 242 89 299 65 261 81 132 96 108 93 275 185 17
36 25 1652 36 124 146 35 152 144 80 241 86 133 230 6 18 249 163 95 203 6 135 253 20 196 33 54 243 242 17 129 165 4 52 160 88 54 155 120 246 42 202 226 248 204 95 48 216 91 172 26 104 143
37 25 1466 173 37 198 15 178 144 34 106 8 87 58 19 127 163 73 48 108 114 199 185 13 254 30 12 172 272 113 195 47 267 89 269 103 37 236 32 130 171 240 39 159 299 157 185 11 129 32 120 244 283
38 25 1725 155 207 38 186 218 209 57 231 5 206 149 244 26 251 130 13 234 159 85 275 247 244 223 5 162 5 78 146 61 84 133 298 154 94 106 36 198 163 143 89 86 222 153 71 132 88 246 80 231 18
39 25 1788 234 210 155 268 123 11 248 218 121 33 203 120 86 248 127 173 47 240 6 190 228 193 211 180 114 295 219 9 174 49 178 210 59 84 179 83 244 126 103 216 109 207 135 296 154 112 69 152 51 76
40 25 1681 241 130 119 204 111 284 248 80 44 23 130 121 134 190 155 213 73 50 90 25 216 248 81 300 244 136 213 164 137 265 89 28 96 207 33 207 40 232 138 233 154 217 156 238 57 62 202 131 161 291
41 25 1490 155 76 91 137 78 286 172 42 99 258 7 87 37 204 246 19 12 287 200 199 72 256 18 77 95 26 240 146 156 300 188 10 128 230 248 7 65 169 198 63 56 202 115 10 49 285 21 285 235 70
42 25 1267 6 190 39 84 136 14 73 83 119 25 220 230 54 200 27 210 16 47 57 229 124 63 232 138 122 180 125 242 66 109 163 172 150 51 7 235 164 32 67 232 138 213 59 289 189 168 105 85 76 135
43 25 1748 211 238 116 250 59 247 174 3 62 232 215 85 33 168 242 19 181 123 87 215 30 177 227 188 165 218 107 19 104 282 5 114 120 220 114 280 218 187 184 80 171 151 203 18 224 300 29 60 216 58
44 25 1716 136 145 247 153 62 155 23 167 137 128 81 108 249 44 239 17 230 225 98 152 25 63 205 144 70 80 45 250 191 161 110 179 157 108 163 253 86 151 130 16 129 111 197 41 224 94 192 198 6 298
45 25 1650 141 277 129 236 127 20 48 38 248 204 45 228 23 159 32 108 209 12 126 70 142 286 120 188 26 93 131 270 91 188 169 83 165 148 143 219 167 180 216 172 145 244 185 26 204 295 189 279 80 264
46 25 1444 34 269 42 126 1 63 68 189 233 251 5 280 20 247 100 289 228 65 10 253 209 156 139 237 59 234 175 289 150 107 152 83 125 293 160 76 7 128 216 240 230 120 121 201 116 221 93 37 195 248
47 25 1595 208 134 184 266 69 260 106 168 66 257 2 141 52 261 168 108 240 283 149 269 102 70 70 219 92 110 161 78 162 107 175 269 142 208 236 162 68 291 29 285 200 30 103 43 194 212 32 126 180 124
48 25 1377 97 121 185 109 100 247 168 275 67 259 234 5 223 153 1 138 148 283 164 150 27 158 12 10 35 72 64 203 137 262 75 72 174 70 140 298 188 100 34 92 22 136 41 225 73 288 109 287 237 196
49 25 1953 199 96 230 22 10 295 174 146 157 50 69 131 23 38 222 123 26 71 106 269 145 293 9 71 216 147 229 4 236 167 249 234 212 128 155 21 123 230 219 131 29 187 213 103 227 284 225 154 204 82
50 25 1687 72 200 75 33 70 92 231 50 195 266 216 293 1 230 22 205 102 46 186 220 228 216 209 240 218 135 123 243 38 29 124 161 128 150 245 250 191 175 51 35 42 19 179 142 148 3 48 249 233 221
51 25 1531 26 198 129 215 16 265 88 210 54 166 35 216 245 135 111 94 127 87 197 214 229 215 42 120 64 46 68 214 244 252 84 121 200 264 85 117 228 224 126 283 141 10 249 286 96 111 31 23 147 27
52 25 1728 188 175 143 31 247 258 27 16 222 170 67 57 242 168 73 76 184 52 202 61 35 192 173 233 79 18 243 112 92 291 40 79 218 183 110 264 238 31 63 159 47 172 100 217 144 27 52 295 228 13
53 25 1560 181 22 135 13 102 204 57 113 198 150 103 178 117 237 39 82 228 276 162 191 134 160 214 85 178 57 112 80 3 241 192 184 248 264 33 107 128 280 56 130 160 74 116 248 94 276 70 136 61 281
54 25 1445 51 246 159 109 7 188 11 297 181 146 161 8 44 26 140 252 103 220 209 283 131 32 50 128 38 45 153 7 82 264 87 232 211 147 217 34 3 65 164 148 175 71 193 152 13 244 105 34 202 39
55 25 1511 114 285 190 93 72 235 196 280 16 211 219 150 221 165 139 239 49 191 53 14 41 130 187 83 183 199 227 37 34 228 177 197 213 17 189 186 153 236 18 220 98 236 19 120 152 10 60 102 2 165
56 25 1639 116 42 146 4 25 78 204 151 217 237 30 293 235 94 111 225 82 63 113 249 33 162 186 103 232 87 162 91 139 64 107 4 205 52 9 281 80 12 81 296 198 13 188 184 158 49 58 189 163 72
57 25 1485 87 197 84 124 200 215 211 163 207 99 228 64 204 135 65 212 115 296 173 298 41 222 10 31 5 219 231 264 8 293 186 296 42 269 70 241 185 30 55 43 128 133 56 33 67 273 144 81 168 130
58 25 1536 111 139 191 41 245 110 171 258 217 215 195 212 206 13 83 96 249 112 1 42 91 135 149 23 201 223 18 233 43 235 63 253 73 253 169 62 115 77 30 129 21 294 87 186 126 132 84 188 134 277
59 25 1739 180 20 76 5 70 98 72 105 90 257 217 44 181 171 38 200 135 54 28 14 150 7 221 137 83 154 171 22 199 3 209 224 7 179 174 81 35 165 187 201 219 71 98 120 205 102 197 121 236 99
60 25 1426 177 6 35 261 59 7 134 250 6 89 209 31 195 239 54 175 123 269 163 173 229 184 45 276 153 102 29 202 174 216 2 152 71 286 63 132 93 198 231 100 236 141 80 133 129 234 9 51 154 74
61 25 1597 225 182 7 22 59 11 75 38 64 148 55 15 199 278 203 163 209 97 13 241 96 150 184 25 132 212 160 93 165 263 16 41 46 122 214 157 134 40 146 148 137 250 114 238 177 266 152 87 212 264
62 25 1787 130 9 116 213 186 147 226 95 239 190 10 156 233 57 229 148 113 213 188 158 162 126 208 25 215 34 193 267 223 156 132 252 165 147 164 250 96 39 46 36 131 257 42 15 64 220 12 278 51 136
63 25 1608 145 227 95 72 191 80 214 59 52 21 41 203 87 239 168 238 234 209 84 72 39 42 63 255 7 182 116 85 66 217 172 60 245 18 83 235 197 48 196 101 219 86 3 5 226 173 93 112 181 28
64 25 1616 83 21 221 197 175 228 78 142 114 195 160 35 57 4 152 189 191 200 37 36 50 5 223 55 161 300 177 55 111 59 234 45 29 255 41 105 182 71 48 297 215 108 33 23 213 134 12 153 235 148
65 25 1539 140 85 154 112 41 16 14 169 21 274 27 204 157 158 61 213 241 133 110 139 200 17 72 232 56 83 136 191 232 76 177 237 239 269 153 102 137 75 228 115 28 198 23 188 58 135 180 93 194 221
66 25 1743 242 113 41 113 96 247 248 231 239 229 6 215 68 297 233 170 98 71 75 185 225 174 7 212 84 293 94 226 238 214 117 252 179 47 102 226 28 240 135 206 74 31 190 45 181 210 240 105 246 64
67 25 1500 179 4 128 164 148 73 239 136 38 255 87 143 135 134 145 263 13 186 169 197 44 44 233 88 58 245 227 264 92 242 194 146 57 245 93 245 80 130 1 167 173 288 152 167 150 214 4 170 162 247
68 25 1503 13 89 132 300 198 278 78 264 69 119 157 16 140 166 61 232 212 40 214 165 158 86 52 61 54 101 74 107 120 136 206 182 126 139 233 276 166 162 139 234 30 247 202 171 64 262 105 26 3 268
69 25 1609 90 11 203 93 71 108 45 97 16 214 84 71 147 11 159 131 236 76 142 276 160 23 123 11 146 138 224 100 63 76 169 104 238 223 246 261 80 192 9 295 157 92 168 3 4 78 135 140 104 228
70 25 1653 215 215 151 89 77 196 227 52 147 141 127 165 247 17 37 192 229 168 134 137 164 240 180 31 195 133 111 231 24 66 59 191 209 31 108 56 9 102 100 237 168 146 55 156 189 33 23 224 121 288
71 25 1255 66 252 221 262 187 231 42 160 146 102 152 27 12 133 34 17 241 144 220 290 130 187 37 85 44 28 69 116 1 90 206 218 91 226 29 177 6 123 89 203 124 190 179 186 22 14 104 215 59 176
72 25 1689 56 40 164 143 224 208 22 45 125 172 186 230 190 278 5 20 7 62 242 295 114 118 144 3 60 257 58 224 117 235 229 257 249 73 232 8 46 176 182 218 61 64 109 39 220 78 195 32 141 295
73 25 1812 239 226 191 143 237 299 160 216 187 141 22 185 15 3 94 11 231 77 230 291 240 38 81 110 117 77 143 138 119 239 126 97 129 68 33 228 170 293 243 106 35 14 142 201 118 285 211 298 111 190
74 25 1772 241 253 129 173 14 198 152 6 235 120 196 13 66 225 132 51 202 101 245 46 8 279 161 299 179 178 242 228 198 83 70 100 162 192 15 11 143 22 95 65 217 109 182 293 41 82 94 41 126 241
75 25 1467 201 206 151 101 37 281 186 278 8 283 60 227 134 173 170 150 35 63 21 280 179 239 140 210 232 80 242 127 123 219 168 223 77 118 23 13 98 210 207 244 51 283 177 26 55 278 10 267 150 291
76 25 1793 147 139 131 106 220 262 99 248 34 120 165 108 246 133 83 8 182 92 139 36 1 73 214 226 77 142 88 295 141 280 43 231 162 49 200 124 249 248 209 120 167 115 48 299 224 180 140 274 177 175
77 25 1713 94 41 2 123 234 141 169 274 121 112 105 282 112 256 207 160 205 166 232 21 82 198 68 32 72 149 173 45 220 50 21 264 240 123 86 23 213 254 198 83 67 4 217 28 162 273 38 18 88 271
78 25 1974 238 171 218 256 202 239 56 127 136 26 76 6 191 17 30 178 241 195 233 138 177 300 194 145 227 257 168 266 174 7 236 64 230 104 69 131 94 226 157 181 1 184 89 291 118 220 240 12 153 180
79 25 1588 241 102 75 237 178 81 4 94 204 113 131 117 192 236 137 224 30 113 233 262 215 116 50 158 168 70 177 57 231 179 38 173 112 110 60 192 15 5 198 27 85 114 20 21 153 44 152 217 78 63
80 25 1669 183 143 163 240 60 32 117 19 14 247 106 89 179 118 98 138 211 164 44 58 43 278 174 62 178 157 3 244 234 266 226 79 130 18 140 63 134 58 28 32 166 66 210 285 63 147 195 127 240 103
81 25 1548 69 70 128 182 71 105 139 74 200 274 41 125 54 122 192 144 184 227 3 213 209 120 29 268 4 293 217 149 58 3 241 79 132 173 52 236 213 127 135 288 17 211 92 90 205 287 175 31 237 41
82 25 1384 159 215 211 214 208 279 64 78 188 168 19 67 199 293 118 234 55 246 120 294 212 231 35 251 87 71 25 117 162 263 10 172 128 270 37 137 100 251 214 287 168 34 103 117 28 172 102 84 17 122
83 25 1746 128 30 104 162 32 190 185 58 8 98 21 19 221 250 190 157 186 39 107 51 76 225 187 130 243 214 102 194 148 170 167 75 152 222 38 283 163 24 193 273 213 291 93 114 81 50 249 69 206 249
84 25 1883 194 132 185 224 74 299 177 170 148 198 186 122 149 158 61 184 72 185 228 44 7 192 235 250 105 117 199 203 35 206 203 31 190 288 156 13 138 34 134 85 181 170 58 132 229 170 217 150 206 94
85 25 1980 144 163 235 280 164 289 146 214 191 32 71 93 214 260 132 119 125 221 154 258 7 187 77 14 118 257 136 136 207 41 129 52 155 213 181 118 201 178 133 143 209 254 237 23 213 119 143 289 239 97
86 25 1540 197 96 85 125 161 104 32 148 239 240 117 43 245 131 175 65 133 2 47 225 60 152 213 284 65 81 227 53 172 25 51 19 61 176 31 214 59 79 204 300 19 70 142 213 2 166 177 34 167 176
87 25 1385 110 128 177 272 14 143 5 92 96 276 216 298 46 278 173 276 241 233 106 94 82 124 115 273 239 218 140 117 101 56 92 260 236 19 31 99 111 35 90 108 62 57 56 107 34 30 35 276 163 292
88 25 1751 171 246 116 87 69 256 104 108 222 254 64 265 101 134 147 1 44 34 142 102 197 298 9 6 183 40 190 110 102 183 182 300 68 218 205 71 177 77 226 292 92 92 244 25 90 246 170 123 187 223
89 25 1510 172 236 233 27 18 273 118 179 126 100 210 25 150 227 42 154 49 71 132 176 112 225 69 8 201 109 3 71 133 140 95 4 25 278 130 145 247 23 227 99 235 52 148 213 45 153 14 115 87 241
90 25 1647 79 111 60 236 214 120 140 286 202 79 30 106 206 59 237 102 86 124 37 284 210 138 83 23 84 135 199 21 76 29 34 235 16 47 204 255 182 208 234 61 115 291 170 251 242 179 38 267 117 223
91 25 1827 177 206 55 99 240 92 186 240 112 161 168 47 248 283 243 253 87 176 60 22 237 276 212 108 127 155 88 166 22 107 239 250 43 48 201 84 233 90 98 145 9 46 92 91 189 297 130 14 158 101
92 25 1605 52 184 115 161 162 19 101 27 42 57 165 141 118 160 240 219 45 224 160 294 169 169 190 112 211 230 108 90 193 68 141 297 51 107 109 112 127 159 138 121 217 253 111 35 214 253 5 158 26 116
93 25 1613 2 296 184 191 158 295 170 267 86 114 234 78 162 284 21 147 163 281 235 233 48 289 145 34 102 197 238 9 123 153 212 68 39 102 177 235 173 246 120 87 129 148 15 83 111 195 1 197 179 50
94 25 1766 85 124 133 36 170 120 147 144 224 8 164 264 112 242 34 187 222 272 68 271 172 232 3 41 44 300 193 41 178 192 75 53 113 125 195 161 18 221 218 283 236 29 225 186 215 163 59 186 230 279
95 25 1929 157 63 183 250 207 82 42 299 212 36 225 64 209 287 40 206 197 208 128 67 192 165 18 102 161 81 110 299 12 88 155 27 121 104 233 4 148 283 217 283 107 183 193 296 172 300 242 81 177 260
96 25 1258 23 94 57 292 45 219 72 5 67 36 92 124 212 14 179 46 70 226 178 136 60 284 20 3 79 244 154 173 124 283 134 98 176 42 140 270 111 213 29 248 68 104 209 131 133 106 52 60 33 140
97 25 1388 120 169 209 74 99 152 127 123 228 109 7 25 234 48 114 206 10 27 179 41 26 48 94 87 81 226 192 182 138 77 71 109 97 282 82 195 133 60 68 60 119 76 187 104 75 250 9 235 78 240
98 25 1599 225 106 137 118 42 217 146 135 201 185 161 171 243 207 152 174 54 37 133 223 98 153 148 284 57 172 186 17 158 13 58 132 70 295 52 61 13 149 196 113 183 158 86 77 215 187 100 218 84 140
99 25 1816 73 87 239 106 95 112 143 163 220 208 171 153 77 217 106 138 81 54 235 44 188 242 231 214 8 17 165 27 44 201 218 166 139 106 85 218 68 47 237 125 219 91 151 185 147 90 118 50 174 263
100 25 1443 90 168 243 205 77 161 172 4 104 72 171 121 160 79 246 294 63 92 84 237 11 24 37 297 20 227 164 122 2 126 113 71 17 48 81 240 203 34 61 23 107 172 102 217 198 214 209 81 152 121
101 25 1373 7 38 117 228 16 33 49 220 160 213 190 180 132 89 10 221 141 95 84 266 151 155 68 102 174 266 17 132 148 268 54 6 208 120 134 73 154 282 92 166 195 34 95 176 72 106 98 13 181 278
102 25 1314 3 38 145 106 111 112 123 44 12 192 147 267 99 218 150 74 174 234 15 39 128 150 35 55 72 240 4 284 91 85 213 195 122 159 51 34 221 225 29 284 166 175 100 117 194 150 40 69 183 6
103 25 1535 57 262 156 293 68 127 182 21 112 175 107 174 171 30 32 121 15 54 97 243 187 213 69 287 231 65 138 270 83 22 27 240 185 234 82 154 116 226 223 142 133 198 12 112 180 135 227 35 181 221
104 25 1445 72 195 190 110 25 154 97 296 136 70 173 277 54 8 61 257 170 176 182 92 119 16 40 30 230 271 214 106 205 147 178 128 41 167 87 16 35 63 158 54 34 209 145 294 67 264 121 151 57 289
105 25 1592 16 148 221 45 18 286 52 175 32 280 54 173 198 291 240 270 175 2 127 81 139 112 239 35 208 206 78 108 4 119 23 252 120 121 174 271 247 58 2 101 232 200 43 221 169 169 124 247 249 164
106 25 1716 158 290 248 215 247 247 45 54 51 163 26 54 101 95 126 118 23 33 21 125 164 70 217 286 240 135 110 236 136 175 146 125 175 12 221 71 156 124 123 218 226 20 98 204 196 165 128 35 50 94
107 25 1801 107 18 129 146 152 90 84 287 165 179 11 89 90 233 161 298 158 84 215 9 111 235 106 264 82 272 191 61 108 242 204 266 209 233 14 111 172 297 249 38 177 12 128 168 194 89 174 132 212 284
108 25 1516 168 219 100 99 242 190 59 299 132 13 165 90 197 180 52 18 126 101 158 154 14 285 21 159 73 238 12 48 119 73 138 43 83 36 234 272 194 35 105 258 201 297 4 230 98 272 207 100 131 10
109 25 1530 13 115 232 174 90 19 185 287 39 260 170 76 2 152 163 38 226 57 22 30 16 174 228 20 53 26 243 259 177 173 220 192 37 101 215 278 122 251 165 62 10 86 40 264 202 53 15 160 176 246
110 25 1685 176 49 174 297 153 101 39 161 129 263 232 220 49 32 236 279 155 287 43 69 246 80 58 211 119 61 13 285 21 138 181 198 186 6 94 88 158 284 100 186 183 106 146 67 191 224 121 179 168 89
111 25 1612 25 298 48 37 116 159 100 51 31 189 133 80 177 90 125 266 97 8 68 132 103 300 189 250 216 182 124 139 10 91 179 186 140 77 223 206 237 274 208 169 164 40 90 129 172 6 227 31 23 10
112 25 1310 85 74 1 284 90 232 57 30 93 300 58 229 89 136 53 96 122 228 153 42 241 194 81 74 14 238 200 94 12 262 228 85 76 243 172 5 187 71 13 265 62 148 69 57 146 160 213 287 105 104
113 25 1216 69 179 217 208 28 13 39 192 55 102 131 44 227 87 183 197 51 149 10 51 18 267 172 265 236 3 132 41 71 160 8 128 90 272 48 80 113 153 168 235 127 44 21 109 92 172 102 222 25 220
114 25 1812 145 289 247 230 144 130 171 264 190 230 194 279 101 241 8 63 195 291 232 79 118 75 50 76 69 23 183 72 196 109 241 40 200 139 219 193 68 291 56 9 20 51 137 172 37 188 237 18 167 54
115 25 1837 245 118 132 263 142 214 186 187 123 128 176 172 116 246 164 285 89 271 144 260 172 32 182 117 230 118 104 19 235 22 24 31 189 5 143 82 219 130 18 293 207 245 72 243 29 259 231 1 102 190
116 25 1445 224 283 223 190 213 242 44 233 129 267 156 159 58 61 204 239 131 33 7 23 90 203 188 263 45 268 73 127 18 224 169 94 9 141 33 173 35 228 205 263 195 160 121 52 22 24 240 2 59 248
117 25 1366 76 150 1 65 114 47 182 137 24 52 110 242 145 70 184 179 42 268 207 46 130 53 208 103 4 229 28 145 131 38 193 58 187 295 173 103 191 206 89 214 7 50 3 120 134 113 10 190 159 42
118 25 1658 92 116 94 97 196 73 41 26 161 85 236 297 129 258 101 120 113 89 135 172 91 292 76 62 184 159 124 143 48 84 36 41 249 79 187 47 204 78 224 14 62 259 43 216 163 112 229 53 98 2
119 25 1634 43 239 127 4 24 236 230 269 235 13 104 76 214 283 162 10 38 41 233 251 155 92 212 247 159 276 160 189 179 57 40 23 98 267 121 254 158 89 88 20 63 283 77 292 164 119 166 125 18 29
120 25 1524 121 26 57 232 165 85 241 156 159 88 222 237 60 75 96 49 15 68 143 229 52 171 107 94 136 126 153 250 239 231 173 66 187 56 32 123 146 188 34 183 161 22 43 188 68 243 102 85 137 230
121 25 1644 86 257 137 31 244 114 202 96 65 92 128 187 160 65 143 241 189 90 28 272 123 189 194 167 26 63 159 129 147 195 8 84 153 46 167 148 111 270 245 26 114 72 162 23 38 206 213 127 46 143
122 25 1637 50 20 133 195 36 210 207 46 238 155 192 147 141 246 195 157 193 155 128 87 230 291 160 144 13 98 1 28 26 148 22 177 19 4 54 265 228 201 104 235 142 200 175 189 246 133 131 51 210 119
123 25 1634 132 1 79 177 213 178 228 92 5 177 163 81 246 68 54 199 182 284 102 85 168 95 87 194 34 232 26 16 234 35 185 68 37 215 194 100 94 221 243 48 148 256 130 193 175 84 43 107 67 46
124 25 1380 243 36 91 279 29 124 13 6 139 48 140 25 65 127 141 59 28 134 31 272 183 180 129 113 24 54 98 19 160 66 164 102 101 204 83 81 229 147 136 270 44 177 144 61 155 285 71 84 120 253
125 25 1756 156 103 233 34 217 256 87 214 26 298 181 90 102 183 45 284 113 176 232 100 95 127 226 190 189 83 124 109 16 96 212 221 194 7 216 201 143 181 77 143 61 68 193 164 229 107 139 210 6 183
126 25 1893 86 233 73 275 65 298 135 181 245 196 103 94 141 159 209 94 154 241 222 146 89 139 147 54 167 153 93 128 160 27 165 43 101 189 159 201 176 41 123 194 239 164 204 199 92 80 194 270 244 141
127 25 1784 23 112 245 167 239 155 144 206 249 44 46 57 96 221 248 41 94 43 181 159 246 129 117 5 172 246 10 166 167 6 58 289 219 102 156 108 151 65 56 196 110 65 92 131 164 232 174 256 112 284
128 25 1487 53 42 100 157 114 147 119 31 113 26 138 153 44 241 58 53 99 160 167 204 56 27 70 247 209 233 180 34 188 143 217 41 186 166 151 12 69 131 124 294 220 276 11 36 40 159 97 109 152 135
129 25 1683 36 300 43 118 181 76 58 175 242 98 111 9 248 263 170 119 94 195 62 115 22 51 27 9 243 235 156 151 101 9 237 286 161 79 5 41 16 297 211 26 55 211 238 76 229 133 220 192 200 243
130 25 1760 95 76 152 37 213 259 239 215 67 275 227 53 156 68 158 18 185 6 30 112 62 40 1 189 68 36 60 12 235 152 210 155 242 224 63 280 188 80 204 89 208 58 97 277 64 11 74 145 222 237
131 25 1512 35 273 225 4 8 34 15 94 37 20 155 92 13 179 4 144 218 35 149 209 193 258 5 169 124 170 232 199 114 53 148 77 9 254 136 44 229 281 240 184 122 204 164 27 198 181 212 196 39 6
132 25 1564 154 243 176 229 212 157 30 178 64 127 90 25 130 226 170 100 56 100 41 89 73 94 102 250 193 135 113 89 123 120 44 218 247 274 81 254 53 258 217 219 37 108 245 216 133 114 116 257 229 188
133 25 1525 151 33 89 243 119 3 233 141 124 128 110 271 4 191 126 58 50 242 228 36 101 22 104 134 238 70 24 153 179 254 142 129 138 33 23 256 237 258 99 261 87 258 83 42 208 100 152 251 1 201
134 25 1418 192 236 240 12 211 44 42 65 187 270 54 219 244 110 108 153 10 70 142 19 152 83 69 9 34 70 9 113 58 9 215 2 197 204 157 247 6 223 83 227 127 104 72 238 163 27 47 282 18 265
135 25 1442 133 202 35 41 88 56 101 300 16 111 116 117 157 19 183 214 67 138 136 201 164 264 56 237 151 268 213 199 199 82 34 150 25 171 8 175 22 73 86 37 241 144 57 173 225 62 145 127 227 260
136 25 1573 133 113 113 202 26 111 3 157 176 235 242 228 210 114 85 234 235 9 21 123 51 115 131 173 123 207 184 219 34 162 81 268 74 143 219 101 205 71 160 31 8 201 60 117 217 246 152 101 204 125
137 25 1578 26 254 241 8 78 265 215 163 186 300 124 166 117 49 208 187 14 10 159 146 17 111 55 235 127 152 88 30 105 212 57 110 204 64 139 219 130 253 104 81 221 47 30 286 228 193 245 136 39 61
138 25 1320 148 245 95 227 97 82 56 253 146 64 115 299 27 153 17 209 106 122 89 133 44 88 161 73 123 238 218 67 125 56 229 123 200 173 149 96 201 51 19 215 100 297 67 18 7 224 42 298 59 135
139 25 1385 85 69 10 209 209 277 27 183 84 205 105 135 77 105 33 134 12 83 35 30 47 286 29 115 55 35 239 298 232 199 135 116 219 144 226 77 222 102 6 16 189 134 173 71 218 84 2 166 101 189
140 25 1284 94 16 143 278 156 293 110 4 77 177 22 20 3 99 43 54 60 249 112 125 239 245 197 212 12 133 116 115 48 17 203 241 32 298 18 137 140 279 92 218 6 265 139 160 163 231 215 224 129 76
141 25 1521 99 19 121 97 30 284 129 46 201 226 112 205 168 145 54 188 33 295 16 224 123 188 232 3 32 249 176 112 124 26 231 96 23 60 182 103 155 282 31 218 136 298 190 185 246 134 103 69 96 175
142 25 1556 59 297 13 179 107 40 240 130 166 120 178 240 230 109 42 36 92 174 104 27 122 67 18 108 63 52 162 33 199 137 193 145 47 155 225 153 245 65 234 12 184 11 51 115 121 292 1 12 16 156
143 25 1426 41 89 124 8 48 186 161 210 71 259 198 63 106 144 70 230 248 216 44 81 177 230 244 229 94 14 170 246 178 137 3 168 127 127 175 64 38 186 234 296 35 149 1 230 20 133 37 126 209 115
144 25 1711 55 252 143 151 168 14 48 95 201 53 164 179 131 292 205 294 179 40 130 77 76 280 177 55 211 83 237 237 142 203 93 143 45 245 112 258 95 58 10 197 221 91 229 115 245 172 37 3 69 162
145 25 1609 184 198 169 234 58 51 222 296 242 224 189 137 168 35 48 178 79 106 89 127 178 179 155 42 124 229 35 160 133 155 123 17 52 41 200 60 244 272 57 85 45 145 23 115 82 21 144 162 176 132
146 25 1499 189 105 213 45 97 238 75 83 199 8 187 221 24 41 214 273 52 157 246 258 43 243 205 266 59 86 136 152 47 163 35 287 117 97 134 165 184 160 149 182 17 288 55 242 28 168 217 179 76 262
147 25 1435 38 68 104 42 183 64 129 18 215 126 82 2 114 251 98 299 115 184 159 166 117 77 53 271 169 180 40 285 10 265 96 297 85 202 39 117 65 217 187 232 194 118 233 10 170 82 8 287 167 218
148 25 1518 2 186 45 4 56 65 133 98 199 44 164 46 40 198 49 78 117 16 97 253 172 231 92 64 59 228 131 178 81 266 74 134 173 288 118 22 188 111 238 134 150 85 234 280 101 199 176 155 147 217
149 25 1633 177 179 118 270 143 26 199 75 205 79 242 179 162 16 166 31 90 254 241 277 39 42 61 22 71 264 221 98 120 169 165 198 148 132 17 42 59 167 13 245 109 41 108 26 238 115 14 130 141 102
150 25 1661 72 204 175 244 169 147 92 88 216 56 38 115 139 256 106 147 223 23 209 119 183 102 27 58 12 16 75 75 48 15 178 121 120 154 66 188 201 157 166 264 215 182 152 20 87 48 194 111 159 13
151 25 1586 195 262 241 252 225 158 28 251 107 243 130 227 214 83 143 152 33 251 31 150 165 47 66 66 219 216 12 281 26 24 175 89 216 179 213 23 156 163 30 100 192 108 126 150 67 9 103 197 60 67
152 25 1926 193 293 184 60 161 201 123 92 76 146 168 64 211 196 128 86 202 242 117 101 233 74 164 11 26 182 119 128 178 280 246 72 222 179 84 83 230 6 126 107 54 243 73 266 89 250 203 192 242 69
153 25 1525 92 276 245 208 36 170 189 56 249 219 244 42 7 224 227 141 3 35 116 162 88 9 84 255 99 85 8 90 126 178 183 4 172 92 89 293 197 41 232 34 44 190 58 273 81 12 157 96 25 296
154 25 1635 206 8 150 106 243 59 247 120 39 132 23 112 173 164 105 207 12 145 209 143 31 105 82 240 227 62 203 135 210 228 80 117 187 131 192 169 1 230 200 125 41 275 190 197 33 51 142 94 45 24
155 25 1322 198 29 65 26 242 17 10 51 244 41 70 283 21 142 63 112 12 63 43 114 40 186 38 31 182 20 134 175 163 78 50 62 156 264 89 300 131 298 200 276 19 258 161 162 71 124 124 185 119 37
156 25 1709 126 154 76 207 87 247 90 214 12 169 163 173 127 127 164 26 9 61 177 134 151 148 94 163 159 266 136 284 4 72 228 159 247 36 246 194 125 111 107 295 123 281 221 99 96 9 207 225 243 7
157 25 1475 172 38 121 132 203 258 66 204 112 187 31 122 86 16 219 131 42 129 37 189 52 167 209 252 61 7 119 283 155 177 54 192 197 237 44 54 152 149 17 291 230 139 178 197 107 58 41 38 246 279
158 25 1480 189 162 89 142 124 245 4 242 229 8 68 32 101 266 119 196 170 72 195 88 214 226 176 41 172 135 100 212 95 242 164 59 181 255 134 177 111 228 6 220 45 187 221 63 7 66 34 31 12 221
159 25 1409 194 87 99 185 209 33 36 172 106 231 114 69 39 294 125 222 70 235 149 25 105 246 214 77 58 222 244 193 52 56 13 148 42 11 34 102 195 169 124 102 199 139 22 139 132 297 11 53 233 261
160 25 1456 230 189 56 145 115 265 116 159 9 70 114 22 117 107 132 300 109 179 70 234 80 19 172 202 107 255 100 269 59 232 38 121 137 84 135 204 152 295 212 271 60 185 139 67 217 290 27 95 209 260
161 25 1377 76 279 133 27 38 37 26 156 197 260 87 35 82 76 20 268 131 71 163 142 193 222 177 31 245 72 64 141 25 18 211 107 95 198 45 72 106 42 33 294 78 214 119 297 182 99 18 144 210 117
162 25 1702 221 243 205 117 214 170 159 98 247 26 5 122 8 300 244 215 143 28 9 272 242 29 168 175 80 87 220 224 99 186 94 293 192 110 158 212 68 156 58 195 14 262 17 73 213 210 88 157 239 196
163 25 1894 28 282 176 148 106 155 84 225 128 284 63 123 126 204 232 34 65 101 139 24 248 204 138 64 202 25 159 13 160 86 195 238 233 202 192 219 79 170 141 292 180 244 226 263 61 128 203 186 225 158
164 25 1605 23 238 35 77 112 200 235 27 111 172 21 98 107 222 240 75 161 28 242 154 7 136 231 271 48 61 183 287 182 158 125 267 134 238 66 20 16 26 241 88 224 47 162 65 223 213 77 253 5 80
165 25 1317 159 240 63 180 39 73 104 171 9 238 130 35 13 25 21 32 42 146 75 180 23 241 187 298 103 63 107 195 10 248 91 236 233 297 209 141 184 238 78 189 203 4 36 95 206 60 74 279 235 266
166 25 1517 15 182 119 230 183 127 76 92 175 134 33 62 168 229 222 160 114 210 87 102 42 110 149 289 115 161 214 293 95 280 60 278 200 141 62 276 116 3 52 201 137 216 218 267 37 27 180 148 166 281
167 25 1602 61 59 90 160 97 157 70 113 101 116 142 60 145 293 52 56 218 19 60 122 69 97 187 138 13 275 217 295 23 134 225 233 144 117 93 273 213 155 175 30 248 37 224 290 238 281 9 7 91 130
168 25 1846 177 239 168 167 3 193 133 47 117 268 22 51 111 190 195 253 114 109 207 138 89 104 224 64 245 214 47 154 172 187 235 248 127 253 14 229 247 248 176 263 67 49 163 178 190 207 232 203 218 41
169 25 1374 90 206 96 266 71 41 81 117 94 202 105 228 201 231 82 15 212 128 64 239 42 281 139 155 160 28 163 91 130 180 33 21 37 79 88 158 219 268 76 64 169 81 93 122 13 275 186 274 104 201
170 25 1831 212 296 231 250 202 90 177 66 133 258 96 115 229 134 145 16 193 63 86 69 128 256 51 221 77 263 247 212 139 152 215 252 97 45 52 100 187 230 116 171 90 163 85 218 46 230 235 39 194 20
171 25 1581 7 274 28 7 246 104 221 192 218 9 45 232 61 242 228 214 143 214 145 258 84 134 70 121 153 116 102 88 104 197 59 12 172 186 120 167 190 90 10 109 199 205 9 198 167 24 183 218 198 168
172 25 1846 202 67 240 206 234 193 195 139 90 204 150 11 191 271 30 182 211 39 11 243 31 21 140 148 194 182 232 261 129 99 214 247 89 270 83 31 114 71 222 269 23 183 160 243 243 3 152 85 113 197
173 25 1609 115 233 88 64 28 269 145 289 249 94 4 96 184 73 180 14 139 150 186 107 222 120 118 117 133 11 69 236 47 84 232 11 70 75 146 188 71 136 87 214 189 184 99 64 215 263 102 164 100 60
174 25 1331 238 71 178 154 103 90 124 288 186 107 72 298 127 91 22 30 195 209 18 210 99 53 209 262 17 173 15 231 222 275 20 142 2 173 146 143 96 285 3 156 227 229 48 251 128 195 162 197 6 160
175 25 1750 50 14 72 16 188 36 98 9 12 17 202 115 89 147 107 137 184 86 141 39 113 171 139 163 122 116 109 133 114 292 163 30 215 29 117 253 178 28 164 95 79 129 235 128 237 171 211 223 161 101
176 25 1488 87 283 189 101 4 56 9 38 170 224 32 132 5 298 162 24 192 103 16 136 31 196 72 158 132 145 120 6 207 21 44 240 109 44 195 17 54 183 186 228 216 19 134 13 209 15 222 161 180 159
177 25 1653 44 277 232 153 160 276 73 66 235 145 59 224 203 105 18 121 158 2 6 87 19 275 171 82 7 181 246 280 142 177 240 285 221 137 112 49 61 29 233 105 140 8 210 194 27 30 151 181 138 88
178 25 1544 99 64 210 30 120 90 27 51 183 105 40 219 209 12 106 273 212 16 151 144 71 90 203 30 135 30 161 36 60 148 75 158 136 240 132 277 68 32 110 273 73 78 181 87 35 253 248 253 44 125
179 25 1305 247 48 4 182 77 16 19 38 64 195 248 126 80 187 208 58 106 191 69 78 166 99 111 104 33 115 51 235 22 146 59 19 44 264 2 22 32 272 210 195 66 59 170 247 97 179 206 102 220 25
180 25 1375 132 87 23 94 40 157 158 242 94 132 138 254 50 33 20 153 4 1 24 165 145 41 123 266 187 219 247 94 171 266 18 4 54 240 93 149 154 234 142 135 86 105 164 240 161 214 113 75 210 103
181 25 1328 98 178 91 268 224 235 190 91 204 43 94 96 89 186 144 195 71 235 131 244 179 117 93 56 160 58 21 85 118 25 84 147 16 153 170 152 43 10 155 235 53 50 90 45 29 100 105 210 4 24
182 25 1612 116 111 46 250 130 270 185 226 87 288 245 38 182 206 45 218 108 146 243 299 141 62 209 221 212 65 80 129 121 183 104 87 96 149 88 125 119 275 153 5 14 299 95 245 55 191 112 64 238 205
183 25 1254 63 30 16 123 1 179 37 132 158 160 15 211 246 112 12 85 38 230 59 90 186 72 41 132 95 74 230 108 212 186 22 191 201 44 191 30 33 25 39 142 91 51 139 202 162 223 89 143 132 31
184 25 1495 79 105 171 12 173 267 36 102 76 247 87 48 39 189 93 30 20 177 56 58 120 196 209 208 197 22 183 37 115 216 17 293 220 237 106 192 53 141 145 29 239 83 78 28 222 270 109 293 147 214
185 25 1646 151 216 59 211 126 205 182 58 141 96 223 60 90 44 48 248 186 251 188 32 81 279 15 210 56 86 179 166 180 77 80 45 89 142 170 195 176 29 85 273 153 246 196 294 62 83 249 115 128 229
186 25 1627 179 287 184 66 65 151 195 294 229 127 138 167 120 9 11 145 237 248 220 89 245 34 84 238 45 19 183 95 83 10 24 113 48 9 230 213 110 124 58 88 152 295 7 22 103 119 168 91 137 179
187 25 1676 163 120 14 300 164 132 185 59 116 46 82 180 144 90 59 58 249 233 165 89 134 61 47 7 63 265 175 205 83 11 183 197 181 248 98 146 32 204 197 30 187 27 123 127 85 180 177 119 246 267
188 25 1190 155 6 13 111 120 78 187 24 112 98 8 160 30 105 157 125 136 39 81 135 20 169 211 242 195 47 223 174 168 170 190 22 25 5 84 46 21 121 47 120 78 256 1 134 12 27 52 107 54 271
189 25 1434 26 116 64 22 114 136 147 131 105 139 204 231 243 88 78 28 160 148 224 281 77 79 131 11 90 157 180 44 216 35 93 202 128 116 17 165 15 50 222 253 103 204 47 92 132 174 3 131 49 233
190 25 1276 208 127 13 18 68 272 49 61 139 235 227 81 138 156 98 54 72 62 53 293 166 108 199 264 101 232 37 204 62 237 88 121 63 3 131 274 38 193 162 272 121 144 11 226 91 265 148 205 69 42
191 25 1689 220 278 240 234 29 221 172 184 233 59 71 103 171 73 93 253 148 82 48 161 106 268 154 16 244 147 30 243 151 151 34 20 128 274 5 108 194 127 241 228 35 114 57 238 177 62 186 208 211 248
192 25 1440 13 278 102 81 223 150 112 165 200 262 249 271 42 174 176 249 67 154 40 47 90 105 179 198 92 255 59 129 114 269 77 279 30 59 221 229 70 138 130 184 138 150 25 211 175 29 132 16 125 171
193 25 1635 120 203 219 162 9 79 90 123 18 153 248 197 161 70 125 132 107 4 167 244 156 143 106 134 218 235 216 183 159 86 5 264 6 216 174 37 157 98 236 127 100 285 73 160 154 148 194 13 53 110
194 25 1345 208 160 153 214 144 120 200 209 4 260 146 108 23 4 75 147 240 84 94 227 110 194 161 232 55 16 231 148 130 86 108 88 195 262 3 238 54 198 86 263 46 294 138 299 20 84 38 203 29 264
195 25 1645 212 24 126 96 231 241 226 80 23 11 39 160 158 50 214 245 232 267 145 68 131 190 13 218 90 232 203 29 135 132 194 298 157 269 193 139 211 19 69 33 107 244 38 109 9 85 127 279 8 220
196 25 1803 21 175 159 205 228 187 39 111 182 36 217 250 31 208 62 251 126 295 181 184 90 119 192 249 205 34 225 285 142 182 154 115 7 114 169 284 152 57 146 33 44 162 184 76 245 26 248 289 157 182
197 25 1315 129 227 125 279 181 258 53 165 2 137 20 266 143 285 184 228 186 92 123 120 137 286 63 107 47 140 104 136 46 37 66 174 162 144 156 271 48 22 22 234 41 87 178 177 72 105 112 265 231 252
198 25 1631 215 183 216 73 80 205 128 217 3 265 184 26 178 29 32 300 226 153 72 112 196 260 189 222 134 146 86 98 74 216 99 40 201 166 62 232 21 92 23 108 183 248 235 61 31 136 188 36 207 101
199 25 1542 131 269 240 54 152 235 189 199 110 207 150 100 159 165 163 40 85 54 39 209 11 23 209 297 183 39 233 72 174 141 23 206 59 14 112 262 48 250 157 208 12 158 166 76 171 55 13 174 95 271
200 25 1445 135 67 179 83 201 270 65 25 45 56 47 53 16 210 164 178 59 65 190 267 73 1 75 288 26 245 38 118 241 161 104 258 39 287 210 60 1 234 205 8 132 207 224 91 170 153 234 242 18 58
201 25 1448 42 194 146 69 188 192 59 7 32 119 11 91 49 1 219 201 86 123 109 168 179 184 8 50 61 135 177 130 193 270 123 290 238 212 231 296 68 14 66 180 155 75 80 157 93 81 92 165 191 9
202 25 1633 45 276 169 46 61 131 130 39 10 72 234 61 247 245 93 145 64 7 210 94 213 136 175 71 28 105 162 94 95 273 40 120 241 135 232 121 117 272 182 138 181 165 51 180 59 243 26 22 201 137
203 25 1560 217 215 23 192 85 150 148 197 46 245 171 85 16 263 72 50 185 38 21 266 227 104 30 177 190 172 62 63 222 298 232 87 170 225 71 172 122 19 219 268 89 3 84 253 226 185 137 63 55 52
204 25 1875 140 60 133 166 246 274 187 7 87 261 205 70 247 26 144 169 149 17 190 167 185 230 170 120 83 247 154 269 160 260 73 51 20 5 168 165 129 57 174 67 217 280 236 115 85 254 97 274 72 181
205 25 1710 154 93 150 86 90 55 56 49 215 178 1 86 185 118 202 265 124 225 231 242 104 218 6 261 48 91 14 294 216 137 27 19 30 226 206 269 183 262 219 47 241 219 232 125 136 133 191 262 160 171
206 25 1396 53 65 90 11 25 237 103 290 133 268 77 209 39 56 186 246 224 218 209 92 14 150 160 147 226 97 132 167 110 193 189 13 7 229 175 282 17 279 171 199 48 97 57 88 102 293 34 227 212 292
207 25 1321 118 278 43 79 26 219 128 207 37 37 49 225 1 108 105 227 189 122 155 111 122 203 208 231 242 111 125 75 190 236 119 159 163 11 38 89 31 217 197 117 3 198 144 106 5 50 132 93 73 289
208 25 1606 5 295 193 162 225 284 99 111 164 186 179 272 199 291 211 239 222 177 37 140 82 234 135 39 138 35 22 82 57 110 187 251 204 250 77 140 76 177 50 139 63 178 163 213 20 123 203 191 202 239
209 25 1609 233 285 123 119 25 162 203 196 146 110 58 32 112 161 183 91 9 267 151 249 231 178 11 45 236 247 240 89 136 174 110 293 49 271 97 146 218 58 3 101 172 116 84 12 217 244 130 168 42 163
210 25 1420 97 55 157 298 242 206 188 180 143 263 156 252 7 6 74 204 1 292 61 106 192 182 73 277 45 139 70 275 8 164 137 207 220 95 154 61 50 293 92 142 158 47 164 52 119 217 52 162 180 59
211 25 1555 55 163 81 34 58 222 205 82 229 168 220 237 137 116 43 249 118 237 40 61 244 286 206 10 189 76 128 43 39 207 101 293 70 132 126 229 153 83 210 83 100 31 122 139 98 16 37 65 102 79
212 25 1734 126 248 214 83 207 205 108 234 97 146 243 47 90 14 230 268 142 282 203 117 201 85 88 241 182 203 30 99 56 158 124 153 23 6 209 177 15 95 225 60 239 222 101 104 151 268 145 185 19 99
213 25 1698 203 172 33 292 212 216 96 191 64 151 50 289 6 73 196 164 201 260 210 176 221 100 199 124 53 51 193 247 85 212 247 39 131 30 244 247 125 137 112 178 136 53 133 60 198 61 10 210 38 232
214 25 1613 59 136 5 212 186 250 160 173 11 7 145 37 143 240 85 19 76 99 246 64 153 128 123 52 178 183 63 237 170 197 245 57 103 156 193 252 118 167 162 124 177 158 69 98 99 140 223 149 35 236
215 25 1244 151 215 11 154 192 45 17 178 115 122 23 17 80 17 119 147 233 132 72 260 40 285 187 35 33 6 149 285 20 109 91 161 5 9 88 171 73 211 44 91 140 262 9 138 195 243 206 284 196 235
216 25 1611 172 230 6 184 115 211 182 201 132 42 91 42 197 99 31 169 223 93 214 264 83 76 224 222 120 68 131 75 201 276 211 172 157 18 8 121 180 289 22 161 233 164 4 81 34 1 87 177 165 202
217 25 1457 161 242 26 182 61 43 14 287 146 41 49 69 98 117 126 170 46 217 93 9 149 107 212 131 23 98 231 59 176 297 86 238 38 219 100 30 233 188 25 25 237 244 224 155 121 244 102 87 138 10
218 25 1512 37 96 124 267 68 121 150 79 146 198 41 131 38 78 51 37 59 85 177 86 160 263 181 183 219 251 178 170 88 116 232 174 213 255 43 231 75 94 161 272 143 151 154 230 28 254 169 138 89 295
219 25 1720 123 200 109 3 232 177 104 12 248 43 77 81 166 141 185 160 171 161 205 131 182 48 133 285 129 260 141 47 98 81 72 280 249 75 161 277 228 124 27 122 100 207 139 91 144 249 13 206 5 96
220 25 1553 140 104 78 126 83 140 216 179 39 196 122 60 225 20 234 288 149 213 11 227 184 113 133 123 55 178 123 219 127 14 81 194 198 115 16 293 171 113 14 80 138 36 227 136 178 189 12 212 153 194
221 25 1625 36 7 124 208 126 207 136 291 81 68 236 180 82 268 247 227 140 210 90 120 149 277 35 275 162 262 65 173 175 268 169 62 26 242 71 3 207 294 182 226 79 13 208 249 160 86 188 19 77 159
222 25 1637 217 4 243 293 17 257 109 40 83 226 210 295 102 151 215 254 23 299 33 99 230 195 208 228 206 43 67 74 169 126 92 124 18 136 41 76 245 82 9 20 5 23 71 277 244 294 175 176 242 6
223 25 1701 72 101 33 178 143 200 153 263 227 147 39 196 232 129 22 76 160 32 148 200 136 170 92 206 46 85 151 173 212 94 180 185 44 163 162 88 164 117 201 190 13 241 235 296 169 108 239 271 129 276
224 25 1766 240 72 34 38 156 184 62 167 178 191 103 223 55 217 111 218 33 113 209 47 3 296 242 173 153 165 202 294 235 182 219 27 104 64 158 190 127 26 169 267 228 141 172 44 101 41 115 252 124 119
225 25 1622 97 268 241 101 132 192 94 19 123 115 45 25 120 160 134 9 236 261 29 254 89 120 227 184 222 118 12 37 121 237 55 119 204 198 169 88 115 158 64 231 52 290 102 113 174 111 248 186 139 53
226 25 1595 224 260 30 210 232 299 223 70 219 261 76 237 117 173 57 4 164 271 61 279 153 114 118 55 226 193 217 25 29 57 127 104 8 13 50 256 37 171 74 298 248 62 214 71 19 269 236 291 31 114
227 25 1492 194 294 33 50 71 26 16 47 204 74 225 259 142 133 224 243 88 60 113 214 209 11 172 133 95 290 20 286 83 281 17 265 230 237 97 35 197 120 12 156 62 94 79 204 183 290 69 198 149 131
228 25 1455 125 172 213 219 212 282 104 83 166 184 150 182 115 38 126 11 72 131 136 79 44 231 209 99 15 299 169 113 149 49 187 20 161 255 31 44 111 16 11 146 17 195 206 170 71 30 43 3 67 172
229 25 1428 198 97 30 49 164 178 217 176 76 16 14 46 178 270 28 174 130 45 136 78 13 80 88 119 101 60 150 94 165 119 215 12 244 60 24 27 105 151 144 168 71 190 78 96 119 74 82 198 87 61
230 25 1390 35 157 62 197 158 207 61 226 21 74 45 66 36 274 241 212 131 94 157 150 79 39 170 75 60 144 106 57 182 168 144 38 81 90 97 187 202 175 9 277 219 175 112 92 217 73 124 210 31 224
231 25 1476 103 160 62 72 134 121 117 41 230 148 8 123 237 241 14 134 77 167 110 236 143 178 5 21 130 129 195 240 160 18 242 221 81 65 106 204 84 246 33 283 55 7 220 145 122 105 174 188 111 82
232 25 1581 193 224 38 113 153 267 59 192 178 276 135 300 159 2 5 262 185 150 96 67 106 204 238 251 75 194 126 164 7 36 147 201 9 135 64 263 203 272 55 232 200 91 131 58 244 187 171 280 186 268
233 25 1576 49 141 71 136 243 147 30 168 212 138 205 58 41 265 144 104 78 148 77 134 179 178 24 61 87 120 147 57 149 34 226 197 148 85 69 144 216 289 207 55 65 145 58 10 200 187 8 127 220 236
234 25 1696 6 295 199 43 214 295 99 265 29 227 13 255 74 49 25 68 164 63 174 21 158 90 215 17 150 217 53 9 145 274 46 150 218 44 242 82 191 43 248 119 119 10 175 192 209 251 11 24 216 87
235 25 1758 194 123 126 261 41 27 27 145 237 23 68 83 172 85 26 116 216 158 65 86 178 77 62 69 135 213 130 158 78 166 154 152 143 266 122 194 138 258 166 55 140 139 239 218 204 57 233 163 223 271
236 25 1458 190 199 182 109 135 196 40 295 75 157 248 76 51 213 69 172 8 158 132 73 12 273 111 103 140 217 11 75 179 33 95 171 234 28 29 68 24 270 212 200 78 61 178 178 175 248 152 182 156 35
237 25 1783 206 17 7 269 19 197 85 29 223 15 114 67 97 146 215 216 171 236 130 21 63 142 48 43 217 295 194 100 152 178 58 169 186 126 189 132 162 120 156 76 183 272 213 81 120 227 196 290 163 77
238 25 1549 160 27 219 109 119 137 56 264 36 7 93 93 127 129 170 266 212 31 135 218 107 69 191 119 151 110 97 196 202 11 125 161 40 243 22 158 129 177 174 66 118 211 12 246 130 127 210 211 63 279
239 25 1627 169 83 221 187 233 81 185 230 84 98 54 144 187 196 67 96 126 145 119 92 130 87 102 293 234 181 69 145 43 133 223 211 65 94 49 249 76 236 78 209 132 104 129 73 114 105 117 35 248 48
240 25 1601 71 249 90 256 181 210 201 76 94 275 36 60 70 187 158 97 22 186 7 154 219 213 172 147 185 137 203 253 221 250 103 43 150 92 49 131 54 151 156 147 227 243 157 297 229 266 145 250 3 202
241 25 1711 105 271 66 226 170 150 15 224 4 285 174 206 128 123 150 78 5 103 12 1 104 205 209 152 135 225 147 87 127 250 91 150 215 219 221 16 233 294 171 69 219 127 196 42 176 173 148 30 202 60
242 25 1573 180 256 66 289 159 152 115 155 38 143 56 179 144 22 199 166 187 181 160 258 101 78 236 97 21 63 121 21 94 173 32 173 230 199 13 38 229 245 174 100 18 167 74 66 33 210 248 244 219 298
243 25 1523 23 106 246 296 170 167 166 63 41 199 138 270 247 200 9 146 231 3 135 4 5 102 72 28 219 254 189 268 249 260 18 22 65 163 19 285 184 47 123 34 134 192 80 286 3 275 218 5 62 221
244 25 1494 161 13 44 238 34 148 177 3 248 238 220 221 102 235 139 38 167 124 37 290 7 222 33 286 9 235 13 176 192 224 198 202 138 42 23 241 118 26 238 107 47 9 210 31 247 198 150 121 36 139
245 25 1646 177 7 73 15 66 110 127 193 151 250 91 2 189 82 193 12 174 62 187 161 168 133 121 80 216 270 115 142 14 255 70 77 134 137 186 210 232 38 61 122 42 200 5 36 63 28 248 299 190 17
246 25 1789 83 213 246 150 132 124 116 23 237 220 142 109 99 76 247 286 137 78 74 300 151 115 155 202 213 284 49 263 226 68 138 215 147 69 91 12 141 79 32 34 87 32 159 236 117 198 163 92 197 16
247 25 1942 8 147 172 160 59 256 210 21 183 29 117 170 244 15 190 86 127 132 114 10 65 103 241 26 238 109 223 102 103 119 167 210 89 121 175 96 231 147 228 111 115 299 156 182 91 208 121 107 217 87
248 25 1833 109 9 112 298 119 86 199 121 104 268 81 220 56 203 246 203 183 244 32 44 211 82 149 292 221 92 249 291 148 167 127 106 227 241 203 95 26 253 66 282 220 298 53 27 200 299 181 185 144 12
249 25 1860 80 104 243 180 247 213 171 45 155 168 163 84 175 241 224 179 188 101 84 55 82 155 204 35 134 3 35 214 239 78 128 218 222 98 130 87 170 177 191 40 241 176 14 132 1 295 21 52 178 25
250 25 1248 35 32 78 271 67 182 55 231 71 185 110 90 70 81 239 249 117 111 27 260 100 68 187 265 101 138 59 273 141 188 97 125 22 176 48 288 107 254 218 229 38 177 121 59 10 61 158 176 221 236
251 25 1325 137 20 155 74 35 57 11 295 79 203 33 77 29 154 52 226 141 61 30 111 169 39 128 48 74 187 126 94 172 162 114 229 187 150 49 196 216 151 78 142 80 283 146 207 226 206 36 286 148 207
252 25 1631 176 161 184 124 84 272 199 177 93 12 92 73 249 243 158 247 239 175 98 268 216 79 151 213 35 178 220 123 15 168 81 290 128 114 13 111 185 263 189 229 125 81 2 273 223 111 21 161 87 68
253 25 1865 231 52 248 131 15 235 210 134 159 274 203 189 163 80 104 76 142 190 238 281 18 64 111 171 188 135 233 59 69 178 228 173 176 110 89 10 169 74 70 142 127 58 156 258 13 231 200 52 171 232
254 25 1712 21 136 94 92 174 178 226 282 25 297 59 204 119 286 63 109 247 233 232 216 224 8 225 230 18 187 62 217 138 284 98 159 70 191 152 43 229 76 197 225 136 300 95 272 113 253 195 135 212 52
255 25 1777 111 249 63 179 188 299 128 148 68 20 201 212 240 130 239 236 156 76 87 251 49 299 153 169 246 37 106 118 233 267 119 193 117 183 124 257 31 201 206 50 171 57 213 112 93 179 135 293 77 136
256 25 1406 98 145 181 36 50 248 218 69 18 263 187 50 36 95 183 286 151 84 58 7 197 69 96 199 219 38 27 4 133 54 39 82 150 21 67 52 220 135 20 239 49 258 138 234 3 22 119 3 156 229
257 25 1460 61 202 97 56 202 216 195 229 21 279 184 161 10 283 83 229 134 252 65 205 140 263 165 229 196 267 153 166 171 108 194 81 11 143 238 264 60 84 144 132 213 277 92 174 12 224 2 97 77 268
258 25 1551 2 168 30 268 196 177 184 150 243 6 7 188 186 69 32 25 183 243 58 276 124 222 5 65 16 40 49 164 66 217 217 133 246 184 181 75 167 130 19 174 239 56 159 259 190 35 132 143 171 206
259 25 1500 214 75 72 159 42 62 208 5 127 76 122 160 123 105 190 47 124 21 65 147 159 271 108 118 162 192 110 43 234 230 48 150 56 270 60 197 33 219 104 109 144 175 20 267 181 211 63 56 232 228
260 25 1809 3 90 100 112 109 161 103 119 155 89 55 290 156 276 149 104 58 268 207 166 161 283 236 279 214 96 92 69 129 271 223 169 170 186 229 132 241 49 186 81 240 70 117 118 9 124 35 268 242 98
261 25 1648 100 279 76 15 226 67 136 205 89 210 225 8 246 3 141 88 2 29 118 252 168 237 157 187 4 217 60 191 84 51 188 186 129 115 52 155 134 87 61 22 249 235 82 196 237 272 183 40 150 150
262 25 1356 91 120 36 297 56 139 14 67 31 149 18 68 86 198 83 38 204 116 176 214 39 276 48 270 121 137 92 153 226 293 102 167 12 139 165 169 130 180 136 110 229 53 230 166 2 164 155 106 231 131
263 25 1593 219 219 106 219 139 277 5 130 131 282 174 235 186 73 165 154 54 294 91 264 24 245 193 240 97 108 94 104 188 76 224 56 132 92 210 198 175 142 99 76 136 201 45 241 4 239 182 69 114 26
264 25 1604 113 3 224 120 249 127 7 76 101 65 109 144 10 270 242 185 112 273 135 239 105 22 41 100 212 245 240 95 215 153 21 78 8 144 108 23 6 283 73 22 92 166 181 261 209 17 183 251 213 138
265 25 1473 74 253 187 286 149 78 30 14 130 252 191 189 248 91 96 170 46 131 144 69 22 161 134 120 216 258 2 169 70 239 242 24 77 229 73 4 11 286 86 12 228 226 120 74 82 266 54 75 234 77
266 25 1517 86 235 60 107 51 219 8 21 190 199 62 14 77 141 186 233 201 23 220 264 52 195 225 171 120 58 188 223 133 274 70 260 113 226 10 231 185 132 71 83 244 286 160 236 221 244 88 45 13 151
267 25 997 198 107 127 220 27 135 10 101 19 133 2 138 242 216 15 204 96 299 35 118 32 130 53 93 165 125 86 4 21 300 7 218 106 283 40 284 49 137 139 233 240 128 26 255 92 31 152 241 16 270
268 25 1349 174 247 74 218 14 1 5 67 71 4 123 191 161 8 32 145 126 180 133 115 12 72 92 239 76 236 120 229 178 87 100 1 233 74 20 96 24 215 146 29 87 288 239 246 169 85 172 50 117 288
269 25 1709 111 240 231 152 17 216 221 246 45 207 195 247 189 268 16 87 193 241 1 191 219 239 180 210 235 49 146 58 198 215 147 11 204 129 12 171 97 34 66 291 40 10 138 230 230 153 218 174 70 116
270 25 1676 216 111 246 127 197 146 23 104 245 87 202 5 90 80 18 162 26 3 227 219 242 39 156 224 68 60 243 293 55 163 9 71 173 154 147 19 199 121 174 293 157 177 200 199 8 19 10 236 22 89
271 25 1507 154 15 177 9 38 246 218 33 125 195 46 147 219 251 245 289 99 216 214 294 24 90 195 124 49 113 234 84 34 24 189 201 100 297 140 95 67 222 84 193 68 130 39 86 30 185 224 81 2 39
272 25 1501 124 26 80 168 101 29 182 84 164 218 109 153 68 8 201 7 4 69 81 238 161 148 69 51 184 198 186 59 180 87 150 155 64 29 222 65 209 106 100 273 73 59 77 192 18 77 50 24 146 230
273 25 1677 63 106 130 131 209 63 228 144 173 110 182 74 164 198 153 38 114 211 243 265 85 217 125 111 158 245 40 109 118 85 189 280 92 168 60 150 232 189 45 206 148 79 180 262 28 134 49 41 146 193
274 25 1579 205 31 59 132 243 268 176 184 126 43 68 166 74 262 85 183 163 118 123 208 174 173 138 55 36 65 186 157 135 128 111 65 238 44 210 255 69 193 32 213 13 248 134 220 38 202 245 47 77 267
275 25 1493 234 31 152 200 20 87 156 4 16 269 121 253 12 182 159 183 126 92 145 90 91 133 115 175 154 155 128 198 101 104 14 37 86 67 186 207 205 44 212 222 62 134 176 23 5 193 228 52 82 118
276 25 1463 34 49 144 287 53 171 187 155 76 152 43 263 69 179 219 175 172 183 197 285 216 74 157 83 160 264 25 37 117 8 56 2 6 2 188 10 174 224 165 250 28 107 114 46 37 185 72 10 217 120
277 25 1730 144 134 94 53 216 203 18 190 241 134 198 248 135 5 199 174 215 173 150 179 224 277 187 137 124 74 123 45 89 165 29 273 10 181 88 12 50 130 104 133 229 1 67 83 52 192 247 174 227 99
278 25 1462 167 116 187 142 239 60 87 23 148 103 3 222 12 135 62 275 84 291 80 266 219 80 184 203 131 176 202 6 118 78 6 285 193 143 176 133 2 64 8 99 116 110 123 129 147 234 205 130 26 234
279 25 1738 98 96 216 131 198 198 158 101 104 26 179 59 162 123 153 187 108 154 53 267 155 220 78 77 249 124 62 255 204 37 89 153 182 254 183 181 1 41 232 106 218 212 167 179 86 169 67 145 75 119
280 25 1276 11 79 139 239 5 139 62 268 145 67 4 33 19 187 138 254 119 241 246 152 48 163 65 66 91 201 135 157 47 9 128 208 39 118 146 45 208 259 102 26 167 237 46 5 176 249 173 266 94 27
281 25 1704 66 208 41 181 248 93 117 157 90 175 236 149 113 53 144 109 162 4 170 263 81 186 51 77 140 277 77 65 244 123 243 109 180 35 190 278 30 156 36 121 233 121 219 147 225 14 56 36 17 127
282 25 1728 98 13 51 226 154 277 152 70 20 124 14 131 104 299 120 183 178 27 111 240 218 8 116 83 215 251 49 141 102 248 203 52 73 159 30 227 230 50 244 232 205 242 201 189 171 129 208 220 190 299
283 25 1880 239 297 214 71 63 216 69 203 20 169 158 71 93 266 201 19 197 252 21 240 183 75 235 16 103 113 223 74 104 74 112 202 132 264 157 53 117 26 221 274 96 13 241 298 232 287 101 204 229 183
284 25 1603 180 211 119 45 14 84 20 87 137 193 101 139 181 32 102 289 34 20 114 4 93 110 169 35 209 152 224 160 105 52 194 84 112 13 81 27 96 300 216 32 144 66 172 226 47 24 115 233 228 288
285 25 1552 38 89 206 174 100 259 47 159 163 50 102 149 212 16 231 90 111 80 5 195 75 72 218 300 219 243 114 153 186 194 40 125 84 248 183 206 91 271 146 195 71 109 60 251 101 73 232 205 69 156
286 25 1524 27 186 157 197 129 173 201 166 66 240 92 151 189 91 184 145 137 126 117 185 22 37 195 282 89 295 206 120 2 124 227 280 59 233 78 189 5 28 204 222 17 95 173 206 136 8 152 24 185 268
287 25 1472 110 257 56 57 140 94 201 95 65 2 220 291 81 30 25 260 169 132 37 272 53 254 19 177 111 56 136 64 231 121 131 91 27 138 247 118 181 249 214 247 103 233 137 35 62 263 45 232 144 281
288 25 1666 56 199 236 74 227 248 181 63 61 11 183 93 103 11 80 299 78 212 41 158 102 75 196 36 238 109 180 20 204 11 2 48 152 279 46 32 193 6 242 275 149 195 37 80 45 216 192 244 108 201
289 25 1153 145 132 197 33 21 207 62 290 210 124 66 64 22 167 144 219 150 186 24 292 88 300 104 234 165 145 28 272 45 174 55 143 8 125 201 72 13 247 82 76 70 101 71 88 152 158 12 145 171 85
290 25 1427 232 120 138 68 34 134 197 57 181 170 211 125 80 35 76 251 51 238 235 13 17 287 85 154 194 217 33 14 4 66 141 133 220 177 129 26 59 51 188 283 30 22 8 180 125 145 78 109 109 246
291 25 1438 95 193 52 182 238 68 14 203 171 180 37 164 164 56 42 193 233 250 243 172 32 172 244 140 153 220 134 230 78 193 28 174 79 107 25 198 223 177 121 204 116 286 117 123 29 159 58 78 151 179
292 25 1424 11 272 174 200 176 43 36 108 72 180 35 295 18 165 202 94 164 126 223 236 229 38 21 295 162 49 4 219 28 6 48 239 30 273 190 155 216 177 212 189 206 48 234 176 37 269 78 162 43 13
293 25 1618 40 80 86 236 144 86 91 262 14 147 11 254 126 84 195 82 151 72 246 39 79 143 124 54 109 62 225 236 73 117 214 249 85 152 142 123 105 138 238 168 191 65 51 285 147 153 156 242 193 287
294 25 1371 234 217 240 242 78 166 129 253 83 281 68 231 65 71 74 139 113 278 126 200 145 66 47 103 63 51 60 104 144 196 39 262 238 181 241 153 111 295 135 141 15 117 8 285 140 296 97 120 49 264
295 25 1483 241 15 213 243 27 213 103 280 158 100 18 219 87 150 210 240 111 256 24 203 170 243 60 155 82 108 1 151 81 199 167 271 115 81 216 141 245 170 120 3 19 90 223 108 91 182 97 53 88 172
296 25 1746 106 59 164 67 13 198 126 114 200 108 218 131 29 98 196 221 193 265 243 197 235 182 169 92 72 103 140 225 142 62 82 50 127 298 224 276 128 276 133 243 113 271 191 8 44 285 24 36 181 61
297 25 1376 119 101 154 192 153 94 18 194 155 99 146 133 49 258 209 124 137 284 108 79 226 171 200 118 130 45 104 254 136 66 100 187 19 291 91 62 159 87 68 9 132 101 9 91 11 84 27 144 92 5
298 25 1765 71 212 106 41 191 150 44 146 181 32 61 80 118 232 171 110 243 281 46 13 141 29 215 250 169 25 235 45 218 126 102 90 239 207 80 282 157 24 79 37 155 142 219 24 173 239 35 117 81 129
299 25 1588 61 109 143 12 130 17 47 76 186 274 27 26 213 84 155 96 242 230 174 280 136 115 148 111 87 138 146 4 160 128 32 171 38 177 134 267 245 82 93 181 6 271 108 170 204 164 165 297 96 238
