0 25 1728 119 198 81 73 208 135 238 87 48 123 51 125 221 98 69 127 145 99 45 132 41 165 120 109 91 74 166 189 192 180 204 160 229 184 82 186 70 122 222 117 196 124 143 66 172 112 142 118 162 189
1 25 1838 52 103 203 121 13 46 146 29 134 88 210 189 249 40 222 183 226 41 104 49 10 51 173 102 168 146 113 11 215 127 199 168 79 104 141 191 149 138 121 134 225 82 72 176 43 158 197 85 213 147
2 25 1853 194 15 19 96 132 16 60 92 133 186 93 150 116 146 242 157 96 80 179 179 206 161 152 31 82 96 140 180 230 104 226 126 168 197 121 151 14 32 193 146 70 85 248 135 232 189 243 27 118 122
3 25 1770 157 76 32 8 206 115 205 198 94 34 151 19 209 171 165 131 71 179 213 115 176 84 149 123 68 132 14 61 58 83 232 66 158 15 225 64 79 79 163 22 215 113 92 23 233 159 156 89 20 70
4 25 1528 64 103 169 39 220 152 102 132 162 184 113 127 94 79 202 109 157 30 221 180 196 33 22 69 118 82 176 23 120 145 42 133 97 112 123 118 224 50 77 160 14 3 3 193 106 161 101 88 133 83
5 25 1318 33 65 6 153 134 87 178 58 106 22 50 140 70 13 13 138 128 38 37 104 247 52 7 1 96 164 197 51 145 181 84 162 186 88 147 24 116 55 129 139 56 170 159 168 132 96 146 70 34 51
6 25 1465 68 37 59 171 133 73 135 179 175 132 111 10 145 96 48 41 69 63 47 149 1 2 168 159 222 102 156 117 223 191 169 140 78 28 162 60 250 49 140 174 30 100 34 24 147 33 66 17 95 63
7 25 1829 217 47 214 186 208 185 137 163 153 9 6 124 1 85 151 114 144 2 162 85 27 141 236 62 216 82 94 132 50 188 118 35 209 103 92 146 240 106 200 11 173 50 245 23 66 190 74 77 226 151
8 25 1297 20 161 12 85 194 106 16 43 145 161 110 31 72 63 222 67 54 80 66 153 42 89 55 89 163 22 128 39 198 104 189 19 64 152 9 71 102 6 34 164 136 105 210 171 33 89 88 37 232 26
9 25 1862 43 170 239 164 248 79 64 103 219 32 118 170 37 127 131 158 181 88 241 46 123 45 223 84 117 107 124 104 243 6 132 38 225 122 151 22 150 166 26 18 198 194 86 72 119 193 152 108 135 47
10 25 1470 81 81 71 66 197 79 240 103 22 195 134 59 69 105 161 143 4 177 20 121 26 163 109 161 237 80 6 188 37 190 219 23 159 35 19 38 176 171 61 170 154 21 190 10 231 184 113 159 204 33
11 25 1383 186 68 194 149 204 123 154 194 59 195 180 30 69 90 66 190 127 191 210 89 10 66 109 1 75 92 235 140 102 90 22 38 7 15 38 163 89 143 6 150 39 87 129 58 226 194 47 55 184 158
12 25 1772 243 95 73 4 197 50 145 183 141 48 72 112 135 181 229 174 67 116 248 68 105 136 46 62 213 191 110 117 126 17 12 172 142 167 219 193 211 153 133 108 175 196 45 5 124 118 97 193 236 196
13 25 1739 210 190 81 58 153 145 198 14 62 126 80 25 197 21 241 67 65 3 120 97 212 196 93 158 68 28 13 45 172 154 177 131 208 71 180 121 234 55 2 108 154 75 22 39 141 136 218 136 178 175
14 25 1548 137 97 204 136 59 118 32 32 123 58 212 130 131 43 2 164 200 104 124 153 180 25 68 29 117 103 96 54 182 172 141 131 78 28 189 195 210 120 18 169 83 147 149 75 201 13 24 156 136 76
15 25 1680 235 60 102 52 90 68 57 37 221 140 161 13 220 38 243 158 132 152 29 49 111 148 38 200 233 11 205 120 39 191 181 140 194 123 209 52 159 31 44 71 96 13 158 188 23 92 141 103 40 162
16 25 1808 14 39 182 51 240 166 213 96 235 51 86 168 242 32 140 52 233 200 83 178 71 30 141 130 219 65 221 11 167 113 172 130 203 6 82 93 45 188 58 147 176 127 139 57 168 140 67 174 19 189
17 25 1623 5 11 69 123 25 91 183 193 3 57 75 58 162 6 234 102 89 143 199 114 87 122 236 28 63 155 104 33 143 108 193 13 81 69 204 115 111 58 71 135 217 184 216 168 244 57 62 42 170 83
18 25 1437 130 44 70 110 6 24 213 40 219 170 84 131 2 102 86 67 114 196 39 1 212 173 93 30 42 86 186 153 105 35 111 50 7 70 155 32 182 96 50 54 129 33 207 182 120 175 98 165 214 48
19 25 1465 77 88 90 8 229 177 143 83 8 99 120 169 249 126 88 5 207 122 51 107 225 181 41 131 15 60 106 162 127 21 109 155 108 100 12 38 178 54 186 152 239 4 102 114 141 57 71 114 9 129
20 25 1398 88 89 71 171 155 30 78 116 106 200 226 160 207 127 23 144 55 126 115 190 30 4 145 81 217 137 89 139 1 197 169 138 238 189 60 192 137 108 28 86 133 40 44 62 62 39 166 38 154 157
21 25 1447 119 9 151 99 75 37 88 16 37 136 86 177 23 175 138 165 145 75 174 72 112 158 63 8 19 175 46 34 214 51 190 182 159 42 182 136 229 171 3 117 157 88 195 79 14 33 158 59 118 182
22 25 1359 70 176 244 129 44 170 77 180 183 177 121 114 138 163 48 75 41 68 9 174 16 154 105 30 151 139 96 169 72 117 66 46 189 37 22 68 139 35 137 103 232 113 195 200 241 3 75 57 8 81
23 25 1454 36 45 182 24 92 200 146 109 95 163 54 135 199 77 5 120 176 95 55 15 47 38 227 91 139 168 45 114 76 153 244 61 49 177 141 176 33 49 172 197 154 157 248 182 163 67 107 157 23 123
24 25 1692 203 11 202 195 151 121 89 64 96 143 210 108 144 186 195 184 64 178 134 87 174 89 245 121 70 57 140 178 63 112 117 74 102 111 75 174 40 69 196 1 228 39 87 22 122 52 149 157 88 125
25 25 1881 245 133 95 114 239 136 92 154 100 144 20 73 195 133 199 170 236 89 88 181 89 117 27 138 141 78 237 150 218 13 94 100 209 108 140 145 101 193 144 94 165 168 240 147 217 59 34 57 198 64
26 25 1616 247 164 233 124 53 76 153 189 75 72 168 171 112 77 13 106 129 155 151 24 219 168 163 67 134 123 152 192 72 166 39 85 98 164 238 75 128 99 140 183 19 62 244 97 24 1 28 131 201 51
27 25 1441 68 164 18 104 238 19 95 160 136 135 96 136 185 10 168 163 111 9 47 81 170 40 129 46 40 156 226 40 107 26 7 122 162 159 116 157 118 1 93 66 86 93 10 64 58 170 210 38 189 199
28 25 1385 166 84 140 122 61 29 30 37 188 1 131 49 11 196 207 181 247 200 46 84 142 195 3 59 22 18 77 12 19 93 158 166 106 139 195 94 26 197 125 126 157 172 183 87 70 34 182 4 79 136
29 25 1484 79 137 174 150 56 152 161 26 94 8 186 161 16 74 157 159 151 153 235 76 62 59 160 98 128 143 232 133 69 60 219 99 198 142 98 53 95 161 31 89 20 166 35 39 58 96 139 62 116 25
30 25 1698 40 126 73 18 120 56 150 191 215 170 39 62 213 89 16 108 99 96 98 120 113 148 107 51 157 104 91 71 85 7 95 77 232 17 246 151 174 147 243 138 217 182 151 179 20 169 236 70 166 33
31 25 1433 41 29 183 197 129 189 72 59 187 28 6 13 111 74 158 13 198 156 56 187 222 87 88 51 208 106 238 129 123 73 69 101 105 66 132 193 67 153 104 53 82 61 17 42 234 74 4 31 32 159
32 25 1384 118 53 145 107 5 104 14 143 232 36 165 101 37 19 20 163 184 172 18 39 53 178 55 144 212 81 247 94 112 108 111 114 52 17 119 8 32 63 89 168 229 91 204 47 108 123 161 194 46 31
33 25 1414 182 100 8 86 193 71 66 191 65 179 198 27 143 2 46 13 209 127 177 199 244 55 140 149 151 49 123 13 94 68 25 167 53 63 161 73 30 152 39 159 1 16 204 163 17 162 163 135 97 154
34 25 1291 183 99 2 106 11 148 75 106 222 44 108 186 204 132 68 107 121 76 8 88 30 61 46 175 140 188 239 24 186 192 59 84 245 116 146 92 40 51 16 83 58 1 139 90 120 145 112 145 4 49
35 25 1518 126 17 171 143 139 60 131 163 47 172 221 80 16 136 226 160 77 28 75 162 188 127 150 179 247 96 40 93 2 188 219 68 187 91 62 127 103 142 89 99 65 61 81 132 96 108 93 75 185 17
36 25 1652 36 24 146 35 152 44 80 141 86 133 230 106 18 149 163 195 203 6 135 53 20 96 33 154 243 42 17 129 165 104 52 60 88 154 155 20 246 142 202 126 248 104 95 148 216 91 172 126 104 43
37 25 1466 173 137 198 15 178 144 34 106 8 187 58 119 127 163 73 48 108 114 199 85 13 54 30 12 172 72 113 195 47 67 89 169 103 137 236 132 130 171 240 139 159 199 157 185 11 29 32 120 244 183
38 25 1725 155 7 38 186 218 9 57 131 5 6 149 144 26 151 130 13 234 159 85 175 247 44 223 105 162 5 78 146 61 184 133 98 154 94 106 36 198 63 143 189 86 22 153 71 132 88 246 180 231 18
39 25 1788 234 110 155 168 123 11 248 18 121 33 203 20 86 148 127 173 47 140 6 90 228 193 211 80 114 195 219 109 174 49 178 10 59 84 179 183 244 26 103 16 109 7 135 196 154 112 69 52 51 76
40 25 1681 241 130 119 4 111 84 248 80 44 123 130 21 134 190 155 13 73 150 90 125 216 48 81 200 244 36 213 164 137 65 89 28 96 107 33 107 40 132 138 133 154 17 156 138 57 162 202 131 161 91
41 25 1490 155 76 91 137 78 86 172 42 99 58 7 87 37 4 246 19 12 87 200 199 72 156 18 77 95 126 240 146 156 100 188 110 128 30 248 107 65 169 198 163 56 2 115 10 49 185 21 185 235 70
42 25 1267 6 90 39 184 136 114 73 183 119 25 220 30 54 200 27 10 16 147 57 29 124 163 232 138 122 80 125 42 66 9 163 172 150 51 7 135 164 32 67 132 138 113 59 189 189 168 105 85 76 35
43 25 1748 211 38 116 50 59 47 174 3 62 132 215 185 33 68 242 19 181 123 87 115 30 77 227 88 165 118 107 119 104 82 5 114 120 120 114 80 218 87 184 180 171 51 203 118 224 100 29 160 216 58
44 25 1716 136 145 247 53 62 55 23 167 137 28 81 8 249 44 239 17 230 25 98 52 25 63 205 144 70 180 45 150 191 161 110 79 157 8 163 53 86 151 130 116 129 111 197 41 224 94 192 198 6 198
45 25 1650 141 177 129 136 127 20 48 38 248 104 45 28 23 59 32 8 209 112 126 70 142 186 120 188 26 93 131 70 91 188 169 183 165 148 143 119 167 80 216 172 145 144 185 26 204 95 189 179 80 164
46 25 1444 34 69 42 26 1 163 68 89 233 51 5 80 20 47 100 189 228 165 10 153 209 56 139 137 59 134 175 89 150 107 152 183 125 193 160 76 7 28 216 40 230 120 121 101 116 21 93 137 195 48
47 25 1595 208 34 184 166 69 160 106 168 66 57 2 41 52 61 168 108 240 183 149 69 102 170 70 19 92 10 161 78 162 7 175 169 142 108 236 62 68 91 29 85 200 130 103 143 194 112 32 126 180 124
48 25 1377 97 121 185 9 100 47 168 75 67 159 234 5 223 153 1 38 148 83 164 150 27 58 12 110 35 72 64 3 137 62 75 72 174 70 140 98 188 100 34 192 22 136 41 25 73 88 109 87 237 96
49 25 1953 199 96 230 122 10 95 174 146 157 150 69 131 23 38 222 23 26 171 106 169 145 93 9 171 216 47 229 104 236 167 249 134 212 28 155 21 123 130 219 31 29 87 213 3 227 184 225 54 204 182
50 25 1687 72 100 75 133 70 92 231 50 195 166 216 193 1 30 22 105 102 46 186 120 228 16 209 140 218 35 123 43 38 29 124 61 128 50 245 150 191 75 51 135 42 119 179 42 148 3 48 149 233 21
51 25 1531 26 98 129 15 16 165 88 110 54 166 35 16 245 135 111 194 127 187 197 114 229 15 42 20 64 146 68 14 244 152 84 21 200 164 85 117 228 124 126 83 141 110 249 86 96 11 31 23 147 127
52 25 1728 188 175 143 31 247 158 27 16 222 170 67 157 242 168 73 176 184 152 202 61 35 92 173 133 79 118 243 112 92 91 40 179 218 83 110 164 238 131 63 59 47 72 100 17 144 127 52 95 228 113
53 25 1560 181 22 135 13 102 104 57 13 198 150 103 78 117 37 39 82 228 176 162 191 134 60 214 185 178 157 112 80 3 41 192 84 248 164 33 107 128 180 56 130 160 174 116 48 94 176 70 136 61 181
54 25 1445 51 146 159 9 7 88 11 97 181 46 161 8 44 26 140 152 103 20 209 83 131 132 50 28 38 145 153 107 82 164 87 132 211 47 217 134 3 165 164 148 175 171 193 52 13 144 105 134 202 39
55 25 1511 114 185 190 93 72 135 196 180 16 11 219 50 221 65 139 139 49 91 53 114 41 130 187 183 183 199 227 137 34 28 177 197 213 117 189 86 153 136 18 120 98 36 19 120 152 110 60 2 2 65
56 25 1639 116 142 146 104 25 78 204 51 217 137 30 93 235 194 111 125 82 163 113 49 33 62 186 3 232 87 162 191 139 64 107 4 205 152 9 81 80 112 81 196 198 113 188 84 158 49 58 89 163 172
57 25 1485 87 197 84 124 200 15 211 63 207 99 228 164 204 35 65 112 115 96 173 198 41 22 10 131 5 119 231 64 8 93 186 96 42 69 70 41 185 30 55 143 128 133 56 133 67 173 144 81 168 30
58 25 1536 111 39 191 41 245 10 171 158 217 15 195 112 206 13 83 96 249 112 1 142 91 35 149 123 201 123 18 33 43 135 63 53 73 153 169 162 115 177 30 29 21 194 87 86 126 132 84 188 134 177
59 25 1739 180 20 76 5 70 98 72 5 90 57 217 44 181 171 38 200 135 54 28 14 150 7 221 37 83 154 171 22 199 103 209 24 7 179 174 181 35 65 187 1 219 171 98 120 205 2 197 21 236 199
60 25 1426 177 106 35 61 59 107 134 150 6 89 209 131 195 39 54 175 123 69 163 173 229 84 45 76 153 102 29 2 174 16 2 52 71 186 63 132 93 98 231 200 236 141 80 133 129 134 9 151 154 174
61 25 1597 225 82 7 122 59 11 75 138 64 48 55 115 199 178 203 163 209 97 13 141 96 150 184 25 132 12 160 93 165 63 16 141 46 122 214 157 134 140 146 48 137 150 114 38 177 166 152 187 212 164
62 25 1787 130 109 116 113 186 147 226 195 239 190 10 56 233 57 229 48 113 13 188 58 162 126 208 125 215 134 193 67 223 56 132 152 165 47 164 50 96 139 46 136 131 157 42 115 64 120 12 178 51 36
63 25 1608 145 27 95 172 191 80 214 159 52 21 41 103 87 139 168 138 234 9 84 172 39 42 63 155 7 82 116 185 66 17 172 60 245 118 83 135 197 148 196 101 219 186 3 105 226 73 93 112 181 128
64 25 1616 83 121 221 197 175 128 78 142 114 195 160 35 57 104 152 189 191 100 37 36 50 105 223 155 161 200 177 155 111 59 234 145 29 155 41 5 182 171 48 97 215 8 33 123 213 34 12 53 235 48
65 25 1539 140 85 154 12 41 16 14 169 21 74 27 4 157 158 61 113 241 33 110 39 200 17 72 32 56 183 136 191 232 76 177 37 239 169 153 2 137 175 228 115 28 198 23 88 58 135 180 93 194 21
66 25 1743 242 113 41 113 96 47 248 131 239 29 6 15 68 197 233 70 98 71 75 185 225 174 7 12 84 93 94 126 238 14 117 52 179 147 102 126 28 140 135 106 74 31 190 145 181 110 240 5 246 64
67 25 1500 179 4 128 164 148 173 239 36 38 55 87 43 135 34 145 163 13 86 169 97 44 144 233 88 58 45 227 64 92 42 194 46 57 45 93 45 80 130 1 167 173 88 152 167 150 14 4 70 162 147
68 25 1503 13 189 132 100 198 78 78 64 69 119 157 116 140 166 61 132 212 40 214 165 158 186 52 61 54 101 74 107 120 136 206 182 126 39 233 76 166 62 139 34 30 147 202 71 64 62 105 26 3 168
69 25 1609 90 11 203 193 71 8 45 97 16 14 84 71 147 11 159 131 236 176 142 176 160 123 123 111 146 138 224 100 63 176 169 104 238 123 246 161 80 92 9 195 157 192 168 3 4 78 135 40 104 28
70 25 1653 215 15 151 89 77 96 227 152 147 141 127 165 247 17 37 92 229 168 134 137 164 40 180 131 195 33 111 31 24 166 59 191 209 31 108 56 9 2 100 37 168 146 55 156 189 133 23 124 121 188
71 25 1255 66 52 221 62 187 31 42 60 146 102 152 127 12 33 34 117 241 44 220 190 130 187 37 85 44 28 69 16 1 190 206 18 91 26 29 77 6 123 89 3 124 90 179 86 22 14 104 115 59 176
72 25 1689 56 40 164 143 224 8 22 45 125 72 186 130 190 178 5 120 7 162 242 95 114 18 144 103 60 57 58 124 117 135 229 57 249 73 232 8 46 176 182 18 61 64 109 139 220 178 195 132 141 95
73 25 1812 239 126 191 43 237 99 160 116 187 141 22 185 15 103 94 111 231 77 230 191 240 138 81 110 117 177 143 38 119 39 126 197 129 68 33 28 170 93 243 6 35 114 142 101 118 85 211 198 111 90
74 25 1772 241 53 129 173 14 198 152 106 235 20 196 13 66 25 132 51 202 101 245 146 8 79 161 199 179 178 242 128 198 183 70 200 162 192 15 111 143 122 95 65 217 109 182 193 41 82 94 41 126 141
75 25 1467 201 6 151 1 37 81 186 78 8 183 60 27 134 173 170 150 35 63 21 180 179 39 140 110 232 180 242 27 123 119 168 23 77 118 23 13 98 10 207 144 51 183 177 26 55 178 10 167 150 191
76 25 1793 147 39 131 106 220 162 99 48 34 120 165 108 246 133 83 8 182 92 139 36 1 173 214 126 77 42 88 195 141 80 43 31 162 49 200 24 249 148 209 120 167 115 48 99 224 80 140 74 177 175
77 25 1713 94 41 2 23 234 141 169 74 121 112 105 82 112 156 207 160 205 166 232 121 82 98 68 32 72 149 173 45 220 150 21 164 240 23 86 23 213 154 198 183 67 104 217 128 162 73 38 18 88 71
78 25 1974 238 171 218 56 202 139 56 127 136 126 76 106 191 17 30 178 241 195 233 38 177 100 194 145 227 57 168 66 174 7 236 164 230 104 69 131 94 126 157 81 1 84 89 91 118 20 240 12 153 80
79 25 1588 241 2 75 37 178 181 4 94 204 13 131 17 192 36 137 24 30 113 233 62 215 116 50 158 168 170 177 57 231 79 38 73 112 110 60 192 15 105 198 127 85 14 20 121 153 44 152 17 78 163
80 25 1669 183 143 163 40 60 132 117 119 14 47 106 89 179 18 98 138 211 64 44 158 43 78 174 162 178 157 3 44 234 166 226 79 130 118 140 163 134 58 28 132 166 66 210 185 63 147 195 127 240 103
81 25 1548 69 170 128 182 71 5 139 74 200 74 41 125 54 22 192 44 184 127 3 113 209 20 29 68 4 193 217 149 58 3 241 179 132 73 52 136 213 27 135 188 17 11 92 190 205 87 175 131 237 141
82 25 1384 159 15 211 114 208 79 64 78 188 168 19 67 199 193 118 34 55 46 120 94 212 131 35 51 87 71 25 17 162 163 10 72 128 70 37 137 100 151 214 187 168 134 103 17 28 72 102 184 17 122
83 25 1746 128 130 104 62 32 90 185 58 8 198 21 119 221 150 190 157 186 39 107 51 76 25 187 30 243 14 102 194 148 170 167 75 152 22 38 183 163 124 193 73 213 191 93 114 81 50 249 169 206 49
84 25 1883 194 132 185 24 74 199 177 70 148 198 186 22 149 158 61 184 72 185 228 44 7 92 235 150 105 117 199 3 35 106 203 31 190 188 156 113 138 34 134 85 181 70 58 32 229 70 217 150 206 94
85 25 1980 144 63 235 180 164 189 146 114 191 132 71 193 214 160 132 119 125 21 154 158 7 87 77 114 118 157 136 36 207 141 129 52 155 113 181 118 201 78 133 43 209 154 237 123 213 119 143 89 239 97
86 25 1540 197 196 85 25 161 4 32 148 239 40 117 43 245 31 175 65 133 102 47 125 60 152 213 184 65 181 227 153 172 25 51 19 61 176 31 114 59 179 204 100 19 70 142 13 2 166 177 134 167 76
87 25 1385 110 128 177 72 14 43 5 192 96 76 216 98 46 78 173 76 241 133 106 94 82 24 115 173 239 118 140 17 101 156 92 60 236 119 31 99 111 135 90 108 62 57 56 7 34 30 35 76 163 192
88 25 1751 171 146 116 187 69 156 104 8 222 154 64 165 101 134 147 1 44 134 142 2 197 98 9 6 183 140 190 10 102 183 182 200 68 118 205 171 177 77 226 192 92 192 244 25 90 46 170 123 187 23
89 25 1510 172 136 233 127 18 73 118 79 126 100 210 125 150 27 42 154 49 71 132 176 112 25 69 108 201 109 3 71 133 40 95 104 25 178 130 45 247 123 227 199 235 52 148 13 45 153 14 115 87 41
90 25 1647 79 111 60 36 214 20 140 86 202 179 30 106 206 59 237 102 86 24 37 184 210 38 83 23 84 135 199 21 76 29 34 135 16 147 204 155 182 108 234 161 115 191 170 51 242 79 38 67 117 123
91 25 1827 177 6 55 99 240 192 186 140 112 161 168 47 248 183 243 153 87 176 60 22 237 176 212 108 127 55 88 166 22 107 239 150 43 48 201 184 233 90 98 145 9 146 92 191 189 97 130 114 158 101
92 25 1605 52 84 115 61 162 119 101 27 42 57 165 141 118 60 240 119 45 124 160 94 169 169 190 12 211 130 108 190 193 168 141 197 51 107 109 112 127 159 138 121 217 53 111 135 214 153 5 58 26 116
93 25 1613 2 96 184 191 158 195 170 167 86 114 234 178 162 184 21 47 163 181 235 133 48 189 145 34 102 97 238 109 123 153 212 68 39 2 177 135 173 46 120 187 129 48 15 83 111 95 1 97 179 150
94 25 1766 85 124 133 136 170 20 147 144 224 8 164 64 112 42 34 87 222 172 68 171 172 132 3 41 44 100 193 141 178 192 75 153 113 125 195 61 18 21 218 183 236 29 225 186 215 63 59 186 230 79
95 25 1929 157 163 183 150 207 182 42 99 212 136 225 164 209 187 40 6 197 108 128 67 192 165 18 102 161 81 110 199 12 88 155 27 121 104 233 104 148 83 217 183 107 183 193 96 172 200 242 81 177 160
96 25 1258 23 94 57 92 45 19 72 5 67 36 92 124 212 14 179 46 70 26 178 136 60 84 20 3 79 44 154 73 124 83 134 198 176 142 140 170 111 13 29 48 68 4 209 31 133 106 52 160 33 140
97 25 1388 120 69 209 74 99 52 127 23 228 109 7 125 234 148 114 6 10 27 179 141 26 148 94 87 81 126 192 182 138 177 71 109 97 82 82 195 133 160 68 60 119 176 187 104 75 150 9 135 78 40
98 25 1599 225 106 137 18 42 117 146 135 201 85 161 171 243 107 152 174 54 137 133 23 98 153 148 84 57 72 186 117 158 113 58 32 70 95 52 161 13 49 196 13 183 158 86 77 215 187 100 118 84 140
99 25 1816 73 87 239 106 95 112 143 163 220 108 171 53 77 117 106 38 81 54 235 44 188 42 231 14 8 117 165 127 44 101 218 166 139 106 85 18 68 147 237 125 219 91 151 85 147 190 118 150 174 63
100 25 1443 90 68 243 5 77 61 172 4 104 72 171 121 160 79 246 194 63 92 84 37 11 24 37 97 20 27 164 22 2 26 113 71 17 148 81 140 203 34 61 123 107 172 102 117 198 114 209 181 152 21
101 25 1373 7 138 117 28 16 33 49 120 160 13 190 180 132 89 10 121 141 195 84 66 151 55 68 102 174 66 17 132 148 68 54 106 208 20 134 73 154 182 92 166 195 134 95 176 72 106 98 13 181 78
102 25 1314 3 138 145 6 111 112 123 144 12 192 147 167 99 18 150 174 174 34 15 139 128 50 35 155 72 140 4 84 91 85 213 95 122 159 51 34 221 25 29 84 166 175 100 117 194 150 40 69 183 6
103 25 1535 57 162 156 193 68 127 182 21 112 75 107 74 171 30 32 21 15 54 97 143 187 13 69 187 231 165 138 170 83 22 27 40 185 134 82 154 116 126 223 142 133 198 12 12 180 35 227 35 181 121
104 25 1445 72 195 190 110 25 154 97 196 136 170 173 177 54 8 61 57 170 76 182 192 119 116 40 30 230 171 214 106 205 47 178 128 41 167 87 116 35 63 158 154 34 9 145 194 67 164 121 151 57 189
105 25 1592 16 48 221 145 18 186 52 175 32 180 54 73 198 91 240 170 175 2 127 181 139 12 239 35 208 6 78 108 4 119 23 152 120 121 174 71 247 58 2 101 232 100 43 21 169 169 124 47 249 64
106 25 1716 158 90 248 15 247 47 45 154 51 63 26 54 101 195 126 18 23 33 21 25 164 70 217 86 240 135 110 136 136 75 146 125 175 112 221 171 156 124 123 118 226 20 98 4 196 165 128 135 50 94
107 25 1801 107 118 129 46 152 190 84 87 165 79 11 189 90 133 161 198 158 184 215 9 111 135 106 64 82 72 191 61 108 142 204 66 209 133 14 111 172 197 249 138 177 112 128 168 194 189 174 32 212 184
108 25 1516 168 119 100 199 242 190 59 99 132 13 165 190 197 180 52 18 126 1 158 154 14 185 21 59 73 38 12 48 119 73 138 143 83 136 234 172 194 135 105 158 201 197 4 30 98 72 207 200 131 110
109 25 1530 13 115 232 74 90 19 185 87 39 160 170 176 2 52 163 138 226 57 22 30 16 74 228 20 53 26 243 59 177 173 220 192 37 101 215 78 122 151 165 62 10 186 40 164 202 53 15 60 176 146
110 25 1685 176 149 174 197 153 101 39 61 129 163 232 20 49 32 236 79 155 187 43 69 246 180 58 11 119 61 13 85 21 138 181 98 186 106 94 88 158 84 100 186 183 6 146 167 191 124 121 179 168 89
111 25 1612 25 98 48 37 116 159 100 151 31 189 133 80 177 190 125 66 97 8 68 132 103 100 189 50 216 82 124 39 10 91 179 86 140 177 223 6 237 174 208 69 164 40 90 29 172 6 227 31 23 10
112 25 1310 85 174 1 84 90 132 57 30 93 100 58 29 89 36 53 196 122 28 153 142 241 94 81 74 14 38 200 94 12 162 228 85 76 143 172 105 187 71 13 65 62 48 69 57 146 160 213 87 105 104
113 25 1216 69 79 217 108 28 13 39 92 55 2 131 144 227 187 183 97 51 149 10 151 18 167 172 165 236 3 132 141 71 160 8 28 90 72 48 180 113 53 168 135 127 44 21 9 92 72 102 22 25 120
114 25 1812 145 189 247 130 144 30 171 64 190 130 194 179 101 41 8 163 195 91 232 179 118 175 50 176 69 123 183 172 196 109 241 140 200 39 219 193 68 91 56 9 20 51 137 172 37 88 237 18 167 154
115 25 1837 245 118 132 163 142 14 186 87 123 128 176 172 116 46 164 185 89 171 144 60 172 132 182 17 230 118 104 119 235 122 24 31 189 105 143 182 219 30 18 193 207 45 72 43 29 59 231 1 102 190
116 25 1445 224 183 223 190 213 42 44 33 129 167 156 159 58 161 204 139 131 133 7 23 90 3 188 163 45 168 73 127 18 24 169 94 9 41 33 73 35 128 205 163 195 160 121 52 22 24 240 102 59 148
117 25 1366 76 150 1 165 114 147 182 37 24 52 110 142 145 170 184 179 42 168 207 146 130 153 208 3 4 129 28 145 131 38 193 58 187 195 173 3 191 106 89 14 7 50 3 20 134 13 10 90 159 42
118 25 1658 92 16 94 197 196 173 41 126 161 185 236 197 129 158 101 120 113 189 135 172 91 192 76 162 184 159 124 143 48 84 36 41 249 179 187 147 204 178 224 114 62 159 43 116 163 12 229 153 98 102
119 25 1634 43 39 127 104 24 36 230 69 235 113 104 76 214 183 162 110 38 41 233 151 155 92 212 47 159 176 160 89 179 57 40 23 98 67 121 54 158 89 88 20 63 183 77 92 164 19 166 125 18 129
120 25 1524 121 26 57 132 165 185 241 56 159 188 222 37 60 175 96 49 15 68 143 129 52 71 107 94 136 126 153 50 239 131 173 66 187 56 32 123 146 188 34 183 161 22 43 188 68 143 102 185 137 130
121 25 1644 86 57 137 31 244 114 202 96 65 92 128 87 160 165 143 41 189 90 28 72 123 89 194 167 26 163 159 29 147 95 8 84 153 146 167 148 111 70 245 126 114 172 162 23 38 106 213 127 46 43
122 25 1637 50 20 133 195 36 110 207 46 238 55 192 47 141 146 195 157 193 155 128 87 230 91 160 44 13 98 1 128 26 48 22 77 19 4 54 65 228 1 104 35 142 200 175 189 246 33 131 51 210 119
123 25 1634 132 101 79 77 213 178 228 92 5 177 163 181 246 168 54 199 182 184 102 185 168 195 87 94 34 32 26 16 234 135 185 68 37 15 194 200 94 121 243 48 148 56 130 93 175 184 43 7 67 146
124 25 1380 243 136 91 79 29 124 13 106 139 48 140 25 65 27 141 59 28 134 31 172 183 180 129 113 24 154 98 19 160 166 164 102 101 104 83 81 229 147 136 70 44 177 144 61 155 85 71 84 120 153
125 25 1756 156 103 233 34 217 156 87 14 26 98 181 90 102 183 45 84 113 76 232 200 95 127 226 190 189 83 124 9 16 196 212 21 194 7 216 1 143 181 77 43 61 168 193 64 229 107 139 10 6 83
126 25 1893 86 33 73 75 65 98 135 81 245 196 103 94 141 59 209 194 154 41 222 46 89 39 147 54 167 53 93 28 160 27 165 143 101 189 159 101 176 41 123 94 239 164 204 99 92 180 194 170 244 141
127 25 1784 23 112 245 167 239 55 144 6 249 44 46 157 96 121 248 41 94 43 181 159 246 129 117 5 172 46 10 166 167 106 58 189 219 2 156 108 151 65 56 96 110 65 92 131 164 32 174 56 112 84
128 25 1487 53 142 100 157 114 147 119 31 113 26 138 53 44 41 58 53 99 60 167 4 56 127 70 147 209 33 180 134 188 143 217 41 186 166 151 112 69 131 124 94 220 76 11 36 40 59 97 9 152 135
129 25 1683 36 100 43 18 181 76 58 75 242 98 111 9 248 163 170 19 94 95 62 15 22 151 27 109 243 35 156 51 101 109 237 186 161 79 5 141 16 197 211 126 55 11 238 76 229 133 220 92 200 43
130 25 1760 95 76 152 37 213 59 239 15 67 175 227 53 156 68 158 118 185 106 30 112 62 140 1 89 68 36 60 12 235 52 210 155 242 24 63 80 188 180 204 189 208 58 97 77 64 111 74 45 222 37
131 25 1512 35 173 225 104 8 134 15 94 37 120 155 92 13 79 4 144 218 35 149 9 193 158 5 169 124 170 232 99 114 53 148 177 9 54 136 144 229 81 240 84 122 104 164 27 198 181 212 196 39 106
132 25 1564 154 43 176 29 212 57 30 178 64 127 90 25 130 126 170 100 56 200 41 189 73 194 102 150 193 35 113 189 123 20 44 18 247 74 81 54 53 158 217 119 37 8 245 16 133 14 116 157 229 88
133 25 1525 151 33 89 143 119 103 233 41 124 128 110 71 4 191 126 58 50 142 228 136 101 22 104 34 238 170 24 153 179 154 142 29 138 133 23 156 237 158 99 61 87 158 83 142 208 200 152 51 1 101
134 25 1418 192 136 240 112 211 144 42 65 187 170 54 19 244 110 108 153 10 170 142 119 152 83 69 9 34 170 9 113 58 9 215 102 197 4 157 147 6 23 83 27 127 4 72 38 163 127 47 82 18 165
135 25 1442 133 102 35 141 88 56 101 200 16 111 116 117 157 119 183 14 67 138 136 1 164 164 56 137 151 68 213 199 199 82 34 50 25 71 8 75 22 73 86 137 241 144 57 173 225 62 145 127 227 60
136 25 1573 133 113 113 102 26 11 3 57 176 35 242 128 210 14 85 34 235 9 21 123 51 115 131 73 123 7 184 119 34 62 81 168 74 143 219 101 205 71 160 31 8 101 60 17 217 46 152 101 204 125
137 25 1578 26 154 241 8 78 165 215 63 186 100 124 166 117 49 208 87 14 110 159 146 17 111 55 135 127 52 88 30 105 12 57 10 204 164 139 119 130 153 104 181 221 47 30 86 228 93 245 36 39 161
138 25 1320 148 45 95 27 97 182 56 153 146 164 115 99 27 53 17 9 106 122 89 33 44 188 161 73 123 38 218 67 125 156 229 123 200 73 149 96 201 151 19 115 100 197 67 18 7 124 42 98 59 35
139 25 1385 85 169 10 109 209 177 27 183 84 105 105 35 77 5 33 134 12 83 35 30 47 86 29 115 55 135 239 98 232 99 135 116 219 144 226 177 222 102 6 16 189 134 173 71 218 84 2 66 101 189
140 25 1284 94 16 143 178 156 93 110 104 77 77 22 120 3 99 43 154 60 49 112 25 239 45 197 12 12 33 116 15 48 17 203 141 32 198 18 37 140 79 92 18 6 165 139 160 163 31 215 24 129 176
141 25 1521 99 19 121 197 30 84 129 146 201 126 112 5 168 145 54 88 33 195 16 24 123 188 232 3 32 49 176 112 124 26 231 196 23 160 182 3 155 82 31 18 136 98 190 185 246 34 103 69 96 175
142 25 1556 59 97 13 179 107 140 240 30 166 20 178 140 230 9 42 36 92 174 104 127 122 167 18 8 63 152 162 33 199 37 193 45 47 155 225 153 245 65 234 12 184 111 51 15 121 92 1 112 16 56
143 25 1426 41 89 124 108 48 186 161 110 71 159 198 163 106 44 70 130 248 116 44 81 177 30 244 29 94 14 170 46 178 137 3 68 127 27 175 164 38 86 234 96 35 49 1 130 20 133 37 126 209 15
144 25 1711 55 52 143 151 168 114 48 95 201 153 164 179 131 192 205 94 179 40 130 177 76 180 177 55 211 83 237 37 142 103 93 43 45 45 112 58 95 58 10 97 221 191 229 115 245 72 37 3 69 62
145 25 1609 184 198 169 134 58 151 222 96 242 124 189 137 168 35 48 78 79 6 89 27 178 79 155 42 124 29 35 160 133 55 123 117 52 41 200 160 244 72 57 85 45 45 23 15 82 121 144 162 176 132
146 25 1499 189 5 213 145 97 138 75 83 199 108 187 21 24 141 214 73 52 157 246 58 43 43 205 166 59 86 136 52 47 163 35 187 117 97 134 165 184 160 149 82 17 88 55 42 28 68 217 79 76 162
147 25 1435 38 168 104 142 183 164 129 18 215 26 82 102 114 51 98 199 115 184 159 166 117 177 53 71 169 80 40 85 10 65 96 197 85 2 39 117 65 117 187 132 194 18 233 10 170 182 8 187 167 118
148 25 1518 2 86 45 4 56 65 133 198 199 144 164 146 40 198 49 78 117 16 97 153 172 131 92 64 59 128 131 78 81 66 74 34 173 188 118 122 188 11 238 34 150 85 234 180 101 99 176 55 147 117
149 25 1633 177 79 118 70 143 126 199 75 205 179 242 79 162 16 166 31 90 154 241 177 39 142 61 22 71 164 221 198 120 69 165 98 148 32 17 42 59 67 13 45 109 141 108 126 238 15 14 30 141 2
150 25 1661 72 4 175 44 169 47 92 88 216 156 38 15 139 56 106 47 223 123 209 119 183 2 27 158 12 116 75 175 48 115 178 21 120 54 66 188 201 57 166 164 215 182 152 20 87 148 194 111 159 13
151 25 1586 195 162 241 52 225 158 28 151 107 43 130 27 214 83 143 52 33 51 31 150 165 147 66 166 219 16 12 181 26 24 175 89 216 79 213 23 156 63 30 200 192 8 126 50 67 109 103 97 60 67
152 25 1926 193 93 184 160 161 101 123 192 76 146 168 164 211 96 128 186 202 42 117 101 233 174 164 11 26 182 119 28 178 80 246 72 222 179 84 183 230 106 126 107 54 143 73 166 89 50 203 92 242 69
153 25 1525 92 176 245 108 36 170 189 56 249 119 244 142 7 124 227 41 3 135 116 62 88 109 84 55 99 85 8 190 126 178 183 104 172 192 89 93 197 41 232 34 44 90 58 73 81 112 157 96 25 96
154 25 1635 206 8 150 6 243 59 247 20 39 32 23 112 173 164 105 7 12 45 209 43 31 105 82 140 227 62 203 135 210 128 80 17 187 131 192 169 1 130 200 25 41 175 190 197 33 151 142 194 45 24
155 25 1322 198 29 65 26 242 117 10 151 244 141 70 83 21 142 63 12 12 163 43 14 40 86 38 31 182 120 134 75 163 78 50 162 156 164 89 100 131 98 200 76 19 158 161 62 71 24 124 85 119 137
156 25 1709 126 154 76 7 87 147 90 14 12 169 163 173 127 27 164 126 9 161 177 134 151 48 94 163 159 166 136 184 4 72 228 159 247 136 246 94 125 111 107 195 123 181 221 199 96 9 207 25 243 107
157 25 1475 172 138 121 132 203 158 66 104 112 187 31 122 86 16 219 131 42 129 37 189 52 167 209 52 61 107 119 83 155 177 54 92 197 37 44 154 152 49 17 91 230 39 178 97 107 58 41 138 246 79
158 25 1480 189 162 89 42 124 145 4 42 229 8 68 132 101 166 119 196 170 72 195 188 214 126 176 41 172 35 100 112 95 142 164 159 181 155 134 77 111 28 6 120 45 187 221 163 7 166 34 131 12 21
159 25 1409 194 87 99 85 209 33 36 172 106 131 114 69 39 94 125 122 70 135 149 25 105 146 214 177 58 22 244 93 52 56 13 148 42 111 34 2 195 69 124 2 199 39 22 39 132 197 11 53 233 61
160 25 1456 230 89 56 145 115 65 116 159 9 70 114 22 117 107 132 200 109 179 70 34 80 19 172 2 107 155 100 169 59 32 38 121 137 84 135 4 152 95 212 71 60 85 139 167 217 190 27 195 209 60
161 25 1377 76 179 133 127 38 37 26 156 197 60 87 135 82 76 20 68 131 171 163 142 193 22 177 31 245 172 64 141 25 18 211 107 95 98 45 172 106 42 33 94 78 114 119 97 182 199 18 144 210 117
162 25 1702 221 43 205 17 214 70 159 98 247 126 5 22 8 200 244 15 143 128 9 72 242 29 168 175 80 187 220 24 99 186 94 193 192 110 158 112 68 56 58 95 14 62 17 73 213 110 88 157 239 196
163 25 1894 28 182 176 148 106 155 84 25 128 84 63 23 126 4 232 34 65 101 139 24 248 104 138 64 202 125 159 113 160 186 195 138 233 2 192 19 79 70 141 92 180 144 226 163 61 28 203 186 225 58
164 25 1605 23 38 35 177 112 200 235 27 111 72 21 98 107 122 240 175 161 28 242 54 7 136 231 71 48 161 183 87 182 58 125 67 134 38 66 120 16 26 241 88 224 147 162 65 223 13 77 53 5 80
165 25 1317 159 140 63 80 39 173 104 71 9 138 130 135 13 125 21 32 42 46 75 180 23 141 187 98 103 163 107 195 10 48 91 36 233 197 209 141 184 138 78 89 203 104 36 195 206 160 74 179 235 66
166 25 1517 15 82 119 30 183 127 76 92 175 134 33 162 168 29 222 60 114 110 87 2 42 110 149 89 115 161 214 193 95 80 60 178 200 41 62 176 116 3 52 101 137 16 218 167 37 127 180 48 166 81
167 25 1602 61 59 90 160 97 157 70 113 101 16 142 160 145 193 52 56 218 119 60 22 69 197 187 38 13 175 217 195 23 34 225 133 144 17 93 173 213 55 175 130 248 137 224 190 238 81 9 7 91 130
168 25 1846 177 39 168 167 3 93 133 147 117 68 22 151 111 190 195 53 114 109 207 138 89 104 224 64 245 114 47 154 172 187 235 48 127 153 14 129 247 48 176 63 67 49 163 178 190 7 232 103 218 41
169 25 1374 90 106 96 66 71 141 81 17 94 2 105 128 201 131 82 15 212 28 64 39 42 81 139 55 160 28 163 191 130 80 33 121 37 79 88 58 219 68 76 64 169 181 93 22 13 175 186 74 104 1
170 25 1831 212 196 231 150 202 90 177 166 133 58 96 15 229 134 145 116 193 63 86 169 128 156 51 21 77 163 247 12 139 52 215 52 97 45 52 200 187 130 116 71 90 163 85 118 46 130 235 39 194 120
171 25 1581 7 174 28 107 246 4 221 92 218 9 45 132 61 142 228 14 143 14 145 58 84 34 70 121 153 116 102 88 104 97 59 112 172 186 120 167 190 190 10 109 199 105 9 198 167 24 183 118 198 168
172 25 1846 202 167 240 6 234 193 195 139 90 4 150 111 191 171 30 82 211 39 11 143 31 121 140 148 194 182 232 61 129 199 214 47 89 170 83 31 114 171 222 169 23 183 160 143 243 103 152 85 113 97
173 25 1609 115 133 88 164 28 169 145 89 249 194 4 96 184 173 180 14 139 50 186 107 222 20 118 117 133 111 69 136 47 184 232 11 70 175 146 188 71 136 87 114 189 84 99 64 215 63 102 164 100 60
174 25 1331 238 71 178 54 103 90 124 188 186 7 72 198 127 191 22 130 195 9 18 110 99 153 209 162 17 173 15 31 222 175 20 142 2 173 146 43 96 85 3 56 227 29 48 151 128 195 162 197 6 160
175 25 1750 50 14 72 16 188 36 98 9 12 117 202 115 89 47 107 37 184 186 141 139 113 171 139 163 122 16 109 133 114 92 163 130 215 129 117 153 178 28 164 195 79 29 235 128 237 71 211 123 161 101
176 25 1488 87 183 189 1 4 156 9 138 170 24 32 32 5 98 162 124 192 103 16 136 31 96 72 158 132 145 120 106 207 21 44 140 109 144 195 117 54 83 186 28 216 19 134 113 209 115 222 61 180 159
177 25 1653 44 77 232 153 160 176 73 166 235 45 59 24 203 5 18 121 158 2 6 187 19 175 171 82 7 181 246 80 142 177 240 85 221 37 112 149 61 29 233 105 140 8 210 94 27 30 151 81 138 88
178 25 1544 99 64 210 130 120 90 27 151 183 5 40 119 209 112 106 73 212 16 151 44 71 190 203 30 135 130 161 136 60 148 75 58 136 140 132 77 68 32 110 173 73 78 181 187 35 53 248 153 44 25
179 25 1305 247 148 4 82 77 16 19 38 64 95 248 126 80 187 208 158 106 191 69 78 166 99 111 4 33 15 51 35 22 146 59 119 44 64 2 122 32 72 210 195 66 159 170 47 97 79 206 2 220 25
180 25 1375 132 87 23 194 40 157 158 42 94 32 138 154 50 33 20 53 4 1 24 65 145 41 123 66 187 119 247 194 171 166 18 104 54 140 93 49 154 134 142 135 86 105 164 40 161 114 113 75 210 3
181 25 1328 98 78 91 168 224 35 190 91 204 143 94 96 89 186 144 95 71 135 131 144 179 17 93 56 160 58 21 85 118 125 84 147 16 53 170 152 43 10 155 35 53 50 90 145 29 100 105 110 4 124
182 25 1612 116 111 46 50 130 170 185 126 87 188 245 38 182 6 45 18 108 146 243 99 141 162 209 121 212 165 80 129 121 83 104 87 96 49 88 125 119 175 153 105 14 199 95 145 55 191 112 64 238 5
183 25 1254 63 130 16 123 1 179 37 32 158 160 15 111 246 12 12 85 38 130 59 90 186 172 41 32 95 174 230 108 212 186 22 191 201 144 191 130 33 25 39 142 91 51 139 102 162 23 89 43 132 31
184 25 1495 79 5 171 12 173 67 36 102 76 47 87 148 39 189 93 30 20 177 56 58 120 96 209 8 197 22 183 137 115 16 17 93 220 37 106 92 53 41 145 29 239 183 78 28 222 170 109 193 147 14
185 25 1646 151 16 59 111 126 105 182 158 141 196 223 160 90 144 48 48 186 51 188 132 81 79 15 110 56 86 179 66 180 177 80 145 89 142 170 195 176 29 85 173 153 146 196 94 62 83 249 15 128 129
186 25 1627 179 187 184 166 65 51 195 194 229 27 138 67 120 9 11 145 237 48 220 189 245 34 84 38 45 119 183 95 83 10 24 13 48 9 230 13 110 124 58 188 152 95 7 22 103 19 168 91 137 79
187 25 1676 163 20 14 200 164 32 185 159 116 46 82 80 144 190 59 158 249 133 165 189 134 161 47 7 63 165 175 105 83 111 183 97 181 48 98 146 32 104 197 130 187 27 123 27 85 80 177 119 246 167
188 25 1190 155 106 13 111 120 78 187 24 112 98 8 60 30 5 157 125 136 39 81 135 20 169 211 42 195 147 223 174 168 170 190 122 25 5 84 146 21 121 47 20 78 56 1 34 12 27 52 7 54 71
189 25 1434 26 116 64 122 114 136 147 31 105 139 204 131 243 88 78 128 160 148 224 181 77 179 131 11 90 157 180 44 216 35 93 102 128 116 17 65 15 50 222 53 103 4 47 192 132 74 3 131 49 133
190 25 1276 208 127 13 118 68 172 49 61 139 135 227 81 138 56 98 54 72 62 53 193 166 8 199 164 101 132 37 104 62 137 88 121 63 3 131 174 38 93 162 72 121 44 11 26 91 65 148 5 69 42
191 25 1689 220 78 240 34 29 121 172 84 233 159 71 103 171 73 93 53 148 182 48 161 106 68 154 16 244 147 30 143 151 151 34 20 128 174 5 8 194 27 241 28 35 114 57 138 177 162 186 108 211 48
192 25 1440 13 78 102 81 223 150 112 65 200 62 249 71 42 174 176 49 67 54 40 47 90 5 179 98 92 55 59 29 114 69 77 179 30 59 221 29 70 38 130 184 138 150 25 11 175 29 132 116 125 171
193 25 1635 120 3 219 62 9 79 90 123 18 53 248 197 161 170 125 32 107 104 167 44 156 143 106 134 218 35 216 83 159 86 5 64 6 16 174 137 157 98 236 127 100 185 73 60 154 148 194 113 53 10
194 25 1345 208 160 153 114 144 120 200 9 4 160 146 108 23 104 75 47 240 84 94 27 110 94 161 132 55 116 231 148 130 186 108 88 195 62 3 38 54 198 86 163 46 194 138 99 20 184 38 103 29 164
195 25 1645 212 124 126 196 231 41 226 80 23 11 39 60 158 50 214 145 232 167 145 68 131 90 13 18 90 32 203 29 135 32 194 198 157 69 193 39 211 19 69 33 107 44 38 109 9 185 127 79 8 120
196 25 1803 21 175 159 105 228 87 39 111 182 36 217 50 31 8 62 151 126 95 181 184 90 19 192 49 205 134 225 185 142 82 154 115 7 114 169 184 152 57 146 133 44 62 184 176 245 126 248 89 157 82
197 25 1315 129 27 125 179 181 58 53 165 2 137 20 166 143 85 184 128 186 192 123 120 137 186 63 7 47 40 104 136 46 137 66 74 162 44 156 71 48 122 22 34 41 87 178 177 72 105 112 165 231 152
198 25 1631 215 183 216 173 80 105 128 117 3 165 184 26 178 129 32 200 226 153 72 12 196 160 189 22 134 46 86 98 74 116 99 40 201 66 62 32 21 192 23 108 183 148 235 161 31 36 188 36 207 101
199 25 1542 131 69 240 54 152 135 189 99 110 107 150 200 159 165 163 140 85 154 39 9 11 23 209 97 183 39 233 72 174 41 23 106 59 14 112 62 48 150 157 8 12 58 166 176 171 55 13 174 95 71
200 25 1445 135 67 179 83 201 170 65 25 45 56 47 53 16 10 164 178 59 65 190 167 73 101 75 188 26 45 38 18 241 161 104 58 39 87 210 60 1 34 205 108 132 107 224 191 170 153 234 42 18 158
201 25 1448 42 194 146 169 188 92 59 7 32 19 11 91 49 101 219 101 86 23 109 68 179 184 8 150 61 35 177 30 193 70 123 90 238 12 231 96 68 14 66 180 155 175 80 157 93 81 92 165 191 109
202 25 1633 45 176 169 146 61 131 130 39 10 172 234 61 247 145 93 145 64 7 210 94 213 136 175 171 28 105 162 194 95 73 40 120 241 135 232 121 117 172 182 38 181 165 51 80 59 43 26 22 201 137
203 25 1560 217 15 23 92 85 150 148 197 46 45 171 85 16 163 72 50 185 38 21 66 227 4 30 77 190 72 62 63 222 98 232 87 170 125 71 72 122 19 219 68 89 3 84 153 226 185 137 163 55 52
204 25 1875 140 160 133 66 246 74 187 107 87 161 205 170 247 126 144 69 149 117 190 67 185 30 170 120 83 147 154 169 160 60 73 51 20 5 168 165 129 157 174 167 217 180 236 115 85 54 97 174 72 81
205 25 1710 154 93 150 186 90 55 56 149 215 78 1 86 185 18 202 65 124 25 231 42 104 118 6 61 48 91 14 194 216 137 27 19 30 26 206 69 183 62 219 147 241 119 232 125 136 33 191 62 160 171
206 25 1396 53 165 90 11 25 137 103 90 133 68 77 109 39 56 186 146 224 118 209 92 14 50 160 47 226 97 132 67 110 193 189 13 7 29 175 182 17 179 171 199 48 97 57 188 102 193 34 27 212 92
207 25 1321 118 78 43 79 26 19 128 107 37 37 49 25 1 8 105 127 189 122 155 11 122 103 208 131 242 11 125 175 190 136 119 59 163 111 38 89 31 17 197 117 3 198 144 6 5 50 132 193 73 189
208 25 1606 5 195 193 62 225 84 99 11 164 86 179 72 199 91 211 139 222 177 37 40 82 34 135 139 138 135 22 182 57 10 187 51 204 150 77 40 76 77 50 139 63 78 163 13 20 123 203 91 202 139
209 25 1609 233 185 123 119 25 162 203 96 146 110 58 32 112 61 183 191 9 67 151 149 231 178 11 145 236 47 240 189 136 174 110 93 49 71 97 46 218 158 3 101 172 116 84 12 217 44 130 68 42 163
210 25 1420 97 55 157 198 242 106 188 180 143 63 156 152 7 6 74 4 1 92 61 106 192 182 73 177 45 139 70 175 8 164 137 107 220 195 154 161 50 193 92 142 158 147 164 152 119 117 52 62 180 59
211 25 1555 55 163 81 134 58 122 205 82 229 68 220 137 137 116 43 149 118 137 40 61 244 186 206 10 189 76 128 43 39 107 101 93 70 132 126 129 153 83 210 83 100 131 122 139 98 116 37 165 102 79
212 25 1734 126 148 214 83 207 105 108 34 97 46 243 47 90 114 230 68 142 182 203 17 201 85 88 141 182 103 30 199 56 58 124 53 23 106 209 177 15 195 225 60 239 122 101 104 151 168 145 185 19 99
213 25 1698 203 72 33 92 212 16 96 191 64 51 50 189 6 73 196 64 201 60 210 76 221 200 199 124 53 151 193 47 85 112 247 39 131 130 244 47 125 137 112 78 136 153 133 160 198 161 10 110 38 32
214 25 1613 59 136 5 12 186 150 160 173 11 107 145 137 143 140 85 119 76 99 246 164 153 128 123 152 178 83 63 137 170 97 245 157 103 56 193 152 118 167 162 124 177 158 69 98 99 140 223 149 35 136
215 25 1244 151 15 11 54 192 45 17 178 115 22 23 17 80 17 119 47 233 132 72 160 40 85 187 135 33 6 149 185 20 9 91 61 5 109 88 71 73 11 44 91 140 62 9 38 195 143 206 184 196 135
216 25 1611 172 130 6 184 115 11 182 101 132 142 91 42 197 199 31 169 223 193 214 164 83 76 224 22 120 68 131 75 201 176 211 172 157 118 8 21 180 89 22 61 233 164 4 81 34 1 87 77 165 102
217 25 1457 161 42 26 82 61 143 14 187 146 141 49 69 98 17 126 170 46 17 93 109 149 7 212 31 23 198 231 59 176 197 86 38 38 119 100 130 233 88 25 25 237 144 224 155 121 144 102 87 138 110
218 25 1512 37 96 124 67 68 21 150 179 146 198 41 131 38 78 51 137 59 85 177 186 160 163 181 83 219 151 178 70 88 116 232 74 213 155 43 131 75 94 161 172 143 151 154 30 28 54 169 138 89 95
219 25 1720 123 200 109 3 232 77 104 12 248 143 77 181 166 41 185 60 171 61 205 31 182 148 133 85 129 160 141 47 98 181 72 180 249 175 161 177 228 24 27 22 100 7 139 191 144 49 13 106 5 96
220 25 1553 140 4 78 126 83 140 216 179 39 196 122 160 225 20 234 188 149 13 11 127 184 113 133 23 55 178 123 119 127 14 81 194 198 15 16 193 171 13 14 80 138 36 227 136 178 89 12 12 153 194
221 25 1625 36 7 124 8 126 7 136 91 81 168 236 180 82 168 247 127 140 10 90 120 149 177 35 75 162 62 65 173 175 68 169 162 26 42 71 103 207 194 182 126 79 13 208 149 160 186 188 19 77 59
222 25 1637 217 104 243 193 17 157 109 140 83 126 210 95 102 51 215 54 23 199 33 99 230 95 208 128 206 143 67 74 169 126 92 124 18 136 41 176 245 182 9 120 5 23 71 77 244 94 175 76 242 6
223 25 1701 72 101 33 178 143 200 153 63 227 147 39 96 232 29 22 76 160 132 148 200 136 170 92 6 46 185 151 73 212 194 180 85 44 163 162 88 164 17 201 190 13 41 235 196 169 108 239 171 129 76
224 25 1766 240 172 34 138 156 84 62 167 178 191 103 123 55 17 111 18 33 113 209 147 3 196 242 173 153 165 202 94 235 182 219 27 104 164 158 190 127 26 169 67 228 141 172 44 101 141 115 52 124 119
225 25 1622 97 68 241 101 132 92 94 119 123 115 45 25 120 60 134 9 236 61 29 154 89 120 227 84 222 18 12 37 121 37 55 19 204 198 169 88 115 158 64 131 52 90 102 113 174 111 248 186 139 153
226 25 1595 224 160 30 110 232 199 223 170 219 161 76 37 117 73 57 104 164 171 61 179 153 114 118 155 226 193 217 25 29 57 127 4 8 113 50 156 37 71 74 198 248 162 214 171 19 69 236 191 31 14
227 25 1492 194 194 33 150 71 26 16 147 204 174 225 159 142 33 224 43 88 60 113 114 209 11 172 133 95 90 20 86 83 81 17 165 230 37 97 135 197 120 12 56 62 194 79 104 183 90 69 198 149 131
228 25 1455 125 72 213 119 212 182 104 83 166 84 150 182 115 138 126 11 72 131 136 179 44 131 209 199 15 99 169 13 149 49 187 20 161 155 31 44 111 16 11 146 17 195 206 70 71 30 43 103 67 172
229 25 1428 198 97 30 149 164 78 217 76 76 116 14 46 178 170 28 174 130 145 136 178 13 180 88 19 101 160 150 194 165 119 215 12 244 160 24 27 105 151 144 168 71 90 78 196 119 174 82 98 87 161
230 25 1390 35 157 62 197 158 107 61 26 21 174 45 166 36 174 241 112 131 194 157 150 79 39 170 175 60 144 106 57 182 68 144 38 81 90 97 87 202 75 9 177 219 75 112 192 217 173 124 110 31 124
231 25 1476 103 60 62 172 134 121 117 141 230 148 8 23 237 141 14 34 77 67 110 136 143 78 5 21 130 29 195 140 160 118 242 121 81 65 106 104 84 46 33 183 55 7 220 145 122 105 174 88 111 82
232 25 1581 193 124 38 13 153 167 59 92 178 76 135 100 159 2 5 162 185 50 96 67 106 104 238 151 75 194 126 164 7 36 147 101 9 135 64 63 203 72 55 32 200 91 131 158 244 87 171 80 186 168
233 25 1576 49 141 71 36 243 147 30 68 212 138 205 58 41 165 144 104 78 148 77 134 179 178 24 61 87 20 147 157 149 34 226 197 148 185 69 44 216 189 207 55 65 45 58 10 200 187 8 27 220 136
234 25 1696 6 95 199 43 214 95 99 165 29 27 13 55 74 49 25 168 164 163 174 21 158 90 215 117 150 117 53 9 145 174 46 50 218 44 242 182 191 43 248 19 119 10 175 192 209 151 11 24 216 87
235 25 1758 194 23 126 61 41 27 27 145 237 23 68 83 172 185 26 116 216 158 65 186 178 177 62 169 135 113 130 58 78 166 154 152 143 66 122 194 138 58 166 55 140 39 239 18 204 157 233 63 223 171
236 25 1458 190 99 182 9 135 196 40 95 75 157 248 76 51 13 69 72 8 158 132 173 12 173 111 3 140 117 11 175 179 33 95 171 234 28 29 168 24 170 212 100 78 161 178 78 175 148 152 82 156 135
237 25 1783 206 117 7 169 19 97 85 29 223 15 114 167 97 146 215 16 171 36 130 21 63 142 48 143 217 95 194 100 152 178 58 69 186 26 189 132 162 120 156 76 183 72 213 181 120 127 196 90 163 177
238 25 1549 160 27 219 9 119 137 56 164 36 7 93 93 127 129 170 166 212 131 135 118 107 169 191 19 151 110 97 96 202 11 125 61 40 143 22 158 129 77 174 66 118 111 12 46 130 27 210 111 63 79
239 25 1627 169 183 221 87 233 81 185 130 84 98 54 44 187 96 67 196 126 45 119 192 130 187 102 93 234 81 69 145 43 133 223 11 65 194 49 149 76 136 78 9 132 4 129 173 114 5 117 135 248 48
240 25 1601 71 49 90 56 181 10 201 176 94 175 36 160 70 187 158 97 22 186 7 154 219 13 172 47 185 137 203 153 221 150 103 143 150 92 49 31 54 151 156 147 227 143 157 197 229 166 145 50 3 102
241 25 1711 105 71 66 26 170 50 15 24 4 185 174 106 128 123 150 78 5 3 12 101 104 5 209 52 135 125 147 87 127 150 91 50 215 19 221 16 233 94 171 69 219 27 196 142 176 73 148 130 202 60
242 25 1573 180 156 66 189 159 52 115 55 38 43 56 179 144 122 199 66 187 81 160 58 101 178 236 97 21 163 121 21 94 173 32 73 230 199 13 38 229 45 174 200 18 67 74 66 33 10 248 44 219 198
243 25 1523 23 6 246 196 170 167 166 163 41 199 138 170 247 200 9 46 231 3 135 4 5 102 72 28 219 154 189 168 249 160 18 122 65 163 19 85 184 47 123 34 134 92 80 186 3 75 218 5 62 121
244 25 1494 161 113 44 138 34 48 177 103 248 38 220 21 102 135 139 38 167 124 37 90 7 22 33 186 9 135 13 76 192 24 198 2 138 42 23 41 118 126 238 7 47 9 210 31 247 198 150 21 36 39
245 25 1646 177 7 73 115 66 10 127 193 151 150 91 102 189 182 193 12 174 162 187 161 168 33 121 80 216 170 115 142 14 155 70 77 134 137 186 110 232 138 61 22 42 200 5 136 63 128 248 99 190 17
246 25 1789 83 113 246 50 132 124 116 23 237 120 142 109 99 76 247 186 137 78 74 100 151 115 155 2 213 84 49 63 226 68 138 115 147 69 91 112 141 79 32 134 87 132 159 136 117 98 163 192 197 16
247 25 1942 8 47 172 60 59 56 210 121 183 129 117 70 244 115 190 186 127 132 114 10 65 3 241 26 238 9 223 102 103 119 167 10 89 21 175 96 231 47 228 11 115 199 156 82 91 108 121 7 217 187
248 25 1833 109 9 112 98 119 86 199 121 104 68 81 120 56 103 246 3 183 44 32 44 211 82 149 92 221 192 249 91 148 67 127 6 227 41 203 195 26 53 66 82 220 198 53 27 200 199 181 85 144 112
249 25 1860 80 4 243 80 247 113 171 45 155 68 163 184 175 41 224 79 188 101 84 55 82 155 204 135 134 103 35 114 239 78 128 18 222 98 130 187 170 77 191 140 241 76 14 132 1 195 21 152 178 125
250 25 1248 35 32 78 171 67 182 55 31 71 85 110 90 70 81 239 149 117 11 27 160 100 68 187 65 101 38 59 173 141 88 97 25 22 176 48 188 107 154 218 29 38 177 121 59 10 161 158 76 221 136
251 25 1325 137 120 155 174 35 57 11 195 79 103 33 77 29 154 52 26 141 161 30 111 169 39 128 48 74 187 126 94 172 62 114 29 187 150 49 96 216 51 78 142 80 83 146 107 226 106 36 86 148 7
252 25 1631 176 161 184 124 84 172 199 177 93 12 92 73 249 43 158 147 239 175 98 68 216 79 151 13 35 78 220 23 15 68 81 190 128 14 13 111 185 63 189 29 125 181 2 73 223 11 21 161 87 168
253 25 1865 231 52 248 131 15 135 210 134 159 74 203 89 163 180 104 176 142 190 238 81 18 64 111 71 188 35 233 59 69 178 228 173 176 10 89 110 169 74 70 42 127 58 156 158 13 31 200 52 171 32
254 25 1712 21 36 94 92 174 78 226 182 25 197 59 104 119 86 63 109 247 33 232 116 224 8 225 130 18 187 62 117 138 84 98 59 70 191 152 43 229 176 197 125 136 100 95 172 113 153 195 135 212 152
255 25 1777 111 49 63 79 188 99 128 48 68 120 201 12 240 30 239 136 156 176 87 151 49 199 153 169 246 37 106 18 233 167 119 93 117 183 124 157 31 101 206 50 171 57 213 112 93 79 135 93 77 136
256 25 1406 98 145 181 136 50 148 218 169 18 63 187 50 36 195 183 86 151 84 58 7 197 169 96 199 219 138 27 104 133 54 39 82 150 121 67 152 220 35 20 39 49 158 138 34 3 122 119 103 156 129
257 25 1460 61 102 97 56 202 16 195 129 21 79 184 61 10 83 83 129 134 152 65 105 140 163 165 29 196 167 153 66 171 108 194 81 11 43 238 164 60 184 144 32 213 177 92 174 12 24 2 197 77 168
258 25 1551 2 68 30 68 196 77 184 150 243 6 7 88 186 169 32 125 183 43 58 176 124 122 5 165 16 140 49 64 66 117 217 133 246 184 181 75 167 130 19 174 239 56 159 59 190 135 132 43 171 6
259 25 1500 214 175 72 59 42 62 208 105 127 76 122 60 123 5 190 147 124 121 65 147 159 171 108 118 162 92 110 143 234 130 48 50 56 70 60 97 33 19 104 9 144 175 20 167 181 11 63 56 232 28
260 25 1809 3 190 100 112 109 161 103 119 155 89 55 90 156 176 149 104 58 168 207 66 161 183 236 179 214 96 92 169 129 71 223 169 170 186 229 132 241 49 186 181 240 70 117 18 9 124 35 168 242 198
261 25 1648 100 179 76 15 226 67 136 5 89 10 225 108 246 103 141 88 2 129 118 152 168 137 157 87 4 117 60 91 84 151 188 186 129 15 52 155 134 87 61 122 249 35 82 196 237 172 183 40 150 150
262 25 1356 91 120 36 197 56 39 14 167 31 149 18 168 86 198 83 38 204 16 176 14 39 76 48 70 121 137 92 153 226 93 102 167 12 139 165 169 130 180 136 10 229 53 230 166 2 64 155 106 231 31
263 25 1593 219 119 106 119 139 177 5 30 131 182 174 135 186 73 165 54 54 194 91 164 24 145 193 40 97 108 94 4 188 176 224 56 132 192 210 198 175 42 99 176 136 1 45 141 4 39 182 69 114 26
264 25 1604 113 103 224 20 249 127 7 176 101 165 109 144 10 170 242 185 112 73 135 139 105 122 41 100 212 45 240 95 215 153 21 178 8 44 108 123 6 183 73 22 92 66 181 161 209 117 183 151 213 38
265 25 1473 74 153 187 86 149 178 30 14 130 52 191 89 248 91 96 170 46 31 144 169 22 61 134 20 216 58 2 169 70 39 242 24 77 29 73 104 11 186 86 12 228 26 120 74 82 166 54 175 234 77
266 25 1517 86 35 60 7 51 19 8 21 190 199 62 114 77 41 186 133 201 23 220 164 52 95 225 71 120 58 188 23 133 74 70 60 113 26 10 31 185 132 71 183 244 186 160 136 221 144 88 45 13 51
267 25 997 198 107 127 120 27 35 10 1 19 133 2 38 242 16 15 104 96 199 35 118 32 130 53 193 165 125 86 104 21 100 7 18 106 83 40 184 49 137 139 33 240 28 26 155 92 31 152 41 16 70
268 25 1349 174 147 74 118 14 1 5 67 71 104 123 91 161 8 32 45 126 80 133 115 12 72 92 39 76 136 120 129 178 87 100 101 233 74 20 196 24 15 146 29 87 188 239 146 169 85 172 150 117 88
269 25 1709 111 40 231 52 17 116 221 146 45 7 195 47 189 168 16 187 193 141 1 91 219 139 180 10 235 149 146 58 198 15 147 111 204 29 12 71 97 34 66 91 40 110 138 30 230 153 218 174 70 16
270 25 1676 216 11 246 127 197 146 23 104 245 187 202 105 90 180 18 62 26 3 227 119 242 139 156 24 68 160 243 93 55 63 9 171 173 154 147 119 199 21 174 93 157 77 200 199 8 119 10 36 22 89
271 25 1507 154 115 177 9 38 146 218 33 125 95 46 47 219 51 245 189 99 116 214 194 24 190 195 24 49 13 234 184 34 124 189 1 100 97 140 95 67 122 84 93 68 30 39 86 30 185 224 181 2 139
272 25 1501 124 126 80 68 101 29 182 184 164 118 109 53 68 8 201 7 4 69 81 138 161 48 69 51 184 198 186 159 180 87 150 55 64 129 222 65 209 106 100 73 73 59 77 92 18 177 50 24 146 130
273 25 1677 63 6 130 31 209 63 228 44 173 110 182 174 164 198 153 38 114 11 243 165 85 117 125 111 158 145 40 9 118 85 189 80 92 68 60 50 232 89 45 6 148 79 180 162 28 34 49 41 146 93
274 25 1579 205 31 59 132 243 168 176 84 126 43 68 66 74 162 85 183 163 118 123 8 174 173 138 55 36 65 186 57 135 128 111 65 238 144 210 55 69 193 32 13 13 48 134 20 38 2 245 147 77 167
275 25 1493 234 131 152 200 20 87 156 4 16 69 121 53 12 82 159 183 126 192 145 90 91 33 115 75 154 55 128 198 101 104 14 137 86 167 186 107 205 144 212 122 62 34 176 23 5 93 228 152 82 118
276 25 1463 34 49 144 187 53 171 187 55 76 52 43 163 69 79 219 175 172 83 197 185 216 174 157 183 160 164 25 37 117 8 56 2 6 2 188 110 174 124 165 150 28 107 114 146 37 85 72 110 217 120
277 25 1730 144 34 94 53 216 3 18 90 241 34 198 48 135 105 199 174 215 173 150 179 224 177 187 137 124 174 123 145 89 65 29 173 10 181 88 112 50 30 104 133 229 101 67 183 52 92 247 74 227 99
278 25 1462 167 116 187 142 239 160 87 123 148 103 3 22 12 135 62 75 84 191 80 166 219 180 184 3 131 176 202 106 118 78 6 185 193 143 176 33 2 164 8 199 116 110 123 29 147 134 205 30 26 134
279 25 1738 98 96 216 31 198 98 158 1 104 26 179 159 162 23 153 87 108 154 53 67 155 20 78 77 249 124 62 55 204 37 89 53 182 54 183 181 1 41 232 106 218 12 167 179 86 69 67 145 75 19
280 25 1276 11 79 139 139 5 39 62 68 145 167 4 33 19 187 138 54 119 141 246 52 48 63 65 166 91 1 135 57 47 9 128 108 39 18 146 145 208 59 102 26 167 37 46 5 176 49 173 166 94 127
281 25 1704 66 108 41 81 248 93 117 157 90 75 236 49 113 153 144 9 162 104 170 163 81 86 51 77 140 177 77 165 244 123 243 9 180 135 190 178 30 156 36 121 233 21 219 47 225 14 56 36 17 27
282 25 1728 98 113 51 26 154 77 152 70 20 24 14 131 104 199 120 183 178 127 111 40 218 108 116 183 215 151 49 141 102 48 203 152 73 159 30 127 230 150 244 32 205 42 201 89 171 129 208 20 190 99
283 25 1880 239 97 214 171 63 116 69 103 20 69 158 71 93 66 201 19 197 152 21 40 183 75 235 116 103 113 223 174 104 74 112 102 132 64 157 153 117 26 221 74 96 113 241 98 232 87 101 4 229 183
284 25 1603 180 111 119 145 14 184 20 87 137 193 101 139 181 132 102 89 34 120 114 104 93 10 169 35 209 52 224 60 105 152 194 84 112 113 81 127 96 100 216 132 144 166 172 26 47 24 115 133 228 188
285 25 1552 38 189 206 74 100 159 47 59 163 50 102 49 212 116 231 190 111 80 5 95 75 72 218 100 219 43 114 53 186 194 40 25 84 148 183 106 91 71 146 195 71 109 60 51 101 73 232 5 69 156
286 25 1524 27 186 157 197 129 173 201 166 66 40 92 51 189 191 184 45 137 126 117 185 22 137 195 182 89 95 206 20 2 124 227 80 59 133 78 89 5 28 204 22 17 195 173 6 136 8 152 124 185 68
287 25 1472 110 157 56 57 140 94 201 95 65 2 220 191 81 30 25 60 169 132 37 172 53 154 19 177 111 56 136 64 231 21 131 191 27 38 247 18 181 149 214 147 103 33 137 135 62 163 45 132 144 81
288 25 1666 56 199 236 174 227 48 181 63 61 111 183 193 103 11 80 99 78 112 41 58 102 75 196 36 238 109 180 20 204 111 2 48 152 79 46 132 193 6 242 175 149 95 37 180 45 116 192 144 108 101
289 25 1153 145 32 197 33 21 107 62 90 210 124 66 164 22 67 144 19 150 86 24 192 88 100 104 134 165 45 28 172 45 74 55 143 8 25 201 72 13 147 82 176 70 1 71 88 152 158 12 45 171 85
290 25 1427 232 20 138 168 34 34 197 157 181 70 211 25 80 135 76 151 51 38 235 13 17 87 85 54 194 117 33 114 4 66 141 33 220 177 129 26 59 51 188 83 30 22 8 80 125 145 78 109 109 46
291 25 1438 95 193 52 182 238 168 14 3 171 80 37 64 164 156 42 93 233 50 243 172 32 72 244 40 153 120 134 30 78 93 28 174 79 107 25 198 223 177 121 104 116 86 117 123 29 59 58 78 151 179
292 25 1424 11 72 174 200 176 43 36 108 72 180 35 195 18 165 202 94 164 126 223 136 229 38 21 195 162 49 4 119 28 6 48 39 30 173 190 155 216 77 212 189 206 148 234 176 37 69 78 162 43 113
293 25 1618 40 80 86 136 144 86 91 62 14 147 11 154 126 84 195 82 151 172 246 39 79 43 124 154 109 162 225 36 73 17 214 49 85 152 142 23 105 138 238 68 191 165 51 185 147 153 156 142 193 87
294 25 1371 234 117 240 42 78 166 129 153 83 81 68 31 65 71 74 39 113 178 126 200 145 66 47 3 63 51 60 104 144 196 39 62 238 81 241 153 111 195 135 141 15 117 8 185 140 196 97 20 49 64
295 25 1483 241 15 213 143 27 13 103 80 158 200 18 19 87 150 210 140 111 56 24 103 170 143 60 155 82 8 1 51 81 199 167 71 115 181 216 141 245 170 120 103 19 90 223 108 91 182 97 153 88 72
296 25 1746 106 159 164 67 13 198 126 14 200 108 218 131 29 198 196 21 193 65 243 197 235 82 169 92 72 3 140 25 142 162 82 150 127 98 224 76 128 76 133 143 113 71 191 8 44 185 24 36 181 161
297 25 1376 119 1 154 92 153 94 18 194 155 99 146 133 49 158 209 24 137 84 108 79 226 71 200 18 130 145 104 54 136 166 100 87 19 91 91 62 159 187 68 9 132 1 9 191 11 84 27 44 92 5
298 25 1765 71 112 106 141 191 50 44 146 181 132 61 180 118 32 171 10 243 181 46 113 141 29 215 50 169 25 235 145 218 126 102 190 239 7 80 82 157 24 79 37 155 42 219 124 173 39 35 117 81 29
299 25 1588 61 109 143 112 130 117 47 176 186 74 27 126 213 84 155 96 242 30 174 80 136 115 148 11 87 38 146 104 160 128 32 71 38 177 134 67 245 82 93 181 6 71 108 170 204 64 165 197 96 138
